0.005999999999999712	-0.0001675096982799697
0.012179999999999873	-0.00016750167174983628
0.01854539999999994	-0.00016749363047134985
0.025101761999999805	-0.0001674852486982116
0.031854814860000004	-0.00016747650787413344
0.03881045930580001	-0.00016746738852908732
0.045974773084974135	-0.00016745786982610983
0.053354016277523196	-0.00016744792943791607
0.060954636765848814	-0.00016743754341041697
0.06878327586882431	-0.0001674266860119715
0.0767832758688245	-0.00016741541694051076
0.0847832758688247	-0.00016740396305250991
0.09278327586882489	-0.00016739232781166533
0.10078327586882509	-0.00016738050697677693
0.10878327586882527	-0.0001673684961655236
0.11678327586882548	-0.00016735629085697296
0.12478327586882566	-0.0001673438863856664
0.13278327586882585	-0.00016733127793612504
0.14078327586882605	-0.00016731846053629873
0.14878327586882625	-0.00016730542905130945
0.15678327586882645	-0.00016729217817681159
0.16478327586882663	-0.00016727870243188168
0.17278327586882683	-0.0001672649961514336
0.18078327586882703	-0.00016725105347872198
0.18878327586882723	-0.0001672368683571448
0.1967832758688274	-0.00016722243452160844
0.2047832758688276	-0.00016720774548970434
0.2127832758688278	-0.00016719279455194893
0.220783275868828	-0.0001671775747625981
0.22878327586882818	-0.00016716207892833159
0.23678327586882839	-0.0001671462995977897
0.2447832758688286	-0.00016713022905019543
0.25278327586882876	-0.00016711385928272116
0.260783275868829	-0.00016709718199800396
0.26878327586882916	-0.00016708018859058795
0.27678327586882934	-0.00016706287013256983
0.28478327586882957	-0.00016704521735865521
0.29278327586882974	-0.0001670272206502815
0.30078327586882997	-0.00016700887001877389
0.30878327586883014	-0.00016699015508765244
0.3167832758688303	-0.00016697106507396846
0.32478327586883055	-0.0001669515887682851
0.3327832758688307	-0.00016693171451363377
0.3407832758688309	-0.00016691143018348785
0.3487832758688311	-0.0001668907231578824
0.3567832758688313	-0.0001668695802985544
0.3647832758688315	-0.00016684798792222102
0.3727832758688317	-0.00016682593177223104
0.38078327586883187	-0.00016680339698881607
0.3887832758688321	-0.00016678036807688375
0.3967832758688323	-0.00016675682887195363
0.40478327586883245	-0.00016673276250409218
0.4127832758688327	-0.00016670815135922718
0.42078327586883285	-0.0001666829770376217
0.4287832758688331	-0.00016665722031006738
0.43678327586883325	-0.0001666308610707694
0.4447832758688334	-0.00016660387828655818
0.45278327586883366	-0.0001665762499432392
0.46078327586883383	-0.00016654795298742459
0.468783275868834	-0.00016651896326433122
0.47678327586883423	-0.00016648925545098155
0.4847832758688344	-0.00016645880298401822
0.49278327586883464	-0.00016642757798227345
0.5007832758688348	-0.00016639555116298231
0.508783275868835	-0.00016636269175106857
0.5167832758688352	-0.00016632896738140207
0.5247832758688354	-0.00016629434399204128
0.5327832758688356	-0.0001662587857089898
0.5407832758688358	-0.00016622225472007622
0.548783275868836	-0.00016618471113774469
0.5567832758688361	-0.00016614611284840628
0.5647832758688364	-0.000166106415347754
0.5727832758688366	-0.00016606557155929942
0.5807832758688367	-0.00016602353163409187
0.5887832758688369	-0.00016598024272921057
0.5967832758688372	-0.000165935648761826
0.6047832758688373	-0.00016588969013482481
0.6127832758688375	-0.0001658423034298307
0.6207832758688377	-0.00016579342106248662
0.6287832758688379	-0.0001657429708931737
0.6367832758688381	-0.00016569087578601768
0.6447832758688383	-0.0001656370531064081
0.6527832758688386	-0.00016558141414609823
0.6607832758688387	-0.0001655238634621244
0.6687832758688389	-0.0001654642981123343
0.6767832758688391	-0.00016540260676775167
0.6847832758688392	-0.0001653386686758398
0.6927832758688395	-0.00016527235244359913
0.7007832758688397	-0.00016520351460314688
0.7087832758688398	-0.00016513199791068188
0.71678327586884	-0.00016505762932226094
0.7247832758688403	-0.00016498021757174888
0.7327832758688404	-0.00016489955026243193
0.7407832758688406	-0.00016481539035887883
0.7487832758688409	-0.00016472747194011978
0.756783275868841	-0.0001646354950408053
0.7647832758688412	-0.00016453911936218193
0.7727832758688414	-0.00016443795658416225
0.7807832758688417	-0.0001643315609410748
0.7887832758688418	-0.00016421941763850823
0.796783275868842	-0.00016410092858744316
0.8047832758688422	-0.00016397539479537292
0.8127832758688424	-0.000163841994596853
0.8207832758688426	-0.00016369975669388
0.8287832758688428	-0.0001635475267266395
0.8367832758688429	-0.0001633839257739114
0.8447832758688432	-0.00016320729878505373
0.8527832758688434	-0.00016301565045554085
0.8607832758688435	-0.00016280656544346954
0.8687832758688437	-0.00016257710907134133
0.876783275868844	-0.00016232370372459793
0.8847832758688441	-0.0001620419750182356
0.8927832758688443	-0.00016172656040589603
0.9007832758688445	-0.0001613708712177944
0.9087832758688448	-0.00016096679708021467
0.9167832758688449	-0.00016050433924927782
0.9247832758688451	-0.00015997115654946395
0.9327832758688454	-0.00015935200432137697
0.9407832758688455	-0.00015862804306861984
0.9487832758688457	-0.0001577759894140154
0.9567832758688462	-0.0001567670776806568
0.9647832758688463	-0.00015556579616659698
0.9727832758688465	-0.00015412835842753785
0.9807832758688467	-0.0001524008672854576
0.9887832758688468	-0.00015031712883052095
0.9967832758688471	-0.0001477960767424424
1.0047832758688473	-0.00014473877565961292
1.0127832758688475	-0.00014102498840329507
1.0207832758688478	-0.00013650931839103082
1.0287832758688478	-0.00013101697859698857
1.036783275868848	-0.00012433929473543352
1.0447832758688482	-0.00011622912474325892
1.0527832758688485	-0.00010639646857347424
1.0607832758688487	-9.450464725010008e-5
1.068783275868849	-8.016753768617082e-5
1.076783275868849	-6.294844220050556e-5
1.0847832758688492	-4.236122374398135e-5
1.0927832758688494	-1.787431905956421e-5
1.1007832758688496	1.1081877668411224e-5
1.1087832758688498	4.5104008963683e-5
1.11678327586885	8.48012357042489e-5
1.1247832758688503	0.00013077776705827697
1.1327832758688503	0.00018361347670431307
1.1407832758688505	0.00024384405905960435
1.1487832758688508	0.0003119424422243852
1.156783275868851	0.000388303216288699
1.1647832758688512	0.00047323163431263536
1.1727832758688514	0.00056693833197684
1.1795874569016382	0.0006536365245799436
1.186391637934426	0.0007467936713505785
1.1931958189672127	0.0008463924887282001
1.1965979094836063	0.0008985939491953494
1.1982989547418035	0.0009252918699291508
1.1999999999999997	0.0009523862619505286
