0.005999999999999712	-0.00015448900541705662
0.012179999999999873	-0.00015448486278582809
0.01854539999999994	-0.00015448103292923048
0.025101761999999805	-0.00015447704089901617
0.031854814860000004	-0.00015447287698395484
0.03881045930580001	-0.00015446853168100302
0.045974773084974135	-0.00015446399480028493
0.053354016277523196	-0.00015445925539829222
0.060954636765848814	-0.0001544543017054525
0.06878327586882431	-0.00015444912104578242
0.0767832758688245	-0.00015444374065012571
0.0847832758688247	-0.00015443826700526893
0.09278327586882489	-0.00015443270374075399
0.10078327586882509	-0.00015442704851422235
0.10878327586882527	-0.00015442129889303523
0.11678327586882548	-0.00015441545236070998
0.12478327586882566	-0.00015440950631337463
0.13278327586882585	-0.000154403458055915
0.14078327586882605	-0.00015439730479786847
0.14878327586882625	-0.00015439104364938023
0.15678327586882645	-0.00015438467161648192
0.16478327586882663	-0.00015437818559655943
0.17278327586882683	-0.0001543715823734816
0.18078327586882703	-0.00015436485861239675
0.18878327586882723	-0.00015435801085429064
0.1967832758688274	-0.00015435103551007028
0.2047832758688276	-0.00015434392885487928
0.2127832758688278	-0.00015433668702119564
0.220783275868828	-0.0001543293059925659
0.22878327586882818	-0.00015432178159619113
0.23678327586882839	-0.00015431410949536735
0.2447832758688286	-0.00015430628518160072
0.25278327586882876	-0.0001542983039661905
0.260783275868829	-0.00015429016097119835
0.26878327586882916	-0.0001542818511200268
0.27678327586882934	-0.0001542733691272969
0.28478327586882957	-0.00015426470948836488
0.29278327586882974	-0.00015425586646788662
0.30078327586882997	-0.00015424683408777584
0.30878327586883014	-0.00015423760611468827
0.3167832758688303	-0.00015422817604618752
0.32478327586883055	-0.00015421853709646837
0.3327832758688307	-0.00015420868218107587
0.3407832758688309	-0.00015419860390050187
0.3487832758688311	-0.00015418829452264407
0.3567832758688313	-0.00015417774596448704
0.3647832758688315	-0.00015416694977208697
0.3727832758688317	-0.00015415589709953052
0.38078327586883187	-0.000154144578686128
0.3887832758688321	-0.0001541329848325126
0.3967832758688323	-0.0001541211053744475
0.40478327586883245	-0.0001541089296554105
0.4127832758688327	-0.00015409644649649562
0.42078327586883285	-0.00015408364416489662
0.4287832758688331	-0.00015407051033949494
0.43678327586883325	-0.00015405703207400375
0.4447832758688334	-0.00015404319575770638
0.45278327586883366	-0.00015402898707253044
0.46078327586883383	-0.00015401439094744085
0.468783275868834	-0.00015399939150882952
0.47678327586883423	-0.00015398397202731905
0.4847832758688344	-0.00015396811485979698
0.49278327586883464	-0.00015395180138741847
0.5007832758688348	-0.0001539350119476591
0.508783275868835	-0.00015391772576153013
0.5167832758688352	-0.00015389992085384244
0.5247832758688354	-0.00015388157396709084
0.5327832758688356	-0.0001538626604675606
0.5407832758688358	-0.00015384315424308773
0.548783275868836	-0.00015382302759154798
0.5567832758688361	-0.00015380225109921832
0.5647832758688364	-0.000153780793507509
0.5727832758688366	-0.00015375862156705888
0.5807832758688367	-0.00015373569987761114
0.5887832758688369	-0.0001537119907120387
0.5967832758688372	-0.00015368745382243081
0.6047832758688373	-0.00015366204622615354
0.6127832758688375	-0.0001536357219691176
0.6207832758688377	-0.0001536084318636991
0.6287832758688379	-0.0001535801231969551
0.6367832758688381	-0.00015355073940630592
0.6447832758688383	-0.00015352021971660362
0.6527832758688386	-0.00015348849873374546
0.6607832758688387	-0.00015345550598829216
0.6687832758688389	-0.0001534211654203786
0.6767832758688391	-0.00015338539479749927
0.6847832758688392	-0.0001533481050526857
0.6927832758688395	-0.00015330919953092883
0.7007832758688397	-0.00015326857312575914
0.7087832758688398	-0.00015322611128756056
0.71678327586884	-0.00015318168887823138
0.7247832758688403	-0.00015313516884340957
0.7327832758688404	-0.0001530864006653935
0.7407832758688406	-0.00015303521855231263
0.7487832758688409	-0.00015298143930852657
0.756783275868841	-0.00015292485981821766
0.7647832758688412	-0.0001528652540575857
0.7727832758688414	-0.00015280236953064602
0.7807832758688417	-0.00015273592299844797
0.7887832758688418	-0.00015266559533754423
0.796783275868842	-0.00015259102532495347
0.8047832758688422	-0.00015251180209281654
0.8127832758688424	-0.00015242745593405
0.8207832758688426	-0.0001523374470557714
0.8287832758688428	-0.00015224115177623075
0.8367832758688429	-0.00015213784553157523
0.8447832758688432	-0.00015202668189336367
0.8527832758688434	-0.000151906666595764
0.8607832758688435	-0.00015177662531096642
0.8687832758688437	-0.0001516351635902525
0.876783275868844	-0.00015148061698283283
0.8847832758688441	-0.000151310988840773
0.8927832758688443	-0.0001511238726923755
0.9007832758688445	-0.00015091635528912843
0.9087832758688448	-0.0001506848954771722
0.9167832758688449	-0.0001504251728749256
0.9247832758688451	-0.0001501318989218271
0.9327832758688454	-0.00014979858116024848
0.9407832758688455	-0.00014941722959895174
0.9487832758688457	-0.00014897799166063247
0.9567832758688462	-0.00014846869955332642
0.9647832758688463	-0.00014787431097953042
0.9727832758688465	-0.00014717622104025912
0.9807832758688467	-0.00014635142024990998
0.9887832758688468	-0.0001453714711719578
0.9967832758688471	-0.00014420127497458436
1.0047832758688473	-0.00014279760018273457
1.0127832758688475	-0.00014110735048067
1.0207832758688478	-0.00013906555850269267
1.0287832758688478	-0.0001365931105558495
1.036783275868848	-0.000133594235934937
1.0447832758688482	-0.000129953836720976
1.0527832758688485	-0.00012553479173379255
1.0607832758688487	-0.00012017544163562092
1.068783275868849	-0.00011368754715034323
1.076783275868849	-0.00010585509899252598
1.0847832758688492	-9.643442842860533e-5
1.0927832758688494	-8.51560951889573e-5
1.1007832758688496	-7.172898305647368e-5
1.1087832758688498	-5.5846883528527135e-5
1.11678327586885	-3.7197579642730864e-5
1.1247832758688503	-1.5474069121868542e-5
1.1327832758688503	9.612860090891194e-6
1.1407832758688505	3.832188208726699e-5
1.1487832758688508	7.086965324285186e-5
1.156783275868851	0.000107422085108433
1.1647832758688512	0.00014808965041233923
1.1727832758688514	0.0001929275794505341
1.1795874569016382	0.00023435084659772736
1.186391637934426	0.0002787754656875137
1.1931958189672127	0.00032616722343775315
1.1965979094836063	0.0003509647032708311
1.1982989547418035	0.0003636362817077956
1.1999999999999997	0.000376487931793149
