0.005999999999999712	-0.00015615100650540948
0.012179999999999873	-0.0001561467715824999
0.01854539999999994	-0.0001561428337290191
0.025101761999999805	-0.0001561387287114523
0.031854814860000004	-0.00015613444657258232
0.03881045930580001	-0.0001561299775036443
0.045974773084974135	-0.00015612531098594133
0.053354016277523196	-0.0001561204357221023
0.060954636765848814	-0.00015611533956133754
0.06878327586882431	-0.000156110009416398
0.0767832758688245	-0.00015610447330563875
0.0847832758688247	-0.00015609884085416822
0.09278327586882489	-0.00015609311566275558
0.10078327586882509	-0.00015608729531351988
0.10878327586882527	-0.00015608137729599577
0.11678327586882548	-0.00015607535901338623
0.12478327586882566	-0.00015606923777849703
0.13278327586882585	-0.0001560630108101271
0.14078327586882605	-0.00015605667522860712
0.14878327586882625	-0.00015605022805174985
0.15678327586882645	-0.00015604366619001136
0.16478327586882663	-0.0001560369864418449
0.17278327586882683	-0.00015603018548867307
0.18078327586882703	-0.00015602325988935394
0.18878327586882723	-0.00015601620607492007
0.1967832758688274	-0.00015600902034247047
0.2047832758688276	-0.00015600169884876587
0.2127832758688278	-0.00015599423760419032
0.220783275868828	-0.00015598663246525432
0.22878327586882818	-0.00015597887912761538
0.23678327586882839	-0.00015597097311819292
0.2447832758688286	-0.00015596290978700964
0.25278327586882876	-0.00015595468429858997
0.260783275868829	-0.00015594629162272146
0.26878327586882916	-0.0001559377265247768
0.27678327586882934	-0.00015592898355530234
0.28478327586882957	-0.00015592005703952654
0.29278327586882974	-0.00015591094106511179
0.30078327586882997	-0.0001559016294704629
0.30878327586883014	-0.00015589211583141963
0.3167832758688303	-0.00015588239344746025
0.32478327586883055	-0.00015587245532679492
0.3327832758688307	-0.0001558622941709263
0.3407832758688309	-0.00015585190235773759
0.3487832758688311	-0.00015584127192387032
0.3567832758688313	-0.0001558303945454562
0.3647832758688315	-0.0001558192615183505
0.3727832758688317	-0.00015580786373607363
0.38078327586883187	-0.00015579619166690648
0.3887832758688321	-0.0001557842353292016
0.3967832758688323	-0.00015577198426497405
0.40478327586883245	-0.00015575942751160755
0.4127832758688327	-0.00015574655357159233
0.42078327586883285	-0.00015573335038007196
0.4287832758688331	-0.00015571980526982488
0.43678327586883325	-0.00015570590493408208
0.4447832758688334	-0.00015569163538591268
0.45278327586883366	-0.00015567698191536574
0.46078327586883383	-0.0001556619290422737
0.468783275868834	-0.00015564646046657064
0.47678327586883423	-0.0001556305590135807
0.4847832758688344	-0.00015561420657549487
0.49278327586883464	-0.0001555973840483599
0.5007832758688348	-0.00015558007126308216
0.508783275868835	-0.00015556224691126407
0.5167832758688352	-0.000155543888464846
0.5247832758688354	-0.00015552497208837012
0.5327832758688356	-0.00015550547254365087
0.5407832758688358	-0.00015548536308656414
0.548783275868836	-0.00015546461535368577
0.5567832758688361	-0.0001554431992390767
0.5647832758688364	-0.00015542108275919635
0.5727832758688366	-0.0001553982319053556
0.5807832758688367	-0.00015537461048117137
0.5887832758688369	-0.0001553501799245093
0.5967832758688372	-0.00015532489911099457
0.6047832758688373	-0.00015529872413740223
0.6127832758688375	-0.0001552716080817835
0.6207832758688377	-0.0001552435007377075
0.6287832758688379	-0.00015521434831900722
0.6367832758688381	-0.00015518409313043798
0.6447832758688383	-0.0001551526731998954
0.6527832758688386	-0.00015512002186602027
0.6607832758688387	-0.00015508606731476658
0.6687832758688389	-0.0001550507320559424
0.6767832758688391	-0.00015501393233114695
0.6847832758688392	-0.00015497557744012413
0.6927832758688395	-0.00015493556897284375
0.7007832758688397	-0.00015489379992871197
0.7087832758688398	-0.00015485015370358642
0.71678327586884	-0.00015480450291835025
0.7247832758688403	-0.00015475670805865105
0.7327832758688404	-0.0001547066158877899
0.7407832758688406	-0.0001546540575861774
0.7487832758688409	-0.0001545988465592346
0.756783275868841	-0.0001545407758431123
0.7647832758688412	-0.00015447961501923021
0.7727832758688414	-0.00015441510652709306
0.7807832758688417	-0.00015434696123898275
0.7887832758688418	-0.00015427485312360004
0.796783275868842	-0.0001541984127851581
0.8047832758688422	-0.00015411721960825725
0.8127832758688424	-0.0001540307921709408
0.8207832758688426	-0.0001539385765032682
0.8287832758688428	-0.00015383993165794932
0.8367832758688429	-0.0001537341119245288
0.8447832758688432	-0.0001536202448456012
0.8527832758688434	-0.00015349730397613173
0.8607832758688435	-0.000153364075056625
0.8687832758688437	-0.00015321911392686578
0.876783275868844	-0.00015306069408276956
0.8847832758688441	-0.00015288674124399064
0.8927832758688443	-0.0001526947516386704
0.9007832758688445	-0.00015248168989171626
0.9087832758688448	-0.00015224386139235725
0.9167832758688449	-0.00015197675278234363
0.9247832758688451	-0.0001516748327072584
0.9327832758688454	-0.00015133130317379227
0.9407832758688455	-0.0001509377897255129
0.9487832758688457	-0.00015048395616916346
0.9567832758688462	-0.00014995702676661837
0.9647832758688463	-0.00014934119571044922
0.9727832758688465	-0.00014861690046481286
0.9807832758688467	-0.0001477599324333037
0.9887832758688468	-0.0001467403558562481
0.9967832758688471	-0.00014552120452914982
1.0047832758688473	-0.00014405692691772182
1.0127832758688475	-0.00014229155499624637
1.0207832758688478	-0.0001401565826548414
1.0287832758688478	-0.00013756855832306863
1.036783275868848	-0.00013442642646004806
1.0447832758688482	-0.00013060869667706038
1.0527832758688485	-0.00012597057961274415
1.0607832758688487	-0.00012034130526051242
1.068783275868849	-0.00011352192821742755
1.076783275868849	-0.00010528401493811362
1.0847832758688492	-9.536968197434913e-5
1.0927832758688494	-8.349348424642195e-5
1.1007832758688496	-6.934660594157338e-5
1.1087832758688498	-5.260365327778708e-5
1.11678327586885	-3.293207256456058e-5
1.1247832758688503	-1.0003832427476256e-5
1.1327832758688503	1.649143184985491e-5
1.1407832758688505	4.68330231877609e-5
1.1487832758688508	8.125702246954239e-5
1.156783275868851	0.00011994690306653947
1.1647832758688512	0.0001630282591105181
1.1727832758688514	0.00021056856074605455
1.1795874569016382	0.0002545242343253503
1.186391637934426	0.00030170049416031387
1.1931958189672127	0.00035206534149556396
1.1965979094836063	0.0003784326476079092
1.1982989547418035	0.00039191000810031543
1.1999999999999997	0.0004055814106860473
