0.005999999999999712	-0.00016792355796628176
0.012179999999999873	-0.00016791191693523426
0.01854539999999994	-0.00016790007807257303
0.025101761999999805	-0.0001678877472476534
0.031854814860000004	-0.00016787489861899704
0.03881045930580001	-0.00016786150488271885
0.045974773084974135	-0.0001678475368780716
0.053354016277523196	-0.0001678329634251407
0.060954636765848814	-0.00016781775114708343
0.06878327586882431	-0.00016780186427221624
0.0767832758688245	-0.0001677853929802289
0.0847832758688247	-0.00016776867178336212
0.09278327586882489	-0.0001677517039776519
0.10078327586882509	-0.0001677344841790446
0.10878327586882527	-0.0001677170068378852
0.11678327586882548	-0.0001676992662401661
0.12478327586882566	-0.00016768125650138104
0.13278327586882585	-0.00016766297155953585
0.14078327586882605	-0.00016764440516824276
0.14878327586882625	-0.00016762555088931577
0.15678327586882645	-0.00016760640208535687
0.16478327586882663	-0.00016758695191163015
0.17278327586882683	-0.00016756719330752258
0.18078327586882703	-0.0001675471189882211
0.18878327586882723	-0.0001675267214349531
0.1967832758688274	-0.0001675059928861251
0.2047832758688276	-0.0001674849253264226
0.2127832758688278	-0.00016746351047681462
0.220783275868828	-0.00016744173978325893
0.22878327586882818	-0.00016741960440496667
0.23678327586882839	-0.0001673970952022222
0.2447832758688286	-0.0001673742027236253
0.25278327586882876	-0.00016735091719218185
0.260783275868829	-0.00016732722849138924
0.26878327586882916	-0.00016730312615017754
0.27678327586882934	-0.00016727859932698057
0.28478327586882957	-0.0001672536367931034
0.29278327586882974	-0.00016722822691535562
0.30078327586882997	-0.00016720235763719934
0.30878327586883014	-0.00016717601645955868
0.3167832758688303	-0.00016714919041995287
0.32478327586883055	-0.00016712186607075767
0.3327832758688307	-0.00016709402945616904
0.3407832758688309	-0.0001670656660877943
0.3487832758688311	-0.0001670367609187956
0.3567832758688313	-0.00016700729831669036
0.3647832758688315	-0.0001669772620341673
0.3727832758688317	-0.00016694663517846016
0.38078327586883187	-0.0001669154001785907
0.3887832758688321	-0.00016688353875067
0.3967832758688323	-0.00016685103186115055
0.40478327586883245	-0.00016681785968745915
0.4127832758688327	-0.0001667840015760366
0.42078327586883285	-0.00016674943599780532
0.4287832758688331	-0.00016671414050068657
0.43678327586883325	-0.00016667809165826205
0.4447832758688334	-0.0001666412650155243
0.45278327586883366	-0.0001666036350307775
0.46078327586883383	-0.0001665651750123128
0.468783275868834	-0.0001665258570515509
0.47678327586883423	-0.00016648565195034263
0.4847832758688344	-0.00016644452914319171
0.49278327586883464	-0.0001664024566123953
0.5007832758688348	-0.00016635940079691062
0.508783275868835	-0.0001663153264934979
0.5167832758688352	-0.00016627019674834897
0.5247832758688354	-0.00016622397274056327
0.5327832758688356	-0.0001661766136529978
0.5407832758688358	-0.00016612807653196372
0.548783275868836	-0.00016607831613239438
0.5567832758688361	-0.00016602728474726815
0.5647832758688364	-0.00016597493201793082
0.5727832758688366	-0.00016592120472452794
0.5807832758688367	-0.00016586604655061316
0.5887832758688369	-0.0001658093978201945
0.5967832758688372	-0.00016575119520109154
0.6047832758688373	-0.0001656913713695578
0.6127832758688375	-0.0001656298546285528
0.6207832758688377	-0.00016556656847190564
0.6287832758688379	-0.00016550143108392997
0.6367832758688381	-0.00016543435476119585
0.6447832758688383	-0.00016536524524298635
0.6527832758688386	-0.00016529400092981018
0.6607832758688387	-0.00016522051196883665
0.6687832758688389	-0.00016514465917735795
0.6767832758688391	-0.00016506631277024835
0.6847832758688392	-0.000164985330849239
0.6927832758688395	-0.0001649015576019447
0.7007832758688397	-0.00016481482114658418
0.7087832758688398	-0.0001647249309431604
0.71678327586884	-0.00016463167467379623
0.7247832758688403	-0.00016453481447149755
0.7327832758688404	-0.0001644340823477631
0.7407832758688406	-0.00016432917463466207
0.7487832758688409	-0.00016421974521377977
0.756783275868841	-0.0001641053972478099
0.7647832758688412	-0.00016398567306634987
0.7727832758688414	-0.00016386004177027034
0.7807832758688417	-0.00016372788401948125
0.7887832758688418	-0.0001635884733374595
0.796783275868842	-0.00016344095310946762
0.8047832758688422	-0.00016328430825331177
0.8127832758688424	-0.00016311733030139925
0.8207832758688426	-0.00016293857433197806
0.8287832758688428	-0.00016274630581917504
0.8367832758688429	-0.0001625384350187375
0.8447832758688432	-0.00016231243595012882
0.8527832758688434	-0.0001620652463535711
0.8607832758688435	-0.00016179314417194907
0.8687832758688437	-0.00016149159509781748
0.876783275868844	-0.0001611550645063856
0.8847832758688441	-0.00016077678563185144
0.8927832758688443	-0.00016034847409747413
0.9007832758688445	-0.0001598599768490503
0.9087832758688448	-0.0001592988411360787
0.9167832758688449	-0.00015864978641845937
0.9247832758688451	-0.00015789405896069822
0.9327832758688454	-0.00015700864544423
0.9407832758688455	-0.00015596531829165338
0.9487832758688457	-0.00015472948171409674
0.9567832758688462	-0.00015325878406263283
0.9647832758688463	-0.0001515014593077686
0.9727832758688465	-0.00014939435901590578
0.9807832758688467	-0.0001468606369103717
0.9887832758688468	-0.00014380705217218107
0.9967832758688471	-0.00014012086659487014
1.0047832758688473	-0.00013566632645508887
1.0127832758688475	-0.00013028074473644507
1.0207832758688478	-0.0001237702355081679
1.0287832758688478	-0.00011590520194877049
1.036783275868848	-0.00010641574396214496
1.0447832758688482	-9.498723002175624e-5
1.0527832758688485	-8.125636721501702e-5
1.0607832758688487	-6.480819559501152e-5
1.068783275868849	-4.517451462855783e-5
1.076783275868849	-2.1834301903795642e-5
1.0847832758688492	5.783315891456518e-6
1.0927832758688494	3.82930564495305e-5
1.1007832758688496	7.634412879079796e-5
1.1087832758688498	0.0001206074965350432
1.11678327586885	0.00017176008122640583
1.1247832758688503	0.00023046663776355765
1.1327832758688503	0.0002973604271966281
1.1407832758688505	0.00037302411512613097
1.1487832758688508	0.0004579724665822713
1.156783275868851	0.0005526383455574173
1.1647832758688512	0.000657363254895196
1.1727832758688514	0.000772393211006851
1.1795874569016382	0.000878454961515205
1.186391637934426	0.0009921263928989094
1.1931958189672127	0.0011134098532448557
1.1965979094836063	0.0011768976591902795
1.1982989547418035	0.0012093506260305832
1.1999999999999997	0.0012422751244239541
