0.005999999999999712	-0.00016780140163473128
0.012179999999999873	-0.00016779177923361094
0.01854539999999994	-0.00016778205591931345
0.025101761999999805	-0.00016777192446604467
0.031854814860000004	-0.00016776136304025757
0.03881045930580001	-0.00016775034863293446
0.045974773084974135	-0.00016773885664413268
0.053354016277523196	-0.0001677268607416214
0.060954636765848814	-0.0001677143327050761
0.06878327586882431	-0.00016770124225374376
0.0767832758688245	-0.00016768766251774444
0.0847832758688247	-0.0001676738680947307
0.09278327586882489	-0.00016765986237578473
0.10078327586882509	-0.00016764564058287931
0.10878327586882527	-0.00016763119778502665
0.11678327586882548	-0.00016761652889990826
0.12478327586882566	-0.0001676016286881155
0.13278327586882585	-0.0001675864917466503
0.14078327586882605	-0.00016757111250233713
0.14878327586882625	-0.00016755548520506534
0.15678327586882645	-0.00016753960392063997
0.16478327586882663	-0.00016752346252308582
0.17278327586882683	-0.00016750705468667818
0.18078327586882703	-0.00016749037387825936
0.18878327586882723	-0.0001674734133478331
0.1967832758688274	-0.00016745616612007174
0.2047832758688276	-0.00016743862498436787
0.2127832758688278	-0.00016742078248516617
0.220783275868828	-0.00016740263091130064
0.22878327586882818	-0.00016738416228490036
0.23678327586882839	-0.00016736536834995803
0.2447832758688286	-0.00016734624056007814
0.25278327586882876	-0.00016732677006539928
0.260783275868829	-0.00016730694769954608
0.26878327586882916	-0.00016728676396483795
0.27678327586882934	-0.00016726620901771935
0.28478327586882957	-0.00016724527265269038
0.29278327586882974	-0.00016722394428563686
0.30078327586882997	-0.0001672022129363598
0.30878327586883014	-0.00016718006720969043
0.3167832758688303	-0.00016715749527602795
0.32478327586883055	-0.00016713448485042957
0.3327832758688307	-0.00016711102317061254
0.3407832758688309	-0.00016708709697366028
0.3487832758688311	-0.00016706269247138093
0.3567832758688313	-0.0001670377953238611
0.3647832758688315	-0.00016701239061219308
0.3727832758688317	-0.00016698646280834762
0.38078327586883187	-0.00016695999574452852
0.3887832758688321	-0.0001669329725792747
0.3967832758688323	-0.00016690537576252932
0.40478327586883245	-0.00016687718699746892
0.4127832758688327	-0.00016684838720073657
0.42078327586883285	-0.0001668189564591492
0.4287832758688331	-0.00016678887398410827
0.43678327586883325	-0.00016675811806284108
0.4447832758688334	-0.0001667266660056322
0.45278327586883366	-0.00016669449408998293
0.46078327586883383	-0.00016666157750043137
0.468783275868834	-0.00016662789026418342
0.47678327586883423	-0.0001665934051811303
0.4847832758688344	-0.00016655809374981572
0.49278327586883464	-0.00016652192608621082
0.5007832758688348	-0.00016648487083712797
0.508783275868835	-0.00016644689508570288
0.5167832758688352	-0.00016640796424940616
0.5247832758688354	-0.00016636804196905458
0.5327832758688356	-0.00016632708998815012
0.5407832758688358	-0.0001662850680205965
0.548783275868836	-0.00016624193360700122
0.5567832758688361	-0.00016619764195575465
0.5647832758688364	-0.0001661521457690239
0.5727832758688366	-0.0001661053950501376
0.5807832758688367	-0.00016605733689025349
0.5887832758688369	-0.00016600791523092398
0.5967832758688372	-0.00016595707059904728
0.6047832758688373	-0.00016590473980993914
0.6127832758688375	-0.00016585085563179978
0.6207832758688377	-0.00016579534640767088
0.6287832758688379	-0.00016573813562419196
0.6367832758688381	-0.00016567914141952275
0.6447832758688383	-0.00016561827601860454
0.6527832758688386	-0.00016555544508108856
0.6607832758688387	-0.00016549054694499062
0.6687832758688389	-0.0001654234717454838
0.6767832758688391	-0.00016535410038213033
0.6847832758688392	-0.00016528230330353476
0.6927832758688395	-0.00016520793906900887
0.7007832758688397	-0.00016513085264055022
0.7087832758688398	-0.0001650508733437479
0.71678327586884	-0.00016496781242374283
0.7247832758688403	-0.00016488146010606712
0.7327832758688404	-0.00016479158204610615
0.7407832758688406	-0.00016469791502819758
0.7487832758688409	-0.00016460016173795725
0.756783275868841	-0.00016449798439013575
0.7647832758688412	-0.00016439099694060525
0.7727832758688414	-0.00016427875554673608
0.7807832758688417	-0.00016416074685479982
0.7887832758688418	-0.00016403637359390502
0.796783275868842	-0.00016390493682580807
0.8047832758688422	-0.00016376561404178702
0.8127832758688424	-0.0001636174321000526
0.8207832758688426	-0.0001634592337503049
0.8287832758688428	-0.0001632896361889842
0.8367832758688429	-0.00016310697970721186
0.8447832758688432	-0.00016290926402857538
0.8527832758688434	-0.0001626940693534403
0.8607832758688435	-0.00016245845841575147
0.8687832758688437	-0.00016219885498456249
0.876783275868844	-0.00016191089317400714
0.8847832758688441	-0.00016158923062689333
0.8927832758688443	-0.00016122731706887884
0.9007832758688445	-0.000160817107843572
0.9087832758688448	-0.00016034870980852353
0.9167832758688449	-0.0001598099443416252
0.9247832758688451	-0.00015918580917932275
0.9327832758688454	-0.00015845781736768474
0.9407832758688455	-0.0001576031878178086
0.9487832758688457	-0.0001565938579179518
0.9567832758688462	-0.00015539528458375805
0.9647832758688463	-0.00015396499636113664
0.9727832758688465	-0.00015225085626547092
0.9807832758688467	-0.00015018899371271622
0.9887832758688468	-0.0001477013652633177
0.9967832758688471	-0.0001446929094150526
1.0047832758688473	-0.0001410482722540434
1.0127832758688475	-0.0001366281007256233
1.0207832758688478	-0.00013126493129208782
1.0287832758688478	-0.00012475874651529694
1.036783275868848	-0.00011687233286267118
1.0447832758688482	-0.00010732665061142962
1.0527832758688485	-9.579651928524061e-5
1.0607832758688487	-8.190702355270692e-5
1.068783275868849	-6.523114315124148e-5
1.076783275868849	-4.528918769739748e-5
1.0847832758688492	-2.155064854833181e-5
1.0927832758688494	6.560962762796145e-6
1.1007832758688496	3.9659861880752254e-5
1.1087832758688498	7.838615228634784e-5
1.11678327586885	0.00012339058831603776
1.1247832758688503	0.00017531656280225203
1.1327832758688503	0.00023478038361736753
1.1407832758688505	0.0003023512729603998
1.1487832758688508	0.00037853273961283246
1.156783275868851	0.0004637469808027044
1.1647832758688512	0.0005583237530186
1.1727832758688514	0.0006624947462412329
1.1795874569016382	0.0007587479996940392
1.186391637934426	0.0008620704218474026
1.1931958189672127	0.0009724490415008868
1.1965979094836063	0.00103027101083423
1.1982989547418035	0.001059836756356315
1.1999999999999997	0.0010898373656099435
