0.005999999999999712	-0.0001673724184413705
0.012179999999999873	-0.00016736568730372112
0.01854539999999994	-0.0001673590148280842
0.025101761999999805	-0.00016735205792604702
0.031854814860000004	-0.00016734480081329753
0.03881045930580001	-0.00016733722702972283
0.045974773084974135	-0.00016732931894466047
0.053354016277523196	-0.00016732105764936324
0.060954636765848814	-0.00016731242283833368
0.06878327586882431	-0.00016730339267770876
0.0767832758688245	-0.00016729401607035554
0.0847832758688247	-0.00016728448091977928
0.09278327586882489	-0.00016727479075179976
0.10078327586882509	-0.00016726494182767998
0.10878327586882527	-0.00016725493027989084
0.11678327586882548	-0.00016724475211504607
0.12478327586882566	-0.00016723440320898217
0.13278327586882585	-0.00016722387930081953
0.14078327586882605	-0.00016721317598771915
0.14878327586882625	-0.00016720228871864502
0.15678327586882645	-0.0001671912127883091
0.16478327586882663	-0.000167179943330587
0.17278327586882683	-0.00016716847531143874
0.18078327586882703	-0.0001671568035221495
0.18878327586882723	-0.0001671449225713724
0.1967832758688274	-0.00016713282687731557
0.2047832758688276	-0.00016712051065958782
0.2127832758688278	-0.00016710796792996445
0.220783275868828	-0.0001670951924836843
0.22878327586882818	-0.00016708217788924284
0.23678327586882839	-0.00016706891747851342
0.2447832758688286	-0.00016705540433562758
0.25278327586882876	-0.00016704163128593118
0.260783275868829	-0.0001670275908836685
0.26878327586882916	-0.00016701327539936158
0.27678327586882934	-0.00016699867680667398
0.28478327586882957	-0.0001669837867679794
0.29278327586882974	-0.0001669685966195401
0.30078327586882997	-0.00016695309735563233
0.30878327586883014	-0.00016693727961191243
0.3167832758688303	-0.00016692113364775077
0.32478327586883055	-0.00016690464932724743
0.3327832758688307	-0.00016688781609938108
0.3407832758688309	-0.00016687062297727635
0.3487832758688311	-0.00016685305851536813
0.3567832758688313	-0.00016683511078575315
0.3647832758688315	-0.00016681676735301118
0.3727832758688317	-0.0001667980152473493
0.38078327586883187	-0.00016677884093588115
0.3887832758688321	-0.00016675923029222165
0.3967832758688323	-0.00016673916856410506
0.40478327586883245	-0.00016671864033874972
0.4127832758688327	-0.00016669762950581414
0.42078327586883285	-0.00016667611921816983
0.4287832758688331	-0.0001666540918496571
0.43678327586883325	-0.0001666315289498508
0.4447832758688334	-0.00016660841119585203
0.45278327586883366	-0.00016658471834054585
0.46078327586883383	-0.0001665604291569464
0.468783275868834	-0.00016653552137851145
0.47678327586883423	-0.000166509971635008
0.4847832758688344	-0.00016648375538358515
0.49278327586883464	-0.00016645684683402103
0.5007832758688348	-0.0001664292188685117
0.508783275868835	-0.00016640084295501973
0.5167832758688352	-0.00016637168905297793
0.5247832758688354	-0.00016634172551164037
0.5327832758688356	-0.0001663109189594939
0.5407832758688358	-0.00016627923418380738
0.548783275868836	-0.00016624663399973018
0.5567832758688361	-0.00016621307910712083
0.5647832758688364	-0.0001661785279336672
0.5727832758688366	-0.00016614293646326203
0.5807832758688367	-0.0001661062580468138
0.5887832758688369	-0.00016606844319391986
0.5967832758688372	-0.00016602943934217575
0.6047832758688373	-0.00016598919060127788
0.6127832758688375	-0.00016594763746836388
0.6207832758688377	-0.00016590471650951231
0.6287832758688379	-0.00016586036000289787
0.6367832758688381	-0.000165814495536895
0.6447832758688383	-0.00016576704555527997
0.6527832758688386	-0.00016571792684096976
0.6607832758688387	-0.00016566704992706466
0.6687832758688389	-0.00016561431842075907
0.6767832758688391	-0.00016555962822541504
0.6847832758688392	-0.00016550286663905212
0.6927832758688395	-0.0001654439113052515
0.7007832758688397	-0.00016538262898648854
0.7087832758688398	-0.00016531887412197765
0.71678327586884	-0.0001652524871232165
0.7247832758688403	-0.00016518329235179762
0.7327832758688404	-0.0001651110957062273
0.7407832758688406	-0.00016503568173121803
0.7487832758688409	-0.00016495681013888074
0.756783275868841	-0.00016487421160464675
0.7647832758688412	-0.00016478758266806251
0.7727832758688414	-0.00016469657952405996
0.7807832758688417	-0.0001646008104392563
0.7887832758688418	-0.00016449982645876305
0.796783275868842	-0.0001643931099863935
0.8047832758688422	-0.0001642800607158193
0.8127832758688424	-0.00016415997825721266
0.8207832758688426	-0.0001640320406387767
0.8287832758688428	-0.00016389527765597436
0.8367832758688429	-0.00016374853777951286
0.8447832758688432	-0.0001635904470098277
0.8527832758688434	-0.00016341935766004835
0.8607832758688435	-0.00016323328454310938
0.8687832758688437	-0.00016302982541088214
0.876783275868844	-0.00016280606171277447
0.8847832758688441	-0.00016255843477990426
0.8927832758688443	-0.0001622825913537691
0.9007832758688445	-0.00016197319093226185
0.9087832758688448	-0.00016162366564236773
0.9167832758688449	-0.0001612259212305601
0.9247832758688451	-0.0001607699652339222
0.9327832758688454	-0.00016024344542475187
0.9407832758688455	-0.00015963107819564956
0.9487832758688457	-0.00015891394268623617
0.9567832758688462	-0.000158068612240113
0.9647832758688463	-0.0001570660904010382
0.9727832758688465	-0.000155870514438562
0.9807832758688467	-0.00015443758587700706
0.9887832758688468	-0.00015271268550439654
0.9967832758688471	-0.0001506286310531251
1.0047832758688473	-0.00014810304083052084
1.0127832758688475	-0.0001450352782156556
1.0207832758688478	-0.0001413029728583343
1.0287832758688478	-0.00013675814776395941
1.036783275868848	-0.00013122303044081664
1.0447832758688482	-0.0001244856935275457
1.0527832758688485	-0.000116295756622636
1.0607832758688487	-0.00010636048377565565
1.068783275868849	-9.434172211915272e-5
1.076783275868849	-7.985423080467127e-5
1.0847832758688492	-6.246602160987678e-5
1.0927832758688494	-4.1701341924096654e-5
1.1007832758688496	-1.704684346641497e-5
1.1087832758688498	1.2038731049593161e-5
1.11678327586885	4.6111354086657116e-5
1.1247832758688503	8.572547495218485e-5
1.1327832758688503	0.00013141570053517532
1.1407832758688505	0.00018367781787873808
1.1487832758688508	0.00024295089718573445
1.156783275868851	0.00030960230332702167
1.1647832758688512	0.0003839172709995137
1.1727832758688514	0.00046609428871404086
1.1795874569016382	0.0005422623579485024
1.186391637934426	0.0006242272251866817
1.1931958189672127	0.0007119806528502182
1.1965979094836063	0.000758019201932745
1.1982989547418035	0.0007815765782938591
1.1999999999999997	0.0008054913332088633
