0.005999999999999712	-0.0001655833006970323
0.012179999999999873	-0.00016555691854589557
0.01854539999999994	-0.00016552972311625324
0.025101761999999805	-0.00016550145752134066
0.031854814860000004	-0.00016547207002149154
0.03881045930580001	-0.00016544150582434235
0.045974773084974135	-0.00016540970670581124
0.053354016277523196	-0.00016537661073294692
0.060954636765848814	-0.00016534215196128082
0.06878327586882431	-0.0001653062601009897
0.0767832758688245	-0.00016526915244887184
0.0847832758688247	-0.00016523159476975144
0.09278327586882489	-0.00016519358957908984
0.10078327586882509	-0.0001651551284302678
0.10878327586882527	-0.00016511620265345297
0.11678327586882548	-0.00016507680335466535
0.12478327586882566	-0.00016503692140669755
0.13278327586882585	-0.0001649965474411414
0.14078327586882605	-0.00016495567183912816
0.14878327586882625	-0.00016491428472202707
0.15678327586882645	-0.00016487237594132404
0.16478327586882663	-0.00016482993506893037
0.17278327586882683	-0.00016478695138551642
0.18078327586882703	-0.00016474341387000786
0.18878327586882723	-0.00016469931118688751
0.1967832758688274	-0.00016465463167377896
0.2047832758688276	-0.00016460936332816068
0.2127832758688278	-0.0001645634937928704
0.220783275868828	-0.0001645170103412535
0.22878327586882818	-0.0001644698998612621
0.23678327586882839	-0.00016442214883801803
0.2447832758688286	-0.00016437374333602207
0.25278327586882876	-0.00016432466897941349
0.260783275868829	-0.0001642749109317786
0.26878327586882916	-0.00016422445387281417
0.27678327586882934	-0.0001641732819754552
0.28478327586882957	-0.00016412137887939916
0.29278327586882974	-0.00016406872766357706
0.30078327586882997	-0.00016401531081602954
0.30878327586883014	-0.00016396111020098865
0.3167832758688303	-0.000163906107024065
0.32478327586883055	-0.00016385028179329418
0.3327832758688307	-0.0001637936142772419
0.3407832758688309	-0.00016373608345913817
0.3487832758688311	-0.00016367766748656525
0.3567832758688313	-0.00016361834361626587
0.3647832758688315	-0.0001635580881533229
0.3727832758688317	-0.0001634968763847033
0.38078327586883187	-0.00016343468250471822
0.3887832758688321	-0.00016337147953341462
0.3967832758688323	-0.0001633072392264187
0.40478327586883245	-0.0001632419319730095
0.4127832758688327	-0.0001631755266847915
0.42078327586883285	-0.00016310799067034872
0.4287832758688331	-0.000163039289494882
0.43678327586883325	-0.0001629693868243194
0.4447832758688334	-0.00016289824424957645
0.45278327586883366	-0.00016282582109015866
0.46078327586883383	-0.00016275207417206007
0.468783275868834	-0.00016267695757961624
0.47678327586883423	-0.00016260042237460984
0.4847832758688344	-0.00016252241627980792
0.49278327586883464	-0.0001624428833218425
0.5007832758688348	-0.0001623617634275564
0.508783275868835	-0.00016227899196751526
0.5167832758688352	-0.00016219449923934084
0.5247832758688354	-0.00016210820988320243
0.5327832758688356	-0.00016202004221903908
0.5407832758688358	-0.00016192990749698476
0.548783275868836	-0.00016183770904644945
0.5567832758688361	-0.00016174334131415218
0.5647832758688364	-0.00016164668877209168
0.5727832758688366	-0.00016154762468340036
0.5807832758688367	-0.0001614460097037805
0.5887832758688369	-0.0001613416903016373
0.5967832758688372	-0.00016123449697239247
0.6047832758688373	-0.00016112424222398621
0.6127832758688375	-0.00016101071830756412
0.6207832758688377	-0.00016089369466524238
0.6287832758688379	-0.0001607729150659113
0.6367832758688381	-0.0001606480943988448
0.6447832758688383	-0.00016051891509330144
0.6527832758688386	-0.00016038502313291415
0.6607832758688387	-0.0001602460236333997
0.6687832758688389	-0.00016010147595249498
0.6767832758688391	-0.0001599508882997259
0.6847832758688392	-0.00015979371181155594
0.6927832758688395	-0.00015962933405288615
0.7007832758688397	-0.00015945707188292675
0.7087832758688398	-0.0001592761636019746
0.71678327586884	-0.00015908576022992084
0.7247832758688403	-0.00015888491567571305
0.7327832758688404	-0.00015867257540608267
0.7407832758688406	-0.0001584475629895144
0.7487832758688409	-0.00015820856358576097
0.756783275868841	-0.00015795410304368738
0.7647832758688412	-0.00015768252081614653
0.7727832758688414	-0.00015739193445904942
0.7807832758688417	-0.00015708019315299355
0.7887832758688418	-0.00015674481760987895
0.796783275868842	-0.00015638292395280163
0.8047832758688422	-0.00015599112964151399
0.8127832758688424	-0.00015556544006139095
0.8207832758688426	-0.0001551011146810689
0.8287832758688428	-0.00015459251145200133
0.8367832758688429	-0.0001540329072888632
0.8447832758688432	-0.00015341429113869073
0.8527832758688434	-0.00015272712460409843
0.8607832758688435	-0.00015196006355640187
0.8687832758688437	-0.00015109963282818634
0.876783275868844	-0.00015012984491439074
0.8847832758688441	-0.00014903175260135658
0.8927832758688443	-0.00014778292453326681
0.9007832758688445	-0.0001463568318892165
0.9087832758688448	-0.00014472213363728037
0.9167832758688449	-0.0001428418473454872
0.9247832758688451	-0.0001406723924250435
0.9327832758688454	-0.00013816249318242504
0.9407832758688455	-0.00013525193044927183
0.9487832758688457	-0.00013187013321030894
0.9567832758688462	-0.00012793460602631286
0.9647832758688463	-0.00012334919471225682
0.9727832758688465	-0.0001180022023249379
0.9807832758688467	-0.00011176438073132514
0.9887832758688468	-0.0001044868404884639
0.9967832758688471	-9.599894386391636e-5
1.0047832758688473	-8.610627239129736e-5
1.0127832758688475	-7.458879026343676e-5
1.0207832758688478	-6.119935529130612e-5
1.0287832758688478	-4.5662754726568816e-5
1.036783275868848	-2.7675454832331163e-5
1.0447832758688482	-6.906236626033477e-6
1.0527832758688485	1.7002174015041147e-5
1.0607832758688487	4.443051008929665e-5
1.068783275868849	7.577966166367484e-5
1.076783275868849	0.00011146726786383537
1.0847832758688492	0.0001519252189020866
1.0927832758688494	0.00019759947739499364
1.1007832758688496	0.0002489537926225394
1.1087832758688498	0.00030647853442501694
1.11678327586885	0.000370704795870469
1.1247832758688503	0.00044222220949669504
1.1327832758688503	0.0005216972113800156
1.1407832758688505	0.0006098877070690097
1.1487832758688508	0.0007076508297854724
1.156783275868851	0.0008159423902696429
1.1647832758688512	0.0009358086288707919
1.1727832758688514	0.0010683720525999352
1.1795874569016382	0.0011919933194090742
1.186391637934426	0.0013264014600247757
1.1931958189672127	0.001472354758983803
1.1965979094836063	0.001549896063990971
1.1982989547418035	0.0015898491232678809
1.1999999999999997	0.0016306066369787037
