0.005999999999999712	-0.00016551332796342085
0.012179999999999873	-0.00016550814342045542
0.01854539999999994	-0.00016550313734298614
0.025101761999999805	-0.00016549791694965715
0.031854814860000004	-0.00016549246994593573
0.03881045930580001	-0.0001654867837600093
0.045974773084974135	-0.000165480844911862
0.053354016277523196	-0.00016547463892732365
0.060954636765848814	-0.00016546815024406512
0.06878327586882431	-0.0001654613621069852
0.0767832758688245	-0.0001654543105313393
0.0847832758688247	-0.00016544713586584897
0.09278327586882489	-0.00016543984162921473
0.10078327586882509	-0.0001654324247978604
0.10878327586882527	-0.00016542488223837552
0.11678327586882548	-0.0001654172107114098
0.12478327586882566	-0.00016540940686742505
0.13278327586882585	-0.0001654014672416978
0.14078327586882605	-0.00016539338824948552
0.14878327586882625	-0.0001653851661809243
0.15678327586882645	-0.00016537679719552868
0.16478327586882663	-0.00016536827731648783
0.17278327586882683	-0.0001653596024247373
0.18078327586882703	-0.0001653507682526087
0.18878327586882723	-0.00016534177037718468
0.1967832758688274	-0.00016533260421345728
0.2047832758688276	-0.00016532326500688744
0.2127832758688278	-0.0001653137478256968
0.220783275868828	-0.00016530404755267085
0.22878327586882818	-0.00016529415887671812
0.23678327586882839	-0.00016528407628357565
0.2447832758688286	-0.00016527379404644398
0.25278327586882876	-0.00016526330621575855
0.260783275868829	-0.00016525260660853061
0.26878327586882916	-0.0001652416887970859
0.27678327586882934	-0.00016523054609704957
0.28478327586882957	-0.0001652191715546691
0.29278327586882974	-0.00016520755793357597
0.30078327586882997	-0.00016519569770040416
0.30878327586883014	-0.00016518358300981548
0.3167832758688303	-0.00016517120568857973
0.32478327586883055	-0.00016515855721857707
0.3327832758688307	-0.00016514562871872956
0.3407832758688309	-0.0001651324109260406
0.3487832758688311	-0.00016511889417514806
0.3567832758688313	-0.00016510506837663202
0.3647832758688315	-0.00016509092299416217
0.3727832758688317	-0.0001650764470197824
0.38078327586883187	-0.0001650616289477959
0.3887832758688321	-0.0001650464567468687
0.3967832758688323	-0.00016503091783019575
0.40478327586883245	-0.0001650149990236885
0.4127832758688327	-0.00016499868653187846
0.42078327586883285	-0.00016498196590160734
0.4287832758688331	-0.0001649648219828465
0.43678327586883325	-0.0001649472388869096
0.4447832758688334	-0.00016492919994173571
0.45278327586883366	-0.00016491068764368206
0.46078327586883383	-0.0001648916836055336
0.468783275868834	-0.00016487216850117259
0.47678327586883423	-0.00016485212200543684
0.4847832758688344	-0.0001648315227295283
0.49278327586883464	-0.0001648103481513361
0.5007832758688348	-0.0001647885745399861
0.508783275868835	-0.0001647661768746275
0.5167832758688352	-0.00016474312875587049
0.5247832758688354	-0.00016471940231047857
0.5327832758688356	-0.00016469496808719798
0.5407832758688358	-0.0001646697949438834
0.548783275868836	-0.00016464384992457976
0.5567832758688361	-0.0001646170981250592
0.5647832758688364	-0.00016458950254619778
0.5727832758688366	-0.00016456102393326466
0.5807832758688367	-0.0001645316205996743
0.5887832758688369	-0.00016450124823296907
0.5967832758688372	-0.00016446985968119872
0.6047832758688373	-0.00016443740471680472
0.6127832758688375	-0.00016440382977484975
0.6207832758688377	-0.000164369077662424
0.6287832758688379	-0.00016433308723468943
0.6367832758688381	-0.00016429579303255711
0.6447832758688383	-0.0001642571248762043
0.6527832758688386	-0.00016421700740752954
0.6607832758688387	-0.00016417535957278847
0.6687832758688389	-0.00016413209403497509
0.6767832758688391	-0.00016408711650458386
0.6847832758688392	-0.0001640403249730864
0.6927832758688395	-0.0001639916088307305
0.7007832758688397	-0.00016394084784739508
0.7087832758688398	-0.0001638879109889784
0.71678327586884	-0.0001638326550353651
0.7247832758688403	-0.0001637749229599348
0.7327832758688404	-0.00016371454201877665
0.7407832758688406	-0.00016365132148786417
0.7487832758688409	-0.00016358504996883376
0.756783275868841	-0.00016351549216712038
0.7647832758688412	-0.00016344238502115287
0.7727832758688414	-0.0001633654330312363
0.7807832758688417	-0.0001632843025993702
0.7887832758688418	-0.00016319861514327934
0.796783275868842	-0.0001631079386883932
0.8047832758688422	-0.0001630117775655749
0.8127832758688424	-0.00016290955974802133
0.8207832758688426	-0.00016280062124082124
0.8287832758688428	-0.00016268418678643697
0.8367832758688429	-0.00016255934596028866
0.8447832758688432	-0.00016242502349236444
0.8527832758688434	-0.00016227994235438136
0.8607832758688435	-0.00016212257777432245
0.8687832758688437	-0.0001619510998778253
0.876783275868844	-0.0001617633020669287
0.8847832758688441	-0.00016155651152440281
0.8927832758688443	-0.00016132747732954783
0.9007832758688445	-0.00016107223056049103
0.9087832758688448	-0.00016078590939575614
0.9167832758688449	-0.00016046254056462488
0.9247832758688451	-0.000160094766492124
0.9327832758688454	-0.00015967350508629198
0.9407832758688455	-0.00015918752629943416
0.9487832758688457	-0.00015862292633697078
0.9567832758688462	-0.0001579624767301749
0.9647832758688463	-0.00015718482151455584
0.9727832758688465	-0.00015626349168246527
0.9807832758688467	-0.0001551657022631765
0.9887832758688468	-0.00015385089443391522
0.9967832758688471	-0.0001522689838993688
1.0047832758688473	-0.00015035827874526416
1.0127832758688475	-0.00014804303693428594
1.0207832758688478	-0.00014523064802877148
1.0287832758688478	-0.00014180844858697648
1.036783275868848	-0.0001376402193340435
1.0447832758688482	-0.00013256246781537996
1.0527832758688485	-0.0001263806747712635
1.0607832758688487	-0.00011886577521417158
1.068783275868849	-0.00010975125056243929
1.076783275868849	-9.873131347588098e-5
1.0847832758688492	-8.546075055568675e-5
1.0927832758688494	-6.955701931002859e-5
1.1007832758688496	-5.060513910897755e-5
1.1087832758688498	-2.816573911954832e-5
1.11678327586885	-1.7863139177515172e-6
1.1247832758688503	2.8984694868091597e-5
1.1327832758688503	6.458186910627119e-5
1.1407832758688505	0.0001054061832256722
1.1487832758688508	0.00015180944814112277
1.156783275868851	0.0002040816049702948
1.1647832758688512	0.0002624424671275348
1.1727832758688514	0.00032703908288307865
1.1795874569016382	0.0003869475963249049
1.186391637934426	0.0004514377819234675
1.1931958189672127	0.0005204983913997078
1.1965979094836063	0.000556735665481732
1.1982989547418035	0.0005752791951593768
1.1999999999999997	0.0005941046892488557
