0.005999999999999712	-0.00016675629453564406
0.012179999999999873	-0.00016673321242171722
0.01854539999999994	-0.0001667094467476388
0.025101761999999805	-0.00016668473628495621
0.031854814860000004	-0.00016665903467799275
0.03881045930580001	-0.00016663229282388818
0.045974773084974135	-0.00016660445849788863
0.053354016277523196	-0.00016657547609878325
0.060954636765848814	-0.00016654528636867285
0.06878327586882431	-0.00016651382608625674
0.0767832758688245	-0.00016648128379702465
0.0847832758688247	-0.00016644832947669905
0.09278327586882489	-0.000166414965764355
0.10078327586882509	-0.00016638118476114676
0.10878327586882527	-0.00016634697835708355
0.11678327586882548	-0.00016631233823060756
0.12478327586882566	-0.00016627725584091065
0.13278327586882585	-0.00016624172241972292
0.14078327586882605	-0.00016620572896351173
0.14878327586882625	-0.00016616926622450222
0.15678327586882645	-0.00016613232470214594
0.16478327586882663	-0.00016609489463347517
0.17278327586882683	-0.00016605696598354005
0.18078327586882703	-0.00016601852843502779
0.18878327586882723	-0.00016597957137839175
0.1967832758688274	-0.00016594008389959772
0.2047832758688276	-0.0001659000547693344
0.2127832758688278	-0.00016585947243037528
0.220783275868828	-0.00016581832498479963
0.22878327586882818	-0.00016577660018051476
0.23678327586882839	-0.00016573428539700888
0.2447832758688286	-0.00016569136763045517
0.25278327586882876	-0.00016564783347792778
0.260783275868829	-0.0001656036691205362
0.26878327586882916	-0.00016555886030623527
0.27678327586882934	-0.00016551339233095638
0.28478327586882957	-0.0001654672500189873
0.29278327586882974	-0.00016542041770219667
0.30078327586882997	-0.00016537287919791258
0.30878327586883014	-0.0001653246177851829
0.3167832758688303	-0.00016527561617974738
0.32478327586883055	-0.00016522585650788783
0.3327832758688307	-0.000165175320277037
0.3407832758688309	-0.00016512398834590906
0.3487832758688311	-0.0001650718408916222
0.3567832758688313	-0.00016501885737439312
0.3647832758688315	-0.00016496501649999743
0.3727832758688317	-0.00016491029617896378
0.38078327586883187	-0.00016485467348231238
0.3887832758688321	-0.00016479812459392184
0.3967832758688323	-0.0001647406247588247
0.40478327586883245	-0.00016468214822613255
0.4127832758688327	-0.00016462266818812173
0.42078327586883285	-0.00016456215671170347
0.4287832758688331	-0.00016450058466484734
0.43678327586883325	-0.000164437921633978
0.4447832758688334	-0.00016437413583412206
0.45278327586883366	-0.00016430919400774494
0.46078327586883383	-0.00016424306131371052
0.468783275868834	-0.00016417570120200178
0.47678327586883423	-0.00016410707527449977
0.4847832758688344	-0.00016403714312782585
0.49278327586883464	-0.00016396586217663626
0.5007832758688348	-0.00016389318745399942
0.508783275868835	-0.00016381907138453576
0.5167832758688352	-0.00016374346352706108
0.5247832758688354	-0.00016366631028081127
0.5327832758688356	-0.00016358755454930337
0.5407832758688358	-0.00016350713535555125
0.548783275868836	-0.00016342498739879688
0.5567832758688361	-0.00016334104054508292
0.5647832758688364	-0.00016325521923805784
0.5727832758688366	-0.00016316744181743122
0.5807832758688367	-0.00016307761972906082
0.5887832758688369	-0.000162985656607344
0.5967832758688372	-0.0001628914472073335
0.6047832758688373	-0.0001627948761611165
0.6127832758688375	-0.00016269581652537298
0.6207832758688377	-0.0001625941280858667
0.6287832758688379	-0.00016248965537249042
0.6367832758688381	-0.00016238222533508667
0.6447832758688383	-0.0001622716446196406
0.6527832758688386	-0.0001621576963713978
0.6607832758688387	-0.00016204013648277372
0.6687832758688389	-0.000161918689182849
0.6767832758688391	-0.00016179304185432258
0.6847832758688392	-0.00016166283893637536
0.6927832758688395	-0.00016152767474983198
0.7007832758688397	-0.0001613870850516762
0.7087832758688398	-0.00016124053709049127
0.71678327586884	-0.00016108741789093418
0.7247832758688403	-0.000160927020452037
0.7327832758688404	-0.00016075852747704148
0.7407832758688406	-0.00016058099219110668
0.7487832758688409	-0.00016039331571135625
0.756783275868841	-0.0001601942203394515
0.7647832758688412	-0.0001599822180150546
0.7727832758688414	-0.00015975557302925052
0.7807832758688417	-0.00015951225790271917
0.7887832758688418	-0.0001592499011205323
0.796783275868842	-0.00015896572513418914
0.8047832758688422	-0.00015865647271256982
0.8127832758688424	-0.0001583183193207799
0.8207832758688426	-0.00015794676872067038
0.8287832758688428	-0.00015753652841416277
0.8367832758688429	-0.00015708136088367103
0.8447832758688432	-0.00015657390582249624
0.8527832758688434	-0.0001560054676847761
0.8607832758688435	-0.0001553657619539486
0.8687832758688437	-0.00015464261250591665
0.876783275868844	-0.00015382159137059415
0.8847832758688441	-0.00015288559105890113
0.8927832758688443	-0.0001518143184370672
0.9007832758688445	-0.00015058369790898544
0.9087832758688448	-0.00014916517043158205
0.9167832758688449	-0.00014752487371406134
0.9247832758688451	-0.00014562268795330477
0.9327832758688454	-0.00014341113081596619
0.9407832758688455	-0.00014083408536394242
0.9487832758688457	-0.00013782534558025007
0.9567832758688462	-0.0001343069665358771
0.9647832758688463	-0.00013018741060260008
0.9727832758688465	-0.0001253594881418267
0.9807832758688467	-0.00011969810157253759
0.9887832758688468	-0.0001130578165065092
0.9967832758688471	-0.00010527030357601905
1.0047832758688473	-9.614172031430282e-5
1.0127832758688475	-8.545013415006985e-5
1.0207832758688478	-7.294312453675779e-5
1.0287832758688478	-5.833574225530218e-5
1.036783275868848	-4.130904259299989e-5
1.0447832758688482	-2.1509438818733954e-5
1.0527832758688485	1.450868569566671e-6
1.0607832758688487	2.79921595319474e-5
1.068783275868849	5.8564018420193414e-5
1.076783275868849	9.364074210020791e-5
1.0847832758688492	0.00013371563038445909
1.0927832758688494	0.00017929483111047974
1.1007832758688496	0.00023089185391692986
1.1087832758688498	0.0002890242721795225
1.11678327586885	0.0003542143103905818
1.1247832758688503	0.00042699470817528673
1.1327832758688503	0.0005079202518709626
1.1407832758688505	0.0005975837127321816
1.1487832758688508	0.0006966331079339198
1.156783275868851	0.0008057860456962785
1.1647832758688512	0.0009258371472357582
1.1727832758688514	0.001057656168978989
1.1795874569016382	0.00117972825662016
1.186391637934426	0.0013115884397487875
1.1931958189672127	0.001453850338330351
1.1965979094836063	0.001529072660042326
1.1982989547418035	0.0015677401130682045
1.1999999999999997	0.0016071249292688606
