0.005999999999999712	-0.00016825091038656203
0.012179999999999873	-0.00016823674820276826
0.01854539999999994	-0.00016822227587772622
0.025101761999999805	-0.00016820720886426537
0.031854814860000004	-0.00016819151649591886
0.03881045930580001	-0.00016817516632271554
0.045974773084974135	-0.00016815812372639242
0.053354016277523196	-0.0001681403517349669
0.060954636765848814	-0.0001681218108182002
0.06878327586882431	-0.00016810245866280614
0.0767832758688245	-0.00016808240687192445
0.0847832758688247	-0.0001680620643734797
0.09278327586882489	-0.00016804143431773514
0.10078327586882509	-0.00016802051064796183
0.10878327586882527	-0.00016799928712878744
0.11678327586882548	-0.00016797775734699234
0.12478327586882566	-0.00016795591470475813
0.13278327586882585	-0.00016793375241264986
0.14078327586882605	-0.00016791126348188976
0.14878327586882625	-0.00016788844071706393
0.15678327586882645	-0.00016786527670759977
0.16478327586882663	-0.00016784176381969958
0.17278327586882683	-0.00016781789418696938
0.18078327586882703	-0.00016779365970214874
0.18878327586882723	-0.00016776905200627094
0.1967832758688274	-0.00016774406247923118
0.2047832758688276	-0.00016771868222910288
0.2127832758688278	-0.00016769290208086147
0.220783275868828	-0.00016766671256459166
0.22878327586882818	-0.00016764010390332712
0.23678327586882839	-0.00016761306600029824
0.2447832758688286	-0.00016758558842503227
0.25278327586882876	-0.00016755766039942978
0.260783275868829	-0.0001675292707826826
0.26878327586882916	-0.00016750040805545746
0.27678327586882934	-0.00016747106030314888
0.28478327586882957	-0.0001674412151988651
0.29278327586882974	-0.00016741085998470695
0.30078327586882997	-0.00016737998145219002
0.30878327586883014	-0.0001673485659220306
0.3167832758688303	-0.0001673165992225891
0.32478327586883055	-0.0001672840666668754
0.3327832758688307	-0.000167250953028293
0.3407832758688309	-0.00016721724251546577
0.3487832758688311	-0.00016718291874495925
0.3567832758688313	-0.00016714796471284921
0.3647832758688315	-0.000167112362764417
0.3727832758688317	-0.0001670760945619851
0.38078327586883187	-0.0001670391410506351
0.3887832758688321	-0.0001670014824222959
0.3967832758688323	-0.000166963098077103
0.40478327586883245	-0.0001669239665822043
0.4127832758688327	-0.00016688406562826368
0.42078327586883285	-0.00016684337198266254
0.4287832758688331	-0.00016680186143980155
0.43678327586883325	-0.0001667595087676391
0.4447832758688334	-0.00016671628765075916
0.45278327586883366	-0.00016667217062898913
0.46078327586883383	-0.00016662712903146295
0.468783275868834	-0.00016658113290590613
0.47678327586883423	-0.00016653415094174681
0.4847832758688344	-0.00016648615038765286
0.49278327586883464	-0.00016643709696156014
0.5007832758688348	-0.00016638695475290825
0.508783275868835	-0.00016633568611688985
0.5167832758688352	-0.0001662832515574819
0.5247832758688354	-0.00016622960960011545
0.5327832758688356	-0.00016617471665138548
0.5407832758688358	-0.00016611852684391781
0.548783275868836	-0.00016606099186413953
0.5567832758688361	-0.00016600206076078237
0.5647832758688364	-0.00016594167973089683
0.5727832758688366	-0.000165879791878597
0.5807832758688367	-0.00016581633694405
0.5887832758688369	-0.00016575125099477654
0.5967832758688372	-0.00016568446607539248
0.6047832758688373	-0.00016561590980516464
0.6127832758688375	-0.000165545504915971
0.6207832758688377	-0.00016547316871846576
0.6287832758688379	-0.0001653988124801282
0.6367832758688381	-0.00016532234070217508
0.6447832758688383	-0.00016524365027009727
0.6527832758688386	-0.00016516262945450894
0.6607832758688387	-0.00016507915672979112
0.6687832758688389	-0.00016499309937269442
0.6767832758688391	-0.00016490431179311482
0.6847832758688392	-0.00016481263353918644
0.6927832758688395	-0.00016471788690587208
0.7007832758688397	-0.00016461987405996554
0.7087832758688398	-0.00016451837357318476
0.71678327586884	-0.00016441313623334662
0.7247832758688403	-0.00016430387996949742
0.7327832758688404	-0.00016419028369354659
0.7407832758688406	-0.00016407197981092018
0.7487832758688409	-0.00016394854510085684
0.756783275868841	-0.00016381948959208866
0.7647832758688412	-0.00016368424297858543
0.7727832758688414	-0.00016354213801174068
0.7807832758688417	-0.00016339239017598099
0.7887832758688418	-0.00016323407279773255
0.796783275868842	-0.00016306608653844548
0.8047832758688422	-0.00016288712198615286
0.8127832758688424	-0.0001626956137646875
0.8207832758688426	-0.00016248968422129955
0.8287832758688428	-0.00016226707431572296
0.8367832758688429	-0.00016202505880108035
0.8447832758688432	-0.0001617603421405768
0.8527832758688434	-0.00016146893082082846
0.8607832758688435	-0.00016114597678201802
0.8687832758688437	-0.00016078558555399116
0.876783275868844	-0.00016038058134613918
0.8847832758688441	-0.0001599222197475651
0.8927832758688443	-0.0001593998368377944
0.9007832758688445	-0.00015880042136117857
0.9087832758688448	-0.000158108094173546
0.9167832758688449	-0.00015730347644263068
0.9247832758688451	-0.00015636292512186616
0.9327832758688454	-0.00015525761110329685
0.9407832758688455	-0.00015395241235588718
0.9487832758688457	-0.00015240459150644926
0.9567832758688462	-0.0001505622250827172
0.9647832758688463	-0.00014836235052448878
0.9727832758688465	-0.0001457287977854802
0.9807832758688467	-0.00014256967583697218
0.9887832758688468	-0.00013877449187439645
0.9967832758688471	-0.00013421089404858867
1.0047832758688473	-0.00012872104888552154
1.0127832758688475	-0.00012211769416005245
1.0207832758688478	-0.0001141799486615652
1.0287832758688478	-0.00010464901324482803
1.036783275868848	-9.322396275705718e-5
1.0447832758688482	-7.955790365099824e-5
1.0527832758688485	-6.32548519365458e-5
1.0607832758688487	-4.386776101140851e-5
1.068783275868849	-2.0898184605439722e-5
1.076783275868849	6.2019220065564366e-6
1.0847832758688492	3.802580016736212e-5
1.0927832758688494	7.520454204882819e-5
1.1007832758688496	0.00011839666714904615
1.1087832758688498	0.0001682747856791318
1.11678327586885	0.00022550987881839182
1.1247832758688503	0.00029075411357084484
1.1327832758688503	0.00036462345557505355
1.1407832758688505	0.00044768157209533433
1.1487832758688508	0.0005404265603887257
1.156783275868851	0.0006432818479255975
1.1647832758688512	0.0007565921841772066
1.1727832758688514	0.0008806250221544339
1.1795874569016382	0.000994704906790837
1.186391637934426	0.0011167704822322144
1.1931958189672127	0.0012468809820578924
1.1965979094836063	0.001314965926610536
1.1982989547418035	0.0013497675977865331
1.1999999999999997	0.0013850760601711845
