0.005999999999999712	9.53459439106736e-10
0.012179999999999873	9.650439909428893e-10
0.01854539999999994	9.77167073537069e-10
0.025101761999999805	9.89860679919254e-10
0.031854814860000004	1.003159254273946e-9
0.03881045930580001	1.0170998996719657e-9
0.045974773084974135	1.0317226334789661e-9
0.053354016277523196	1.0470706716310625e-9
0.060954636765848814	1.063190745766254e-9
0.06878327586882431	1.0801334577773098e-9
0.0767832758688245	1.0978118620479805e-9
0.0847832758688247	1.1158690462800798e-9
0.09278327586882489	1.134315399491986e-9
0.10078327586882509	1.153161660799069e-9
0.10878327586882527	1.1724189344535772e-9
0.11678327586882548	1.1920987051191773e-9
0.12478327586882566	1.2122128538497937e-9
0.13278327586882585	1.2327736748209454e-9
0.14078327586882605	1.2537938928623816e-9
0.14878327586882625	1.2752866818422346e-9
0.15678327586882645	1.2972656839550384e-9
0.16478327586882663	1.3197450299683315e-9
0.17278327586882683	1.342739360486211e-9
0.18078327586882703	1.366263848290564e-9
0.18878327586882723	1.3903342218260757e-9
0.1967832758688274	1.4149667898970974e-9
0.2047832758688276	1.4401784676511531e-9
0.2127832758688278	1.4659868039272714e-9
0.220783275868828	1.4924100100532602e-9
0.22878327586882818	1.5194669901815268e-9
0.23678327586882839	1.5471773732592956e-9
0.2447832758688286	1.575561546735998e-9
0.25278327586882876	1.6046406921172028e-9
0.260783275868829	1.634436822483518e-9
0.26878327586882916	1.6649728220993724e-9
0.27678327586882934	1.6962724882482855e-9
0.28478327586882957	1.7283605754388106e-9
0.29278327586882974	1.7612628421374217e-9
0.30078327586882997	1.7950061001963011e-9
0.30878327586883014	1.8296182671554906e-9
0.3167832758688303	1.865128421614216e-9
0.32478327586883055	1.9015668618793702e-9
0.3327832758688307	1.9389651681172507e-9
0.3407832758688309	1.977356268250085e-9
0.3487832758688311	2.016774507860058e-9
0.3567832758688313	2.0572557243831647e-9
0.3647832758688315	2.0988373258982984e-9
0.3727832758688317	2.141558374842103e-9
0.38078327586883187	2.185459677006678e-9
0.3887832758688321	2.2305838762077866e-9
0.3967832758688323	2.276975555041673e-9
0.40478327586883245	2.324681342187318e-9
0.4127832758688327	2.3737500267453465e-9
0.42078327586883285	2.424232680152089e-9
0.4287832758688331	2.4761827862500464e-9
0.43678327586883325	2.5296563801499353e-9
0.4447832758688334	2.5847121965745253e-9
0.45278327586883366	2.6414118284370455e-9
0.46078327586883383	2.6998198964749333e-9
0.468783275868834	2.760004230835932e-9
0.47678327586883423	2.8220360655952967e-9
0.4847832758688344	2.885990247276118e-9
0.49278327586883464	2.951945458545863e-9
0.5007832758688348	3.0199844583746866e-9
0.508783275868835	3.090194340064799e-9
0.5167832758688352	3.1626668087023594e-9
0.5247832758688354	3.2374984797310905e-9
0.5327832758688356	3.3147912005227722e-9
0.5407832758688358	3.394652397008665e-9
0.548783275868836	3.4771954476461733e-9
0.5567832758688361	3.562540087235372e-9
0.5647832758688364	3.6508128433602206e-9
0.5727832758688366	3.742147508530245e-9
0.5807832758688367	3.836685651425839e-9
0.5887832758688369	3.93457717102391e-9
0.5967832758688372	4.035980897800306e-9
0.6047832758688373	4.141065246670592e-9
0.6127832758688375	4.250008926865263e-9
0.6207832758688377	4.363001714528065e-9
0.6287832758688379	4.48024529450246e-9
0.6367832758688381	4.601954178531826e-9
0.6447832758688383	4.728356707963355e-9
0.6527832758688386	4.859696150024193e-9
0.6607832758688387	4.996231897850553e-9
0.6687832758688389	5.138240785716619e-9
0.6767832758688391	5.286018532350061e-9
0.6847832758688392	5.439881326871712e-9
0.6927832758688395	5.600167573772014e-9
0.7007832758688397	5.767239815498596e-9
0.7087832758688398	5.941486853696575e-9
0.71678327586884	6.12332609298824e-9
0.7247832758688403	6.313206134448712e-9
0.7327832758688404	6.511609649707765e-9
0.7407832758688406	6.719056570975324e-9
0.7487832758688409	6.936107637336457e-9
0.756783275868841	7.163368343534352e-9
0.7647832758688412	7.401493344282907e-9
0.7727832758688414	7.651191375117615e-9
0.7807832758688417	7.913230760098386e-9
0.7887832758688418	8.188445587599965e-9
0.796783275868842	8.477742648256459e-9
0.8047832758688422	8.782109244256365e-9
0.8127832758688424	9.102621997092866e-9
0.8207832758688426	9.440456802106712e-9
0.8287832758688428	9.796900103461054e-9
0.8367832758688429	1.0173361693414788e-8
0.8447832758688432	1.0571389276027114e-8
0.8527832758688434	1.0992685079094322e-8
0.8607832758688435	1.1439124850920458e-8
0.8687832758688437	1.1912779642620759e-8
0.876783275868844	1.24159408547782e-8
0.8847832758688441	1.2951149122881502e-8
0.8927832758688443	1.3521227733441091e-8
0.9007832758688445	1.4129321407541631e-8
0.9087832758688448	1.4778941467840221e-8
0.9167832758688449	1.547401862756475e-8
0.9247832758688451	1.6218964917008503e-8
0.9327832758688454	1.7018746608404327e-8
0.9407832758688455	1.787897043129746e-8
0.9487832758688457	1.880598590917398e-8
0.9567832758688462	1.98070073202461e-8
0.9647832758688463	2.0890259622298795e-8
0.9727832758688465	2.206515371963555e-8
0.9807832758688467	2.33424977302996e-8
0.9887832758688468	2.4734752476807704e-8
0.9967832758688471	2.6256341315092593e-8
1.0047832758688473	2.792402666643721e-8
1.0127832758688475	2.9757368238287568e-8
1.0207832758688478	3.177928088779059e-8
1.0287832758688478	3.401671331500044e-8
1.036783275868848	3.650147210694581e-8
1.0447832758688482	3.927121882019658e-8
1.0527832758688485	4.237067040436725e-8
1.0607832758688487	4.5853034854096135e-8
1.068783275868849	4.978171403609484e-8
1.076783275868849	5.423230381444034e-8
1.0847832758688492	5.929491793075636e-8
1.0927832758688494	6.507685735795966e-8
1.1007832758688496	7.170564288419552e-8
1.1087832758688498	7.933242862201526e-8
1.11678327586885	8.813582224400313e-8
1.1247832758688503	9.832615879346202e-8
1.1327832758688503	1.1015031304016104e-7
1.1407832758688505	1.2389719263962123e-7
1.1487832758688508	1.3990412971300417e-7
1.156783275868851	1.5856447723383472e-7
1.1647832758688512	1.8033681116028276e-7
1.1727832758688514	2.0575623011262054e-7
1.1795874569016382	2.3071006903613346e-7
1.186391637934426	2.5919893670813336e-7
1.1931958189672127	2.917329958247356e-7
1.1965979094836063	3.096924566136412e-7
1.1982989547418035	3.1913065104197123e-7
1.1999999999999997	3.28891358050494e-7
