0.005999999999999712	2.0545662044150504e-9
0.012179999999999873	2.0767033659173632e-9
0.01854539999999994	2.099838841917943e-9
0.025101761999999805	2.124029857898111e-9
0.031854814860000004	2.1493378643487403e-9
0.03881045930580001	2.1758288923463236e-9
0.045974773084974135	2.2035739808102205e-9
0.053354016277523196	2.232649650568007e-9
0.060954636765848814	2.2631384316427517e-9
0.06878327586882431	2.295129451033291e-9
0.0767832758688245	2.3284520158462134e-9
0.0847832758688247	2.36242896516721e-9
0.09278327586882489	2.397077153511923e-9
0.10078327586882509	2.4324139756976457e-9
0.10878327586882527	2.468457389536098e-9
0.11678327586882548	2.5052259385978604e-9
0.12478327586882566	2.542738775979301e-9
0.13278327586882585	2.581015689142619e-9
0.14078327586882605	2.6200771258991815e-9
0.14878327586882625	2.6599442216076334e-9
0.15678327586882645	2.7006388276602798e-9
0.16478327586882663	2.7421835413345027e-9
0.17278327586882683	2.784601737091153e-9
0.18078327586882703	2.8279175994050234e-9
0.18878327586882723	2.8721561572169798e-9
0.1967832758688274	2.917343320106007e-9
0.2047832758688276	2.9635059162803965e-9
0.2127832758688278	3.0106717324993936e-9
0.220783275868828	3.058869556038956e-9
0.22878327586882818	3.108129218825567e-9
0.23678327586882839	3.1584816438701145e-9
0.2447832758688286	3.2099588941411058e-9
0.25278327586882876	3.262594224028726e-9
0.260783275868829	3.3164221335586338e-9
0.26878327586882916	3.3714784255286626e-9
0.27678327586882934	3.427800265750584e-9
0.28478327586882957	3.4854262465955277e-9
0.29278327586882974	3.5443964540528756e-9
0.30078327586882997	3.604752538529351e-9
0.30878327586883014	3.666537789632396e-9
0.3167832758688303	3.729797215196656e-9
0.32478327586883055	3.7945776248361115e-9
0.3327832758688307	3.860927718323165e-9
0.3407832758688309	3.928898179118511e-9
0.3487832758688311	3.998541773402377e-9
0.3567832758688313	4.069913454983535e-9
0.3647832758688315	4.14307047649236e-9
0.3727832758688317	4.2180725072963195e-9
0.38078327586883187	4.294981758612213e-9
0.3887832758688321	4.373863116325178e-9
0.3967832758688323	4.454784282068572e-9
0.40478327586883245	4.537815923164923e-9
0.4127832758688327	4.623031832073165e-9
0.42078327586883285	4.710509096048104e-9
0.4287832758688331	4.800328277773865e-9
0.43678327586883325	4.892573607796943e-9
0.4447832758688334	4.987333189662e-9
0.45278327586883366	5.084699218724213e-9
0.46078327586883383	5.184768215706224e-9
0.468783275868834	5.287641276154839e-9
0.47678327586883423	5.393424337066872e-9
0.4847832758688344	5.502228462057687e-9
0.49278327586883464	5.614170146581808e-9
0.5007832758688348	5.72937164485292e-9
0.508783275868835	5.847961320262719e-9
0.5167832758688352	5.970074021274213e-9
0.5247832758688354	6.095851484954335e-9
0.5327832758688356	6.225442770518188e-9
0.5407832758688358	6.359004725496944e-9
0.548783275868836	6.496702487398515e-9
0.5567832758688361	6.63871002401948e-9
0.5647832758688364	6.785210715892689e-9
0.5727832758688366	6.9363979847105105e-9
0.5807832758688367	7.092475971969937e-9
0.5887832758688369	7.2536602725340535e-9
0.5967832758688372	7.42017872830173e-9
0.6047832758688373	7.592272287752345e-9
0.6127832758688375	7.770195937755131e-9
0.6207832758688377	7.954219714745567e-9
0.6287832758688379	8.144629803173755e-9
0.6367832758688381	8.341729730027557e-9
0.6447832758688383	8.545841665248103e-9
0.6527832758688386	8.757307839004457e-9
0.6607832758688387	8.976492088089119e-9
0.6687832758688389	9.203781545163404e-9
0.6767832758688391	9.4395884862517e-9
0.6847832758688392	9.684352353769637e-9
0.6927832758688395	9.938541974520857e-9
0.7007832758688397	1.0202657994552874e-8
0.7087832758688398	1.0477235555542861e-8
0.71678327586884	1.076284724058804e-8
0.7247832758688403	1.1060106320910858e-8
0.7327832758688404	1.136967033918052e-8
0.7407832758688406	1.1692245069947716e-8
0.7487832758688409	1.2028588903207169e-8
0.756783275868841	1.2379517703460577e-8
0.7647832758688412	1.274591020399578e-8
0.7727832758688414	1.3128714004568296e-8
0.7807832758688417	1.3528952250531715e-8
0.7887832758688418	1.3947731082863614e-8
0.796783275868842	1.4386247961873055e-8
0.8047832758688422	1.4845800982892564e-8
0.8127832758688424	1.5327799320485777e-8
0.8207832758688426	1.5833774959077313e-8
0.8287832758688428	1.6365395893138616e-8
0.8367832758688429	1.692448100988425e-8
0.8447832758688432	1.751301690286682e-8
0.8527832758688434	1.81331769071193e-8
0.8607832758688435	1.878734269706873e-8
0.8687832758688437	1.9478128849345068e-8
0.876783275868844	2.0208410846176037e-8
0.8847832758688441	2.0981357084416312e-8
0.8927832758688443	2.1800465564305125e-8
0.9007832758688445	2.2669606065722018e-8
0.9087832758688448	2.359306878434053e-8
0.9167832758688449	2.4575620603667166e-8
0.9247832758688451	2.5622570431643665e-8
0.9327832758688454	2.673984534511394e-8
0.9407832758688455	2.7934079678015132e-8
0.9487832758688457	2.9212719679617995e-8
0.9567832758688462	3.058414698179853e-8
0.9647832758688463	3.205782487847052e-8
0.9727832758688465	3.3644472370000255e-8
0.9807832758688467	3.535627209896658e-8
0.9887832758688468	3.72071197414562e-8
0.9967832758688471	3.9212924158699257e-8
1.0047832758688473	4.139196968722111e-8
1.0127832758688475	4.376535436224221e-8
1.0207832758688478	4.635752060522889e-8
1.0287832758688478	4.9196897885482185e-8
1.036783275868848	5.231667993700495e-8
1.0447832758688482	5.57557620354939e-8
1.0527832758688485	5.955986628445873e-8
1.0607832758688487	6.378288443185767e-8
1.068783275868849	6.848846806928172e-8
1.076783275868849	7.375189496263174e-8
1.0847832758688492	7.966223794640112e-8
1.0927832758688494	8.632486019758254e-8
1.1007832758688496	9.386425965338598e-8
1.1087832758688498	1.02427288752659e-7
1.11678327586885	1.1218678728146152e-7
1.1247832758688503	1.2334568977656704e-7
1.1327832758688503	1.3614170774218244e-7
1.1407832758688505	1.5085274200606912e-7
1.1487832758688508	1.6780325039560178e-7
1.156783275868851	1.8737187651763522e-7
1.1647832758688512	2.100007311599323e-7
1.1727832758688514	2.3620680293872785e-7
1.1795874569016382	2.6176005647174513e-7
1.186391637934426	2.907708003746877e-7
1.1931958189672127	3.2373570207355336e-7
1.1965979094836063	3.4187201386668837e-7
1.1982989547418035	3.513882450027308e-7
1.1999999999999997	3.612198203629819e-7
