0.005999999999999712	4.4066560786303966e-10
0.012179999999999873	4.466833517023511e-10
0.01854539999999994	4.529903391563552e-10
0.025101761999999805	4.5960442469546215e-10
0.031854814860000004	4.665448861202941e-10
0.03881045930580001	4.738325457871181e-10
0.045974773084974135	4.814899237328857e-10
0.053354016277523196	4.895414086831992e-10
0.060954636765848814	4.980134494449531e-10
0.06878327586882431	5.069347695753434e-10
0.0767832758688245	5.162617128354621e-10
0.0847832758688247	5.258074424574864e-10
0.09278327586882489	5.355783810975624e-10
0.10078327586882509	5.455811799636442e-10
0.10878327586882527	5.558227289515559e-10
0.11678327586882548	5.663101670195281e-10
0.12478327586882566	5.770508930653125e-10
0.13278327586882585	5.880525773396904e-10
0.14078327586882605	5.993231734309565e-10
0.14878327586882625	6.108709308562598e-10
0.15678327586882645	6.227044082974357e-10
0.16478327586882663	6.348324875212981e-10
0.17278327586882683	6.472643880264131e-10
0.18078327586882703	6.600096824615049e-10
0.18878327586882723	6.730783128628274e-10
0.1967832758688274	6.864806077618691e-10
0.2047832758688276	7.002273002175347e-10
0.2127832758688278	7.143295468308959e-10
0.220783275868828	7.28798947804982e-10
0.22878327586882818	7.436475681157638e-10
0.23678327586882839	7.588879598658829e-10
0.2447832758688286	7.745331858979114e-10
0.25278327586882876	7.905968447482435e-10
0.260783275868829	8.070930970307026e-10
0.26878327586882916	8.240366933438289e-10
0.27678327586882934	8.414430038036626e-10
0.28478327586882957	8.593280493114125e-10
0.29278327586882974	8.777085346737234e-10
0.30078327586882997	8.966018837020309e-10
0.30878327586883014	9.160262764280967e-10
0.3167832758688303	9.360006885822828e-10
0.32478327586883055	9.565449334941972e-10
0.3327832758688307	9.776797065868313e-10
0.3407832758688309	9.994266326497445e-10
0.3487832758688311	1.0218083160919008e-9
0.3567832758688313	1.0448483943908703e-9
0.3647832758688315	1.0685715949734956e-9
0.3727832758688317	1.0930037957824257e-9
0.38078327586883187	1.118172089804697e-9
0.3887832758688321	1.1441048538617288e-9
0.3967832758688323	1.1708318219862888e-9
0.40478327586883245	1.1983841637398716e-9
0.4127832758688327	1.2267945678554678e-9
0.42078327586883285	1.2560973316242876e-9
0.4287832758688331	1.286328456482735e-9
0.43678327586883325	1.3175257502980067e-9
0.4447832758688334	1.3497289368942241e-9
0.45278327586883366	1.382979773414393e-9
0.46078327586883383	1.4173221761652438e-9
0.468783275868834	1.4528023556565689e-9
0.47678327586883423	1.48946896161253e-9
0.4847832758688344	1.527373238808358e-9
0.49278327586883464	1.5665691946687947e-9
0.5007832758688348	1.6071137796576183e-9
0.508783275868835	1.649067081589651e-9
0.5167832758688352	1.692492535111955e-9
0.5247832758688354	1.7374571477269772e-9
0.5327832758688356	1.7840317438740013e-9
0.5407832758688358	1.832291228742588e-9
0.548783275868836	1.8823148736694392e-9
0.5567832758688361	1.934186625168907e-9
0.5647832758688364	1.987995439869372e-9
0.5727832758688366	2.0438356478772925e-9
0.5807832758688367	2.1018073473718518e-9
0.5887832758688369	2.1620168335479146e-9
0.5967832758688372	2.224577065381712e-9
0.6047832758688373	2.2896081740941878e-9
0.6127832758688375	2.3572380176413444e-9
0.6207832758688377	2.4276027860735047e-9
0.6287832758688379	2.5008476631881373e-9
0.6367832758688381	2.5771275505613424e-9
0.6447832758688383	2.656607860793467e-9
0.6527832758688386	2.7394653876600593e-9
0.6607832758688387	2.8258892618366967e-9
0.6687832758688389	2.91608200197647e-9
0.6767832758688391	3.010260672201031e-9
0.6847832758688392	3.108658158523586e-9
0.6927832758688395	3.211524578405175e-9
0.7007832758688397	3.3191288395800417e-9
0.7087832758688398	3.431760366513294e-9
0.71678327586884	3.549731015431671e-9
0.7247832758688403	3.6733772018507983e-9
0.7327832758688404	3.8030622679797295e-9
0.7407832758688406	3.939179121409833e-9
0.7487832758688409	4.082153181178924e-9
0.756783275868841	4.232445672781822e-9
0.7647832758688412	4.3905573201088514e-9
0.7727832758688414	4.5570324898247656e-9
0.7807832758688417	4.7324638525647384e-9
0.7887832758688418	4.917497635792952e-9
0.796783275868842	5.1128395555565686e-9
0.8047832758688422	5.319261529096234e-9
0.8127832758688424	5.5376092878054975e-9
0.8207832758688426	5.768811031009264e-9
0.8287832758688428	6.0138872861791245e-9
0.8367832758688429	6.273962171491667e-9
0.8447832758688432	6.55027629321927e-9
0.8527832758688434	6.844201554810129e-9
0.8607832758688435	7.157258208510345e-9
0.8687832758688437	7.491134546331125e-9
0.876783275868844	7.847709708031802e-9
0.8847832758688441	8.22908018324766e-9
0.8927832758688443	8.637590707668525e-9
0.9007832758688445	9.075870405171922e-9
0.9087832758688448	9.546875216496421e-9
0.9167832758688449	1.0053937889828853e-8
0.9247832758688451	1.0600827101324382e-8
0.9327832758688454	1.1191817638796812e-8
0.9407832758688455	1.1831774037710364e-8
0.9487832758688457	1.2526250627439483e-8
0.9567832758688462	1.328161165420264e-8
0.9647832758688463	1.4105176026729502e-8
0.9727832758688465	1.5005392317682592e-8
0.9807832758688467	1.599205098777015e-8
0.9887832758688468	1.707654242089241e-8
0.9967832758688471	1.827217130424703e-8
1.0047832758688473	1.959454018167753e-8
1.0127832758688475	2.106201765168619e-8
1.0207832758688478	2.269630963069713e-8
1.0287832758688478	2.4523155248265344e-8
1.036783275868848	2.6573172081045285e-8
1.0447832758688482	2.88828782439209e-8
1.0527832758688485	3.149592088550207e-8
1.0607832758688487	3.446454131575936e-8
1.068783275868849	3.785130573103799e-8
1.076783275868849	4.173112684510267e-8
1.0847832758688492	4.619359566227719e-8
1.0927832758688494	5.134563492879446e-8
1.1007832758688496	5.73144784675796e-8
1.1087832758688498	6.425097708914647e-8
1.11678327586885	7.233323684420912e-8
1.1247832758688503	8.177061440412297e-8
1.1327832758688503	9.280813194185507e-8
1.1407832758688505	1.0573143223386998e-7
1.1487832758688508	1.2087247213172343e-7
1.156783275868851	1.3861624288640794e-7
1.1647832758688512	1.59408898800711e-7
1.1727832758688514	1.8376775794580355e-7
1.1795874569016382	2.077377326626077e-7
1.186391637934426	2.3514629130638315e-7
1.1931958189672127	2.664777939568178e-7
1.1965979094836063	2.8378046978795804e-7
1.1982989547418035	2.9287430429751063e-7
1.1999999999999997	3.022789585217625e-7
