0.005999999999999712	6.340319262974299e-7
0.012179999999999873	6.384286855658283e-7
0.01854539999999994	6.430137326527374e-7
0.025101761999999805	6.477972411559682e-7
0.031854814860000004	6.527900963288335e-7
0.03881045930580001	6.580039561408795e-7
0.045974773084974135	6.634513207265232e-7
0.053354016277523196	6.691456093585579e-7
0.060954636765848814	6.751012459375627e-7
0.06878327586882431	6.813337541284523e-7
0.0767832758688245	6.878080465797944e-7
0.0847832758688247	6.943914033699484e-7
0.09278327586882489	7.010864749770655e-7
0.10078327586882509	7.078959960384819e-7
0.10878327586882527	7.148227888696557e-7
0.11678327586882548	7.218697669943977e-7
0.12478327586882566	7.290399388386387e-7
0.13278327586882585	7.363364115977562e-7
0.14078327586882605	7.437623952879578e-7
0.14878327586882625	7.513212069929775e-7
0.15678327586882645	7.590162753172961e-7
0.16478327586882663	7.668511450584795e-7
0.17278327586882683	7.748294821112751e-7
0.18078327586882703	7.829550786172546e-7
0.18878327586882723	7.912318583748481e-7
0.1967832758688274	7.996638825250154e-7
0.2047832758688276	8.08255355529387e-7
0.2127832758688278	8.170106314586e-7
0.220783275868828	8.259342206096376e-7
0.22878327586882818	8.350307964726794e-7
0.23678327586882839	8.443052030689175e-7
0.2447832758688286	8.537624626827934e-7
0.25278327586882876	8.634077840133142e-7
0.260783275868829	8.732465707714681e-7
0.26878327586882916	8.832844307521232e-7
0.27678327586882934	8.935271854113727e-7
0.28478327586882957	9.039808799823529e-7
0.29278327586882974	9.146517941650437e-7
0.30078327586882997	9.25546453428501e-7
0.30878327586883014	9.366716409665773e-7
0.3167832758688303	9.480344103516336e-7
0.32478327586883055	9.596420989340647e-7
0.3327832758688307	9.715023420394378e-7
0.3407832758688309	9.836230880188675e-7
0.3487832758688311	9.960126142129846e-7
0.3567832758688313	1.008679543894672e-6
0.3647832758688315	1.0216328642610512e-6
0.3727832758688317	1.0348819455510581e-6
0.38078327586883187	1.0484365613713652e-6
0.3887832758688321	1.062306910320396e-6
0.3967832758688323	1.0765036390075995e-6
0.40478327586883245	1.0910378665740435e-6
0.4127832758688327	1.1059212108290292e-6
0.42078327586883285	1.1211658161278902e-6
0.4287832758688331	1.1367843831271617e-6
0.43678327586883325	1.1527902005653634e-6
0.4447832758688334	1.1691971792315426e-6
0.45278327586883366	1.1860198882979393e-6
0.46078327586883383	1.2032735942100427e-6
0.468783275868834	1.2209743023450768e-6
0.47678327586883423	1.2391388016699482e-6
0.4847832758688344	1.257784712651996e-6
0.49278327586883464	1.276930538699784e-6
0.5007832758688348	1.2965957214388728e-6
0.508783275868835	1.316800700156779e-6
0.5167832758688352	1.3375669757851365e-6
0.5247832758688354	1.3589171798232836e-6
0.5327832758688356	1.3808751486489315e-6
0.5407832758688358	1.403466003706316e-6
0.548783275868836	1.4267162381126815e-6
0.5567832758688361	1.4506538102802748e-6
0.5647832758688364	1.475308245212045e-6
0.5727832758688366	1.500710744198846e-6
0.5807832758688367	1.52689430372194e-6
0.5887832758688369	1.5538938444495862e-6
0.5967832758688372	1.5817463513105108e-6
0.6047832758688373	1.610491025730879e-6
0.6127832758688375	1.6401694512381133e-6
0.6207832758688377	1.67082577376189e-6
0.6287832758688379	1.7025068981046743e-6
0.6367832758688381	1.7352627022109952e-6
0.6447832758688383	1.7691462710366814e-6
0.6527832758688386	1.8042141520101099e-6
0.6607832758688387	1.8405266342862337e-6
0.6687832758688389	1.8781480542230514e-6
0.6767832758688391	1.917147129760814e-6
0.6847832758688392	1.957597326656426e-6
0.6927832758688395	1.9995772598211765e-6
0.7007832758688397	2.043171133327365e-6
0.7087832758688398	2.088469222991452e-6
0.71678327586884	2.1355684058025895e-6
0.7247832758688403	2.1845727408469893e-6
0.7327832758688404	2.2355941067753132e-6
0.7407832758688406	2.2887529012668456e-6
0.7487832758688409	2.344178808353371e-6
0.756783275868841	2.4020116398676896e-6
0.7647832758688412	2.4624022576645113e-6
0.7727832758688414	2.5255135836109298e-6
0.7807832758688417	2.5915217046379937e-6
0.7887832758688418	2.6606170803749274e-6
0.796783275868842	2.733005861021389e-6
0.8047832758688422	2.8089113231461615e-6
0.8127832758688424	2.888575431019379e-6
0.8207832758688426	2.972260530894154e-6
0.8287832758688428	3.0602511853933524e-6
0.8367832758688429	3.152856154891727e-6
0.8447832758688432	3.2504105326637197e-6
0.8527832758688434	3.353278040811168e-6
0.8607832758688435	3.461853494963563e-6
0.8687832758688437	3.576565447981694e-6
0.876783275868844	3.6978790271524046e-6
0.8847832758688441	3.826298986659526e-6
0.8927832758688443	3.962373008794663e-6
0.9007832758688445	4.106695305082107e-6
0.9087832758688448	4.259910594186806e-6
0.9167832758688449	4.422718569257222e-6
0.9247832758688451	4.595879015290264e-6
0.9327832758688454	4.780217798805569e-6
0.9407832758688455	4.9766340282613996e-6
0.9487832758688457	5.186108773338982e-6
0.9567832758688462	5.4097158313972335e-6
0.9647832758688463	5.6486351344804966e-6
0.9727832758688465	5.90416949232036e-6
0.9807832758688467	6.1777654566776454e-6
0.9887832758688468	6.471039161853218e-6
0.9967832758688471	6.785808040937518e-6
1.0047832758688473	7.1241293399399295e-6
1.0127832758688475	7.488346363457815e-6
1.0207832758688478	7.881143404018821e-6
1.0287832758688478	8.30561035143035e-6
1.036783275868848	8.765318057553934e-6
1.0447832758688482	9.264405633162547e-6
1.0527832758688485	9.807680932779083e-6
1.0607832758688487	1.0400735463093867e-5
1.068783275868849	1.1050074728911294e-5
1.076783275868849	1.1763264500854156e-5
1.0847832758688492	1.2549092563942002e-5
1.0927832758688494	1.3417744137323415e-5
1.1007832758688496	1.4380987338074715e-5
1.1087832758688498	1.545236281646319e-5
1.11678327586885	1.6647369021203316e-5
1.1247832758688503	1.798363139819842e-5
1.1327832758688503	1.948104001538589e-5
1.1407832758688505	2.116183537031855e-5
1.1487832758688508	2.3050616196230184e-5
1.156783275868851	2.517423584236987e-5
1.1647832758688512	2.756154566275081e-5
1.1727832758688514	3.02429360774869e-5
1.1795874569016382	3.277818080487201e-5
1.186391637934426	3.556796393409622e-5
1.1931958189672127	3.863065334935525e-5
1.1965979094836063	4.0269277174442364e-5
1.1982989547418035	4.111635108916403e-5
1.1999999999999997	4.1982490580427456e-5
