0.005999999999999712	3.1999521963817684e-6
0.012179999999999873	3.21624659250414e-6
0.01854539999999994	3.23319204890311e-6
0.025101761999999805	3.250820565755352e-6
0.031854814860000004	3.2691661763428464e-6
0.03881045930580001	3.2882650877486975e-6
0.045974773084974135	3.3081558585807755e-6
0.053354016277523196	3.3288795939968324e-6
0.060954636765848814	3.350480160267021e-6
0.06878327586882431	3.3730044213333617e-6
0.0767832758688245	3.3963162805985463e-6
0.0847832758688247	3.419931791289653e-6
0.09278327586882489	3.4438569935256847e-6
0.10078327586882509	3.4680980860043977e-6
0.10878327586882527	3.4926614334790287e-6
0.11678327586882548	3.517553572817236e-6
0.12478327586882566	3.5427812192684264e-6
0.13278327586882585	3.568351272962701e-6
0.14078327586882605	3.5942708256598196e-6
0.14878327586882625	3.6205471677685905e-6
0.15678327586882645	3.6471877956544353e-6
0.16478327586882663	3.674200419253514e-6
0.17278327586882683	3.701592970013111e-6
0.18078327586882703	3.7293736091767615e-6
0.18878327586882723	3.757550736435122e-6
0.1967832758688274	3.7861329989632777e-6
0.2047832758688276	3.815129300865839e-6
0.2127832758688278	3.8445488130541145e-6
0.220783275868828	3.874400983578714e-6
0.22878327586882818	3.904695548444242e-6
0.23678327586882839	3.935442542931872e-6
0.2447832758688286	3.96665231346034e-6
0.25278327586882876	3.998335530015074e-6
0.260783275868829	4.030503199177727e-6
0.26878327586882916	4.063166677791713e-6
0.27678327586882934	4.096337687299092e-6
0.28478327586882957	4.130028328789825e-6
0.29278327586882974	4.16425109880341e-6
0.30078327586882997	4.199018905928882e-6
0.30878327586883014	4.234345088249366e-6
0.3167832758688303	4.270243431683861e-6
0.32478327586883055	4.306728189277607e-6
0.3327832758688307	4.343814101502237e-6
0.3407832758688309	4.381516417624609e-6
0.3487832758688311	4.4198509182128304e-6
0.3567832758688313	4.45883393884799e-6
0.3647832758688315	4.498482395119429e-6
0.3727832758688317	4.5388138089821395e-6
0.38078327586883187	4.579846336564767e-6
0.3887832758688321	4.621598797519268e-6
0.3967832758688323	4.66409070601135e-6
0.40478327586883245	4.707342303458424e-6
0.4127832758688327	4.75137459312607e-6
0.42078327586883285	4.796209376706282e-6
0.4287832758688331	4.8418692930045465e-6
0.43678327586883325	4.888377858874519e-6
0.4447832758688334	4.935759512548352e-6
0.45278327586883366	4.984039659518434e-6
0.46078327586883383	5.033244721139856e-6
0.468783275868834	5.0834021861319326e-6
0.47678327586883423	5.1345406651701005e-6
0.4847832758688344	5.186689948771705e-6
0.49278327586883464	5.239881068691858e-6
0.5007832758688348	5.294146363060643e-6
0.508783275868835	5.349519545505312e-6
0.5167832758688352	5.406035778518329e-6
0.5247832758688354	5.463731751345191e-6
0.5327832758688356	5.522645762683254e-6
0.5407832758688358	5.582817808496643e-6
0.548783275868836	5.64428967527045e-6
0.5567832758688361	5.707105039038541e-6
0.5647832758688364	5.771309570536012e-6
0.5727832758688366	5.83695104683956e-6
0.5807832758688367	5.904079469866382e-6
0.5887832758688369	5.972747192113213e-6
0.5967832758688372	6.043009050016634e-6
0.6047832758688373	6.1149225053177495e-6
0.6127832758688375	6.1885477948017206e-6
0.6207832758688377	6.263948088771702e-6
0.6287832758688379	6.341189658586224e-6
0.6367832758688381	6.420342053555174e-6
0.6447832758688383	6.501478287435039e-6
0.6527832758688386	6.584675034694614e-6
0.6607832758688387	6.670012836632151e-6
0.6687832758688389	6.757576317306011e-6
0.6767832758688391	6.847454409091635e-6
0.6847832758688392	6.939740587495044e-6
0.6927832758688395	7.034533114615408e-6
0.7007832758688397	7.131935290371745e-6
0.7087832758688398	7.232055710257072e-6
0.71678327586884	7.3350085279681334e-6
0.7247832758688403	7.440913720757009e-6
0.7327832758688404	7.549897354763519e-6
0.7407832758688406	7.662091846898362e-6
0.7487832758688409	7.777636219068932e-6
0.756783275868841	7.896676339666601e-6
0.7647832758688412	8.019365146304402e-6
0.7727832758688414	8.145862842840514e-6
0.7807832758688417	8.276337062835974e-6
0.7887832758688418	8.41096299088464e-6
0.796783275868842	8.54992343291433e-6
0.8047832758688422	8.69340882684076e-6
0.8127832758688424	8.8416171862026e-6
0.8207832758688426	8.99475397208678e-6
0.8287832758688428	9.153031893311507e-6
0.8367832758688429	9.316670642158483e-6
0.8447832758688432	9.485896583668031e-6
0.8527832758688434	9.660942431370611e-6
0.8607832758688435	9.842046961941895e-6
0.8687832758688437	1.0029454845853891e-5
0.876783275868844	1.0223416700216215e-5
0.8847832758688441	1.0424189502083414e-5
0.8927832758688443	1.063203753241411e-5
0.9007832758688445	1.0847234047535536e-5
0.9087832758688448	1.107006388937434e-5
0.9167832758688449	1.1300827239509798e-5
0.9247832758688451	1.1539844687220764e-5
0.9327832758688454	1.1787463713007551e-5
0.9407832758688455	1.2044066587735937e-5
0.9487832758688457	1.231007956412556e-5
0.9567832758688462	1.2585983112638971e-5
0.9647832758688463	1.2872322856603316e-5
0.9727832758688465	1.3169720821166814e-5
0.9807832758688467	1.347888664839252e-5
0.9887832758688468	1.380062855004933e-5
0.9967832758688471	1.4135863953252102e-5
1.0047832758688473	1.4485630008176967e-5
1.0127832758688475	1.4851094331929441e-5
1.0207832758688478	1.5233566525750174e-5
1.0287832758688478	1.5634511109051068e-5
1.036783275868848	1.6055562569923e-5
1.0447832758688482	1.649854326492157e-5
1.0527832758688485	1.696548495464556e-5
1.0607832758688487	1.7458654891860808e-5
1.068783275868849	1.7980587651253106e-5
1.076783275868849	1.853412437649936e-5
1.0847832758688492	1.91224618924758e-5
1.0927832758688494	1.9749215241049864e-5
1.1007832758688496	2.041849865047749e-5
1.1087832758688498	2.113503164476675e-5
1.11678327586885	2.190427869250515e-5
1.1247832758688503	2.2732632056916417e-5
1.1327832758688503	2.3627647785678965e-5
1.1407832758688505	2.459834358420517e-5
1.1487832758688508	2.5655564575040104e-5
1.156783275868851	2.6812419331853312e-5
1.1647832758688512	2.8084785493657664e-5
1.1727832758688514	2.949188316623049e-5
1.1795874569016382	3.0811850412448937e-5
1.186391637934426	3.226294198814081e-5
1.1931958189672127	3.386482739618941e-5
1.1965979094836063	3.472908840355852e-5
1.1982989547418035	3.517844081632822e-5
1.1999999999999997	3.563996783787103e-5
