0.005999999999999712	1.8244223250803586e-7
0.012179999999999873	1.8407040090275088e-7
0.01854539999999994	1.857705965329187e-7
0.025101761999999805	1.8754687153847673e-7
0.031854814860000004	1.8940357182781184e-7
0.03881045930580001	1.913453634804937e-7
0.045974773084974135	1.9337726237820055e-7
0.053354016277523196	1.955046671065818e-7
0.060954636765848814	1.977333955704095e-7
0.06878327586882431	2.0006972582448138e-7
0.0767832758688245	2.0250096574805222e-7
0.0847832758688247	2.0497757596181278e-7
0.09278327586882489	2.075007232861683e-7
0.10078327586882509	2.100716123384961e-7
0.10878327586882527	2.126914870979065e-7
0.11678327586882548	2.153616325273598e-7
0.12478327586882566	2.180833762703415e-7
0.13278327586882585	2.2085809042735016e-7
0.14078327586882605	2.2368719341754867e-7
0.14878327586882625	2.2657215193108907e-7
0.15678327586882645	2.2951448297788903e-7
0.16478327586882663	2.3251575603891667e-7
0.17278327586882683	2.3557759532639902e-7
0.18078327586882703	2.387016821597625e-7
0.18878327586882723	2.4188975746455117e-7
0.1967832758688274	2.451436244020419e-7
0.2047832758688276	2.484651511378539e-7
0.2127832758688278	2.5185627375835486e-7
0.220783275868828	2.553189993443882e-7
0.22878327586882818	2.5885540921248504e-7
0.23678327586882839	2.624676623345087e-7
0.2447832758688286	2.661579989474922e-7
0.25278327586882876	2.6992874436633744e-7
0.260783275868829	2.737823130130272e-7
0.26878327586882916	2.777212126770771e-7
0.27678327586882934	2.817480490231142e-7
0.28478327586882957	2.85865530362748e-7
0.29278327586882974	2.900764727093348e-7
0.30078327586882997	2.9438380513567827e-7
0.30878327586883014	2.9879057545651647e-7
0.3167832758688303	3.0329995625933356e-7
0.32478327586883055	3.0791525130917756e-7
0.3327832758688307	3.1263990235530643e-7
0.3407832758688309	3.174774963699102e-7
0.3487832758688311	3.224317732518894e-7
0.3567832758688313	3.2750663403154845e-7
0.3647832758688315	3.327061496153578e-7
0.3727832758688317	3.380345701134827e-7
0.38078327586883187	3.43496334796808e-7
0.3887832758688321	3.490960827344355e-7
0.3967832758688323	3.5483866416767943e-7
0.40478327586883245	3.6072915268177615e-7
0.4127832758688327	3.667728582426673e-7
0.42078327586883285	3.7297534117284177e-7
0.4287832758688331	3.793424271476316e-7
0.43678327586883325	3.85880223301747e-7
0.4447832758688334	3.925951355451354e-7
0.45278327586883366	3.994938871977337e-7
0.46078327586883383	4.065835390644809e-7
0.468783275868834	4.138715110853131e-7
0.47678327586883423	4.2136560570986106e-7
0.4847832758688344	4.2907403316377454e-7
0.49278327586883464	4.3700543879308043e-7
0.5007832758688348	4.451689326951488e-7
0.508783275868835	4.535741218705558e-7
0.5167832758688352	4.622311451593346e-7
0.5247832758688354	4.7115071125912974e-7
0.5327832758688356	4.803441401620774e-7
0.5407832758688358	4.898234083929707e-7
0.548783275868836	4.996011984847544e-7
0.5567832758688361	5.096909531901816e-7
0.5647832758688364	5.201069350022988e-7
0.5727832758688366	5.308642916441082e-7
0.5807832758688367	5.419791282914672e-7
0.5887832758688369	5.5346858741768e-7
0.5967832758688372	5.653509372967614e-7
0.6047832758688373	5.776456703814766e-7
0.6127832758688375	5.903736129886293e-7
0.6207832758688377	6.035570479865655e-7
0.6287832758688379	6.172198524996317e-7
0.6367832758688381	6.31387653035273e-7
0.6447832758688383	6.460880009191002e-7
0.6527832758688386	6.613505715136786e-7
0.6607832758688387	6.772073914260187e-7
0.6687832758688389	6.936930988120347e-7
0.6767832758688391	7.108452430080352e-7
0.6847832758688392	7.287046311167466e-7
0.6927832758688395	7.473157309193713e-7
0.7007832758688397	7.667271416678177e-7
0.7087832758688398	7.869921470467058e-7
0.71678327586884	8.081693680311299e-7
0.7247832758688403	8.303235376889899e-7
0.7327832758688404	8.535264254229621e-7
0.7407832758688406	8.77857945018592e-7
0.7487832758688409	9.034074895435021e-7
0.756783275868841	9.302755471154564e-7
0.7647832758688412	9.585756654418742e-7
0.7727832758688414	9.884368506152642e-7
0.7807832758688417	1.0200065079253678e-6
0.7887832758688418	1.0534540606834103e-6
0.796783275868842	1.0889754188494138e-6
0.8047832758688422	1.1267985146392467e-6
0.8127832758688424	1.1671901798276629e-6
0.8207832758688426	1.2104647123937134e-6
0.8287832758688428	1.256994572549235e-6
0.8367832758688429	1.307223765167677e-6
0.8447832758688432	1.361684613592605e-6
0.8527832758688434	1.4210188167418985e-6
0.8607832758688435	1.4860039172444344e-6
0.8687832758688437	1.5575866052789685e-6
0.876783275868844	1.6369246558025122e-6
0.8847832758688441	1.7254397641227858e-6
0.8927832758688443	1.8248841280627922e-6
0.9007832758688445	1.937424349984854e-6
0.9087832758688448	2.065747128383844e-6
0.9167832758688449	2.213192309942708e-6
0.9247832758688451	2.383920214643742e-6
0.9327832758688454	2.583121764536212e-6
0.9407832758688455	2.8172818723874528e-6
0.9487832758688457	3.0945087989470207e-6
0.9567832758688462	3.4249447619244086e-6
0.9647832758688463	3.821275927979762e-6
0.9727832758688465	4.29936292206098e-6
0.9807832758688467	4.8790159164656165e-6
0.9887832758688468	5.584940819695836e-6
0.9967832758688471	6.4478844405444525e-6
1.0047832758688473	7.506005801592704e-6
1.0127832758688475	8.806496650328626e-6
1.0207832758688478	1.0407464808237196e-5
1.0287832758688478	1.2380076946374407e-5
1.036783275868848	1.4810929930534463e-5
1.0447832758688482	1.7804579264353035e-5
1.0527832758688485	2.148609731846077e-5
1.0607832758688487	2.6003462897776765e-5
1.068783275868849	3.1529501012233534e-5
1.076783275868849	3.826300723235981e-5
1.0847832758688492	4.642862240607897e-5
1.0927832758688494	5.62749967876652e-5
1.1007832758688496	6.807082929643943e-5
1.1087832758688498	8.209851714214879e-5
1.11678327586885	9.864541845464652e-5
1.1247832758688503	0.00011799310213111024
1.1327832758688503	0.00014040538259291476
1.1407832758688505	0.0001661163242414173
1.1487832758688508	0.00019531964642016046
1.156783275868851	0.00022816097641470233
1.1647832758688512	0.0002647341467618563
1.1727832758688514	0.0003050822416510775
1.1795874569016382	0.0003423697276485652
1.186391637934426	0.0003823658324013562
1.1931958189672127	0.0004250364079524819
1.1965979094836063	0.0004473619358669835
1.1982989547418035	0.00045877005556584446
1.1999999999999997	0.0004703411508788258
