0.005999999999999712	1.555960410856929e-7
0.012179999999999873	1.5694505978576267e-7
0.01854539999999994	1.5835370555331912e-7
0.025101761999999805	1.5982533269611513e-7
0.031854814860000004	1.6136353883159882e-7
0.03881045930580001	1.6297218696919818e-7
0.045974773084974135	1.6465543012402205e-7
0.053354016277523196	1.6641773865566478e-7
0.060954636765848814	1.6826393070156111e-7
0.06878327586882431	1.7019920612447232e-7
0.0767832758688245	1.722130520623007e-7
0.0847832758688247	1.7426443690140362e-7
0.09278327586882489	1.7635433252448233e-7
0.10078327586882509	1.784837425004748e-7
0.10878327586882527	1.806537033963035e-7
0.11678327586882548	1.8286528614013712e-7
0.12478327586882566	1.8511959744747305e-7
0.13278327586882585	1.8741778131442553e-7
0.14078327586882605	1.8976102058265082e-7
0.14878327586882625	1.9215053858053108e-7
0.15678327586882645	1.9458760084542372e-7
0.16478327586882663	1.970735169320625e-7
0.17278327586882683	1.9960964231245738e-7
0.18078327586882703	2.0219738037298365e-7
0.18878327586882723	2.0483818451474296e-7
0.1967832758688274	2.0753356036361788e-7
0.2047832758688276	2.102850680969707e-7
0.2127832758688278	2.1309432489433066e-7
0.220783275868828	2.1596300752001096e-7
0.22878327586882818	2.1889285504614212e-7
0.23678327586882839	2.21885671725225e-7
0.2447832758688286	2.2494333002200841e-7
0.25278327586882876	2.2806777381523236e-7
0.260783275868829	2.3126102178055306e-7
0.26878327586882916	2.3452517096691955e-7
0.27678327586882934	2.3786240057952362e-7
0.28478327586882957	2.4127497598362965e-7
0.29278327586882974	2.447652529445862e-7
0.30078327586882997	2.483356821207108e-7
0.30878327586883014	2.5198881382702614e-7
0.3167832758688303	2.5572730308936503e-7
0.32478327586883055	2.5955391501003044e-7
0.3327832758688307	2.6347153046798206e-7
0.3407832758688309	2.6748315217857536e-7
0.3487832758688311	2.7159191114005336e-7
0.3567832758688313	2.758010734964638e-7
0.3647832758688315	2.801140478493883e-7
0.3727832758688317	2.845343930538385e-7
0.38078327586883187	2.890658265371179e-7
0.3887832758688321	2.9371223318303016e-7
0.3967832758688323	2.9847767482810853e-7
0.40478327586883245	3.0336640042113087e-7
0.4127832758688327	3.083828569024008e-7
0.42078327586883285	3.135317008652309e-7
0.4287832758688331	3.188178110686019e-7
0.43678327586883325	3.2424630187756275e-7
0.4447832758688334	3.2982253771641074e-7
0.45278327586883366	3.3555214862950945e-7
0.46078327586883383	3.4144104705554467e-7
0.468783275868834	3.47495445934005e-7
0.47678327586883423	3.53721878277167e-7
0.4847832758688344	3.601272183580321e-7
0.49278327586883464	3.667187046843297e-7
0.5007832758688348	3.735039649518012e-7
0.508783275868835	3.8049104319698457e-7
0.5167832758688352	3.876884294014501e-7
0.5247832758688354	3.9510509183710554e-7
0.5327832758688356	4.0275051248663407e-7
0.5407832758688358	4.106347259263873e-7
0.548783275868836	4.187683621225689e-7
0.5567832758688361	4.271626936681029e-7
0.5647832758688364	4.35829688079773e-7
0.5727832758688366	4.447820658870978e-7
0.5807832758688367	4.540333653803032e-7
0.5887832758688369	4.6359801505070746e-7
0.5967832758688372	4.7349141495995004e-7
0.6047832758688373	4.837300285240842e-7
0.6127832758688375	4.943314865059704e-7
0.6207832758688377	5.053147053891794e-7
0.6287832758688379	5.167000227771256e-7
0.6367832758688381	5.285093530453028e-7
0.6447832758688383	5.407663672011715e-7
0.6527832758688386	5.53496701812747e-7
0.6607832758688387	5.667282029988991e-7
0.6687832758688389	5.804912128910933e-7
0.6767832758688391	5.948189077516978e-7
0.6847832758688392	6.097476991621786e-7
0.6927832758688395	6.253177124941096e-7
0.7007832758688397	6.415733603982006e-7
0.7087832758688398	6.585640334813352e-7
0.71678327586884	6.763449359314752e-7
0.7247832758688403	6.949781009002027e-7
0.7327832758688404	7.145336293510357e-7
0.7407832758688406	7.350912073182196e-7
0.7487832758688409	7.567419707174185e-7
0.756783275868841	7.795908047915092e-7
0.7647832758688412	8.037591879563338e-7
0.7727832758688414	8.29388718488532e-7
0.7807832758688417	8.566454987572122e-7
0.7887832758688418	8.857255975454713e-7
0.796783275868842	9.168618689589598e-7
0.8047832758688422	9.503324796530578e-7
0.8127832758688424	9.864715886155757e-7
0.8207832758688426	1.0256827405208431e-6
0.8287832758688428	1.0684556809778142e-6
0.8367832758688429	1.1153874876291619e-6
0.8447832758688432	1.1672091447098767e-6
0.8527832758688434	1.2248189823286909e-6
0.8607832758688435	1.28932477013639e-6
0.8687832758688437	1.362096716208759e-6
0.876783275868844	1.444834197725646e-6
0.8847832758688441	1.539649766537021e-6
0.8927832758688443	1.6491748609038507e-6
0.9007832758688445	1.776692750486402e-6
0.9087832758688448	1.926305585653329e-6
0.9167832758688449	2.1031440587527084e-6
0.9247832758688451	2.3136301598978625e-6
0.9327832758688454	2.565805866000354e-6
0.9407832758688455	2.8697433719181042e-6
0.9487832758688457	3.2380556672439724e-6
0.9567832758688462	3.68652985146333e-6
0.9647832758688463	4.234909466043077e-6
0.9727832758688465	4.907856099240301e-6
0.9807832758688467	5.736124221091754e-6
0.9887832758688468	6.75798603174033e-6
0.9967832758688471	8.020944132982696e-6
1.0047832758688473	9.583767714085869e-6
1.0127832758688475	1.1518880810920644e-5
1.0207832758688478	1.3915116602532723e-5
1.0287832758688478	1.6880826652907447e-5
1.036783275868848	2.0547295160676765e-5
1.0447832758688482	2.507235252318461e-5
1.0527832758688485	3.0644007927547446e-5
1.0607832758688487	3.748382808316187e-5
1.068783275868849	4.584968430884173e-5
1.076783275868849	5.6037385887078665e-5
1.0847832758688492	6.838063576650247e-5
1.0927832758688494	8.324871600534488e-5
1.1007832758688496	0.00010104137051709278
1.1087832758688498	0.00012218053380308837
1.11678327586885	0.00014709887175015185
1.1247832758688503	0.00017622553837188862
1.1327832758688503	0.00020997005431402872
1.1407832758688505	0.00024870568569923
1.1487832758688508	0.0002927540350115788
1.156783275868851	0.00034237265444542295
1.1647832758688512	0.00039774731063991966
1.1727832758688514	0.0004589900891374617
1.1795874569016382	0.0005157304878272662
1.186391637934426	0.0005767405095627356
1.1931958189672127	0.0006419890227810119
1.1965979094836063	0.0006761887966777212
1.1982989547418035	0.0006936798709491616
1.1999999999999997	0.0007114308698598635
