0.005999999999999712	1.1901466767613334e-7
0.012179999999999873	1.2007280395538394e-7
0.01854539999999994	1.211778965894567e-7
0.025101761999999805	1.223326007061699e-7
0.031854814860000004	1.2353976509261432e-7
0.03881045930580001	1.248024499053163e-7
0.045974773084974135	1.2612394637590095e-7
0.053354016277523196	1.2750779871335277e-7
0.060954636765848814	1.289578285009822e-7
0.06878327586882431	1.3047816192738796e-7
0.0767832758688245	1.3206058231005228e-7
0.0847832758688247	1.336728772146221e-7
0.09278327586882489	1.3531582906462227e-7
0.10078327586882509	1.3699024610744034e-7
0.10878327586882527	1.38696963490186e-7
0.11678327586882548	1.4043684437957944e-7
0.12478327586882566	1.4221078113418476e-7
0.13278327586882585	1.440196965325188e-7
0.14078327586882605	1.458645450607146e-7
0.14878327586882625	1.4774631426349539e-7
0.15678327586882645	1.4966602616245991e-7
0.16478327586882663	1.5162473874587338e-7
0.17278327586882683	1.5362354753438954e-7
0.18078327586882703	1.5566358722744827e-7
0.18878327586882723	1.5774603343537234e-7
0.1967832758688274	1.5987210450252188e-7
0.2047832758688276	1.620430634272714e-7
0.2127832758688278	1.6426021988494044e-7
0.220783275868828	1.6652493236028523e-7
0.22878327586882818	1.688386103966089e-7
0.23678327586882839	1.7120271696911359e-7
0.2447832758688286	1.736187709906413e-7
0.25278327586882876	1.760883499586296e-7
0.260783275868829	1.7861309275273537e-7
0.26878327586882916	1.8119470259337157e-7
0.27678327586882934	1.838349501721785e-7
0.28478327586882957	1.8653567696636627e-7
0.29278327586882974	1.8929879874983024e-7
0.30078327586882997	1.9212630931501173e-7
0.30878327586883014	1.9502028442065237e-7
0.3167832758688303	1.9798288598192259e-7
0.32478327586883055	2.0101636652076182e-7
0.3327832758688307	2.0412307389593796e-7
0.3407832758688309	2.073054563340373e-7
0.3487832758688311	2.1056606778455433e-7
0.3567832758688313	2.139075736244265e-7
0.3647832758688315	2.1733275673979875e-7
0.3727832758688317	2.208445240154907e-7
0.38078327586883187	2.2444591326569348e-7
0.3887832758688321	2.281401006428828e-7
0.3967832758688323	2.3193040856578157e-7
0.40478327586883245	2.3582031421162637e-7
0.4127832758688327	2.3981345862299805e-7
0.42078327586883285	2.439136564852087e-7
0.4287832758688331	2.4812490663679416e-7
0.43678327586883325	2.524514033832331e-7
0.4447832758688334	2.568975486927673e-7
0.45278327586883366	2.614679653633563e-7
0.46078327586883383	2.6616751126166174e-7
0.468783275868834	2.710012947488519e-7
0.47678327586883423	2.759746914243299e-7
0.4847832758688344	2.810933623378815e-7
0.49278327586883464	2.8636327384357927e-7
0.5007832758688348	2.9179071929616206e-7
0.508783275868835	2.9738234282327876e-7
0.5167832758688352	3.031451654462552e-7
0.5247832758688354	3.090866138694243e-7
0.5327832758688356	3.1521455231539375e-7
0.5407832758688358	3.215373178531547e-7
0.548783275868836	3.280637597508765e-7
0.5567832758688361	3.3480328348878735e-7
0.5647832758688364	3.417659001946605e-7
0.5727832758688366	3.489622824205603e-7
0.5807832758688367	3.5640382737187425e-7
0.5887832758688369	3.6410272893731653e-7
0.5967832758688372	3.7207206016255677e-7
0.6047832758688373	3.8032586817478934e-7
0.6127832758688375	3.888792840184634e-7
0.6207832758688377	3.977486504259519e-7
0.6287832758688379	4.069516712491764e-7
0.6367832758688381	4.165075871544816e-7
0.6447832758688383	4.2643738327773245e-7
0.6527832758688386	4.367640359058291e-7
0.6607832758688387	4.475128069648334e-7
0.6687832758688389	4.587115972428106e-7
0.6767832758688391	4.703913719688733e-7
0.6847832758688392	4.8258667574996e-7
0.6927832758688395	4.95336258111151e-7
0.7007832758688397	5.086838362175634e-7
0.7087832758688398	5.226790280582125e-7
0.71678327586884	5.373784977998985e-7
0.7247832758688403	5.528473656194987e-7
0.7327832758688404	5.691609476597931e-7
0.7407832758688406	5.864069085358575e-7
0.7487832758688409	6.046879299389797e-7
0.756783275868841	6.241250254645385e-7
0.7647832758688412	6.448616652391949e-7
0.7727832758688414	6.670689160116068e-7
0.7807832758688417	6.909518553189727e-7
0.7887832758688418	7.167575849304593e-7
0.796783275868842	7.447852524765526e-7
0.8047832758688422	7.753985953438112e-7
0.8127832758688424	8.090416529604227e-7
0.8207832758688426	8.462584592464455e-7
0.8287832758688428	8.877177345902267e-7
0.8367832758688429	9.342438565332774e-7
0.8447832758688432	9.868557130512296e-7
0.8527832758688434	1.0468154473795357e-6
0.8607832758688435	1.1156896075338074e-6
0.8687832758688437	1.1954258396427231e-6
0.876783275868844	1.2884490389096262e-6
0.8847832758688441	1.397781827145643e-6
0.8927832758688443	1.5271953979855051e-6
0.9007832758688445	1.681398201371838e-6
0.9087832758688448	1.8662716726230332e-6
0.9167832758688449	2.089164294839909e-6
0.9247832758688451	2.3592577605295215e-6
0.9327832758688454	2.688021903845985e-6
0.9407832758688455	3.0897784234211353e-6
0.9487832758688457	3.582397185450164e-6
0.9567832758688462	4.188153004602991e-6
0.9647832758688463	4.934775067829137e-6
0.9727832758688465	5.85672527107178e-6
0.9807832758688467	6.996745152651168e-6
0.9887832758688468	8.407713015649664e-6
0.9967832758688471	1.0154852044618659e-5
1.0047832758688473	1.2318325079577844e-5
1.0127832758688475	1.4996240012393915e-5
1.0207832758688478	1.830806876965972e-5
1.0287832758688478	2.2398449373295656e-5
1.036783275868848	2.7441291391968257e-5
1.0447832758688482	3.364403762277086e-5
1.0527832758688485	4.1251848297160295e-5
1.0607832758688487	5.055137120199342e-5
1.068783275868849	6.187365009518672e-5
1.076783275868849	7.559562042138003e-5
1.0847832758688492	9.213956982874367e-5
1.0927832758688494	0.0001119699328126264
1.1007832758688496	0.0001355868777908625
1.1087832758688498	0.00016351635812090646
1.11678327586885	0.00019629664400843097
1.1247832758688503	0.00023446180694426967
1.1327832758688503	0.00027852313244500963
1.1407832758688505	0.0003289498998626049
1.1487832758688508	0.0003861512884105886
1.156783275868851	0.000450461263407393
1.1647832758688512	0.0005221281296915089
1.1727832758688514	0.0006013100344688664
1.1795874569016382	0.0006746251968438841
1.186391637934426	0.0007534264449021988
1.1931958189672127	0.0008376762971715396
1.1965979094836063	0.0008818256733909827
1.1982989547418035	0.0009044024554393938
1.1999999999999997	0.0009273123976252373
