0.005999999999999712	1.6621906847947255e-7
0.012179999999999873	1.671764463963432e-7
0.01854539999999994	1.6817215247455262e-7
0.025101761999999805	1.6920807683239672e-7
0.031854814860000004	1.7028622842172553e-7
0.03881045930580001	1.7140874436163393e-7
0.045974773084974135	1.725779004425719e-7
0.053354016277523196	1.7379612262604626e-7
0.060954636765848814	1.750659996790567e-7
0.06878327586882431	1.7639029709069936e-7
0.0767832758688245	1.7776102239090253e-7
0.0847832758688247	1.7914972359215222e-7
0.09278327586882489	1.8055675528393704e-7
0.10078327586882509	1.8198248115590781e-7
0.10878327586882527	1.8342727438700722e-7
0.11678327586882548	1.8489151799908365e-7
0.12478327586882566	1.8637560521979737e-7
0.13278327586882585	1.8787993985660193e-7
0.14078327586882605	1.8940493668313673e-7
0.14878327586882625	1.9095102183939165e-7
0.15678327586882645	1.9251863324684477e-7
0.16478327586882663	1.9410822103974717e-7
0.17278327586882683	1.957202480136693e-7
0.18078327586882703	1.973551900924812e-7
0.18878327586882723	1.9901353681491568e-7
0.1967832758688274	2.006957918418838e-7
0.2047832758688276	2.0240247348580207e-7
0.2127832758688278	2.0413411526315322e-7
0.220783275868828	2.058912664716521e-7
0.22878327586882818	2.0767449279340628e-7
0.23678327586882839	2.0948437692552681e-7
0.2447832758688286	2.113215192397615e-7
0.25278327586882876	2.1318653847277865e-7
0.260783275868829	2.1508007244884e-7
0.26878327586882916	2.1700277883673942e-7
0.27678327586882934	2.1895533594294634e-7
0.28478327586882957	2.2093844354300996e-7
0.29278327586882974	2.2295282375351732e-7
0.30078327586882997	2.249992219469344e-7
0.30878327586883014	2.2707840771180772e-7
0.3167832758688303	2.2919117586112731e-7
0.32478327586883055	2.3133834749162752e-7
0.3327832758688307	2.3352077109713886e-7
0.3407832758688309	2.3573932373930105e-7
0.3487832758688311	2.3799491227907587e-7
0.3567832758688313	2.402884746729412e-7
0.3647832758688315	2.426209813376693e-7
0.3727832758688317	2.44993436588143e-7
0.38078327586883187	2.474068801527325e-7
0.3887832758688321	2.4986238877130044e-7
0.3967832758688323	2.523610778811613e-7
0.40478327586883245	2.549041033967314e-7
0.4127832758688327	2.574926635890883e-7
0.42078327586883285	2.601280010721062e-7
0.4287832758688331	2.628114049023291e-7
0.43678327586883325	2.655442128003419e-7
0.4447832758688334	2.683278135020243e-7
0.45278327586883366	2.7116364924864314e-7
0.46078327586883383	2.7405321842564493e-7
0.468783275868834	2.7699807836056104e-7
0.47678327586883423	2.799998482916054e-7
0.4847832758688344	2.830602125191844e-7
0.49278327586883464	2.8618092375385424e-7
0.5007832758688348	2.8936380667520885e-7
0.508783275868835	2.926107617175126e-7
0.5167832758688352	2.959237690992965e-7
0.5247832758688354	2.993048931155691e-7
0.5327832758688356	3.0275628671301785e-7
0.5407832758688358	3.062801963703644e-7
0.548783275868836	3.098789673080678e-7
0.5567832758688361	3.135550490538219e-7
0.5647832758688364	3.1731100139266886e-7
0.5727832758688366	3.211495007333207e-7
0.5807832758688367	3.2507334692529636e-7
0.5887832758688369	3.290854705647091e-7
0.5967832758688372	3.3318894083034116e-7
0.6047832758688373	3.373869738955536e-7
0.6127832758688375	3.41682941966354e-7
0.6207832758688377	3.460803830007184e-7
0.6287832758688379	3.505830111700592e-7
0.6367832758688381	3.551947281298584e-7
0.6447832758688383	3.5991963517354997e-7
0.6527832758688386	3.6476204635143503e-7
0.6607832758688387	3.6972650264514225e-7
0.6687832758688389	3.748177872978497e-7
0.6767832758688391	3.800409424114262e-7
0.6847832758688392	3.8540128693381375e-7
0.6927832758688395	3.9090443617384513e-7
0.7007832758688397	3.965563229959598e-7
0.7087832758688398	4.0236322086487447e-7
0.71678327586884	4.0833176892983906e-7
0.7247832758688403	4.144689993604083e-7
0.7327832758688404	4.2078236717075173e-7
0.7407832758688406	4.272797827982387e-7
0.7487832758688409	4.3396964773446677e-7
0.756783275868841	4.4086089354418516e-7
0.7647832758688412	4.4796302464985856e-7
0.7727832758688414	4.5528616530853795e-7
0.7807832758688417	4.6284111126379527e-7
0.7887832758688418	4.706393866205487e-7
0.796783275868842	4.78693306565879e-7
0.8047832758688422	4.870160466473096e-7
0.8127832758688424	4.956217194231658e-7
0.8207832758688426	5.045254594215915e-7
0.8287832758688428	5.13743517489975e-7
0.8367832758688429	5.232933657892001e-7
0.8447832758688432	5.331938148958408e-7
0.8527832758688434	5.434651447277445e-7
0.8607832758688435	5.541292513164991e-7
0.8687832758688437	5.652098118291599e-7
0.876783275868844	5.767324707100286e-7
0.8847832758688441	5.88725050396727e-7
0.8927832758688443	6.012177907960279e-7
0.9007832758688445	6.142436226242303e-7
0.9087832758688448	6.278384808814061e-7
0.9167832758688449	6.420416662034898e-7
0.9247832758688451	6.568962637139508e-7
0.9327832758688454	6.724496313858069e-7
0.9407832758688455	6.887539729672324e-7
0.9487832758688457	7.058670143934365e-7
0.9567832758688462	7.238528075160591e-7
0.9647832758688463	7.427826911841616e-7
0.9727832758688465	7.627364475073268e-7
0.9807832758688467	7.838037008590695e-7
0.9887832758688468	8.060856192084001e-7
0.9967832758688471	8.296969920748408e-7
1.0047832758688473	8.547687771403082e-7
1.0127832758688475	8.814512285997365e-7
1.0207832758688478	9.099177448398736e-7
1.0287832758688478	9.40369600970333e-7
1.036783275868848	9.730417628489082e-7
1.0447832758688482	1.0082100131341316e-6
1.0527832758688485	1.0461996561532942e-6
1.0607832758688487	1.0873961069519005e-6
1.068783275868849	1.1322577117439342e-6
1.076783275868849	1.1813311949669858e-6
1.0847832758688492	1.2352701881410485e-6
1.0927832758688494	1.2948573777545513e-6
1.1007832758688496	1.3610309283855604e-6
1.1087832758688498	1.4349160129880649e-6
1.11678327586885	1.5178625381335137e-6
1.1247832758688503	1.611490512510304e-6
1.1327832758688503	1.7177449944448825e-6
1.1407832758688505	1.8389631854677308e-6
1.1487832758688508	1.977957021409499e-6
1.156783275868851	2.138115552239079e-6
1.1647832758688512	2.3235324938490827e-6
1.1727832758688514	2.539165574811286e-6
1.1795874569016382	2.750805185038568e-6
1.186391637934426	2.9930811377048647e-6
1.1931958189672127	3.2712453486078396e-6
1.1965979094836063	3.425653921178356e-6
1.1982989547418035	3.5070705462725192e-6
1.1999999999999997	3.5914734501890686e-6
