0.005999999999999712	1.801815967415722e-7
0.012179999999999873	1.8177753514035152e-7
0.01854539999999994	1.834440695470141e-7
0.025101761999999805	1.8518517179050963e-7
0.031854814860000004	1.8700510165024138e-7
0.03881045930580001	1.8890843278559692e-7
0.045974773084974135	1.9090008179088737e-7
0.053354016277523196	1.929853404576803e-7
0.060954636765848814	1.9516991167851994e-7
0.06878327586882431	1.9745994948477111e-7
0.0767832758688245	1.9984301371491502e-7
0.0847832758688247	2.02270547218261e-7
0.09278327586882489	2.0474369452992247e-7
0.10078327586882509	2.072636372545148e-7
0.10878327586882527	2.098315955990276e-7
0.11678327586882548	2.124488299629208e-7
0.12478327586882566	2.1511664260129456e-7
0.13278327586882585	2.1783637936626318e-7
0.14078327586882605	2.206094315317594e-7
0.14878327586882625	2.2343723770715179e-7
0.15678327586882645	2.263212858453367e-7
0.16478327586882663	2.292631153511962e-7
0.17278327586882683	2.322643192967313e-7
0.18078327586882703	2.35326546749486e-7
0.18878327586882723	2.384515052213672e-7
0.1967832758688274	2.416409632454056e-7
0.2047832758688276	2.4489675308851246e-7
0.2127832758688278	2.482207736089002e-7
0.220783275868828	2.516149932673939e-7
0.22878327586882818	2.550814533025913e-7
0.23678327586882839	2.58622271080508e-7
0.2447832758688286	2.622396436301998e-7
0.25278327586882876	2.65935851377681e-7
0.260783275868829	2.697132620914358e-7
0.26878327586882916	2.7357433505384195e-7
0.27678327586882934	2.7752162547396573e-7
0.28478327586882957	2.8155778915840317e-7
0.29278327586882974	2.8568558745823433e-7
0.30078327586882997	2.8990789251157874e-7
0.30878327586883014	2.942276928029049e-7
0.3167832758688303	2.986480990619996e-7
0.32478327586883055	3.0317235052745185e-7
0.3327832758688307	3.078038216016288e-7
0.3407832758688309	3.125460289265246e-7
0.3487832758688311	3.174026389123672e-7
0.3567832758688313	3.2237747575381057e-7
0.3647832758688315	3.274745299716097e-7
0.3727832758688317	3.326979675212183e-7
0.38078327586883187	3.380521395135557e-7
0.3887832758688321	3.435415925974682e-7
0.3967832758688323	3.491710800581633e-7
0.40478327586883245	3.549455736911045e-7
0.4127832758688327	3.6087027651680013e-7
0.42078327586883285	3.66950636408352e-7
0.4287832758688331	3.731923607110511e-7
0.43678327586883325	3.796014319413694e-7
0.4447832758688334	3.861841246620168e-7
0.45278327586883366	3.929470236399652e-7
0.46078327586883383	3.9989704340610555e-7
0.468783275868834	4.0704144934830443e-7
0.47678327586883423	4.143878804847634e-7
0.4847832758688344	4.2194437408147744e-7
0.49278327586883464	4.297193922972005e-7
0.5007832758688348	4.377218510616007e-7
0.508783275868835	4.4596115141796803e-7
0.5167832758688352	4.544472135914891e-7
0.5247832758688354	4.631905140784889e-7
0.5327832758688356	4.722021260920303e-7
0.5407832758688358	4.814937637458566e-7
0.548783275868836	4.910778304137312e-7
0.5567832758688361	5.009674717656081e-7
0.5647832758688364	5.111766340586235e-7
0.5727832758688366	5.217201283518857e-7
0.5807832758688367	5.3261370142236e-7
0.5887832758688369	5.438741142894526e-7
0.5967832758688372	5.555192294124055e-7
0.6047832758688373	5.675681078140156e-7
0.6127832758688375	5.8004111761406e-7
0.6207832758688377	5.929600557357652e-7
0.6287832758688379	6.063482848911134e-7
0.6367832758688381	6.202308883709622e-7
0.6447832758688383	6.346348456833388e-7
0.6527832758688386	6.495892327222188e-7
0.6607832758688387	6.651254509406048e-7
0.6687832758688389	6.81277490984877e-7
0.6767832758688391	6.980822374716997e-7
0.6847832758688392	7.1557982311677e-7
0.6927832758688395	7.338140423363935e-7
0.7007832758688397	7.52832836838601e-7
0.7087832758688398	7.7268886872875e-7
0.71678327586884	7.934402004379211e-7
0.7247832758688403	8.151511055473077e-7
0.7327832758688404	8.378930405910154e-7
0.7407832758688406	8.61745815506417e-7
0.7487832758688409	8.867990099893924e-7
0.756783275868841	9.131536951395847e-7
0.7647832758688412	9.409245351314381e-7
0.7727832758688414	9.702423630881559e-7
0.7807832758688417	1.0012573499679624e-6
0.7887832758688418	1.0341429164901962e-6
0.796783275868842	1.0691005776993065e-6
0.8047832758688422	1.1063659599214088e-6
0.8127832758688424	1.146216293432474e-6
0.8207832758688426	1.1889797646850549e-6
0.8287832758688428	1.235047213905325e-6
0.8367832758688429	1.2848867928841304e-6
0.8447832758688432	1.3390623608593802e-6
0.8527832758688434	1.3982566022573626e-6
0.8607832758688435	1.4633001095513082e-6
0.8687832758688437	1.5352080009372163e-6
0.876783275868844	1.6152260522150884e-6
0.8847832758688441	1.7048888349276448e-6
0.8927832758688443	1.8060929920414336e-6
0.9007832758688445	1.921189576024601e-6
0.9087832758688448	2.0531003540484305e-6
0.9167832758688449	2.205464186916644e-6
0.9247832758688451	2.382821050279751e-6
0.9327832758688454	2.5908430264023574e-6
0.9407832758688455	2.836623684480808e-6
0.9487832758688457	3.1290397056937254e-6
0.9567832758688462	3.4792013869903274e-6
0.9647832758688463	3.901011718461696e-6
0.9727832758688465	4.411856938221276e-6
0.9807832758688467	5.033454570009088e-6
0.9887832758688468	5.792887506211372e-6
0.9967832758688471	6.723854021036504e-6
1.0047832758688473	7.868162647767392e-6
1.0127832758688475	9.277496152587022e-6
1.0207832758688478	1.1015458392979741e-5
1.0287832758688478	1.3159899146519783e-5
1.036783275868848	1.580548213778698e-5
1.0447832758688482	1.9066417596041185e-5
1.0527832758688485	2.307922068756299e-5
1.0607832758688487	2.800528120009679e-5
1.068783275868849	3.403294211917131e-5
1.076783275868849	4.137869578197741e-5
1.0847832758688492	5.028703493178498e-5
1.0927832758688494	6.102846955280209e-5
1.1007832758688496	7.389527158683638e-5
1.1087832758688498	8.919466871127568e-5
1.11678327586885	0.00010723949016269005
1.1247832758688503	0.00012833665719230595
1.1327832758688503	0.00015277435377813924
1.1407832758688505	0.00018080911902085424
1.1487832758688508	0.00021265436454314415
1.156783275868851	0.0002484718489356376
1.1647832758688512	0.000288367398072853
1.1727832758688514	0.00033239167292878233
1.1795874569016382	0.00037308684467435456
1.186391637934426	0.00041674887229138744
1.1931958189672127	0.0004633420078742836
1.1965979094836063	0.00048772436835323337
1.1982989547418035	0.0005001846548942976
1.1999999999999997	0.0005128236935766221
