0.005999999999999712	1.6700662193222192e-7
0.012179999999999873	1.6846675502952395e-7
0.01854539999999994	1.699914489489787e-7
0.025101761999999805	1.715843357908862e-7
0.031854814860000004	1.7324931104698972e-7
0.03881045930580001	1.7499055743459576e-7
0.045974773084974135	1.7681257151274376e-7
0.053354016277523196	1.7872019324093486e-7
0.060954636765848814	1.8071863887907054e-7
0.06878327586882431	1.8281353768126214e-7
0.0767832758688245	1.849935097178379e-7
0.0847832758688247	1.8721413751392387e-7
0.09278327586882489	1.894764709351831e-7
0.10078327586882509	1.917815939678715e-7
0.10878327586882527	1.941306261297586e-7
0.11678327586882548	1.9652472393549127e-7
0.12478327586882566	1.9896508242938428e-7
0.13278327586882585	2.0145293679035493e-7
0.14078327586882605	2.0398956401376023e-7
0.14878327586882625	2.065762846750851e-7
0.15678327586882645	2.0921446478069491e-7
0.16478327586882663	2.119055177110394e-7
0.17278327586882683	2.1465090626213275e-7
0.18078327586882703	2.1745214479136682e-7
0.18878327586882723	2.203108014742218e-7
0.1967832758688274	2.2322850067876986e-7
0.2047832758688276	2.262069254654212e-7
0.2127832758688278	2.2924782021983088e-7
0.220783275868828	2.3235299342748084e-7
0.22878327586882818	2.3552432059905712e-7
0.23678327586882839	2.3876374735639397e-7
0.2447832758688286	2.4207329268953673e-7
0.25278327586882876	2.45455052396206e-7
0.260783275868829	2.4891120271588084e-7
0.26878327586882916	2.52444004171581e-7
0.27678327586882934	2.560558056335683e-7
0.28478327586882957	2.597490486201687e-7
0.29278327586882974	2.635262718522906e-7
0.30078327586882997	2.6739011607945403e-7
0.30878327586883014	2.7134332919667194e-7
0.3167832758688303	2.7538877167310005e-7
0.32478327586883055	2.79529422315187e-7
0.3327832758688307	2.8376838438895596e-7
0.3407832758688309	2.881088921282217e-7
0.3487832758688311	2.925543176579014e-7
0.3567832758688313	2.971081783641684e-7
0.3647832758688315	3.0177414474609265e-7
0.3727832758688317	3.065560487865912e-7
0.38078327586883187	3.114578928840435e-7
0.3887832758688321	3.164838593898922e-7
0.3967832758688323	3.216383208018354e-7
0.40478327586883245	3.269258506672145e-7
0.4127832758688327	3.3235123525656127e-7
0.42078327586883285	3.379194860734299e-7
0.4287832758688331	3.436358532734923e-7
0.43678327586883325	3.495058400736308e-7
0.4447832758688334	3.5553521824047857e-7
0.45278327586883366	3.6173004475777796e-7
0.46078327586883383	3.680966797831889e-7
0.468783275868834	3.746418060179822e-7
0.47678327586883423	3.813724496277594e-7
0.4847832758688344	3.882960028692062e-7
0.49278327586883464	3.9542024859729357e-7
0.5007832758688348	4.027533868498392e-7
0.508783275868835	4.1030406373246924e-7
0.5167832758688352	4.18081402857511e-7
0.5247832758688354	4.260950396259958e-7
0.5327832758688356	4.343551586840803e-7
0.5407832758688358	4.428725349346825e-7
0.548783275868836	4.5165857854419616e-7
0.5567832758688361	4.60725384454296e-7
0.5647832758688364	4.700857869929402e-7
0.5727832758688366	4.797534202797376e-7
0.5807832758688367	4.897427852428101e-7
0.5887832758688369	5.000693242120816e-7
0.5967832758688372	5.107495042337218e-7
0.6047832758688373	5.218009104699249e-7
0.6127832758688375	5.332423513170739e-7
0.6207832758688377	5.450939772058427e-7
0.6287832758688379	5.573774154541348e-7
0.6367832758688381	5.701159240475699e-7
0.6447832758688383	5.833345678467479e-7
0.6527832758688386	5.970604214967284e-7
0.6607832758688387	6.113228042811794e-7
0.6687832758688389	6.261535533708158e-7
0.6767832758688391	6.415873434257361e-7
0.6847832758688392	6.576620624032641e-7
0.6927832758688395	6.744192557975885e-7
0.7007832758688397	6.919046545219085e-7
0.7087832758688398	7.101688053999969e-7
0.71678327586884	7.292678279664152e-7
0.7247832758688403	7.492643272433405e-7
0.7327832758688404	7.702284996968707e-7
0.7407832758688406	7.922394790944813e-7
0.7487832758688409	8.1538698101897e-7
0.756783275868841	8.397733200148127e-7
0.7647832758688412	8.65515892602331e-7
0.7727832758688414	8.927502437732212e-7
0.7807832758688417	9.21633865443396e-7
0.7887832758688418	9.523509144133401e-7
0.796783275868842	9.851180868545748e-7
0.8047832758688422	1.0201919489563775e-6
0.8127832758688424	1.0578781025962795e-6
0.8207832758688426	1.098542665101334e-6
0.8287832758688428	1.142626668809525e-6
0.8367832758688429	1.1906641460607679e-6
0.8447832758688432	1.24330486696322e-6
0.8527832758688434	1.3013429513706254e-6
0.8607832758688435	1.3657528960262713e-6
0.8687832758688437	1.4377349588011434e-6
0.876783275868844	1.5187723438805144e-6
0.8847832758688441	1.6107032581347566e-6
0.8927832758688443	1.7158116877076449e-6
0.9007832758688445	1.8369417077620147e-6
0.9087832758688448	1.9776413247052967e-6
0.9167832758688449	2.1423433003925843e-6
0.9247832758688451	2.336592165248446e-6
0.9327832758688454	2.567328734073197e-6
0.9407832758688455	2.843245929026752e-6
0.9487832758688457	3.1752326056150553e-6
0.9567832758688462	3.5769253522165957e-6
0.9647832758688463	4.065391816311576e-6
0.9727832758688465	4.661972831965425e-6
0.9807832758688467	5.393314170761859e-6
0.9887832758688468	6.292621589760147e-6
0.9967832758688471	7.40117418824367e-6
1.0047832758688473	8.770129700300625e-6
1.0127832758688475	1.0462649540576655e-5
1.0207832758688478	1.255635891952134e-5
1.0287832758688478	1.5146135330303243e-5
1.036783275868848	1.8347183981357797e-5
1.0447832758688482	2.2298308193730765e-5
1.0527832758688485	2.7165214284250044e-5
1.0607832758688487	3.3143604367999654e-5
1.068783275868849	4.046171171168689e-5
1.076783275868849	4.93818335039336e-5
1.0847832758688492	6.020033571796399e-5
1.0927832758688494	7.324557359456961e-5
1.1007832758688496	8.887322419731145e-5
1.1087832758688498	0.00010745869675908213
1.11678327586885	0.0001293865885521132
1.1247832758688503	0.0001550375745416129
1.1327832758688503	0.00018477360333675287
1.1407832758688505	0.00021892272729366995
1.1487832758688508	0.00025776521043682944
1.156783275868851	0.00030152263894796315
1.1647832758688512	0.000350351559631163
1.1727832758688514	0.00040434271407355736
1.1795874569016382	0.00045435012745951057
1.186391637934426	0.000508104397304353
1.1931958189672127	0.0005655760879130999
1.1965979094836063	0.00059569358384327
1.1982989547418035	0.0006110954685587848
1.1999999999999997	0.0006267254589329271
