0.0006999999999999628	-0.00017593963050843754
0.001403500000000035	-0.00017592955592803068
0.0021105174999999296	-0.0001759282781587777
0.0028210700874998964	-0.00017592710618091412
0.003535175437937438	-0.00017592592896178465
0.004252851315127062	-0.00017592474496342912
0.004974115571702636	-0.00017592355411991987
0.005698986149561044	-0.00017592235638603558
0.006427481080308875	-0.00017592115171646464
0.007159618485710418	-0.00017591994006570507
0.007895416578138905	-0.00017591872138769711
0.008634893661029494	-0.0001759174956361839
0.00937806812933463	-0.00017591626276434064
0.010124958469981361	-0.00017591502272516817
0.010875583262331262	-0.0001759137754711436
0.01162996117864295	-0.0001759125209544896
0.012388110984536127	-0.00017591125912684702
0.013150051539458866	-0.00017590998993970668
0.013915801797156208	-0.00017590871334399096
0.014685380806142003	-0.00017590742929031973
0.015458807710172712	-0.00017590613772877644
0.01623610174872358	-0.00017590483860930152
0.017017282257467212	-0.00017590353188111558
0.017802368668754516	-0.00017590221749327016
0.01859138051209827	-0.00017590089539418324
0.019384337414658823	-0.00017589956553196347
0.020181259101732015	-0.00017589822785442382
0.020982165397240727	-0.00017589688230867145
0.02178707622422691	-0.00017589552884158017
0.02259601160534814	-0.00017589416739944937
0.02340899166337483	-0.00017589279792831216
0.024226036621691812	-0.0001758914203735578
0.02504716680480027	-0.00017589003468017453
0.025872402638824326	-0.0001758886407927278
0.02670176465201842	-0.0001758872386554016
0.02753527347527842	-0.00017588582821166288
0.028372949842654864	-0.00017588440940475398
0.0292148145918682	-0.00017588298217729548
0.03006088866482743	-0.00017588154647143366
0.03091119310815165	-0.00017588010222889864
0.0317657490736924	-0.00017587864939086728
0.03262457781906081	-0.00017587718789798882
0.03348770070815601	-0.00017587571769052954
0.034355139211696875	-0.00017587423870803426
0.035226914907755424	-0.00017587275088966963
0.03610304948229413	-0.00017587125417414508
0.03698356472970569	-0.0001758697484994533
0.03786848255335419	-0.00017586823380318707
0.038757824966120964	-0.00017586671002239158
0.03965161409095162	-0.00017586517709346775
0.04054987216140643	-0.00017586363495235077
0.04145262152221345	-0.00017586208353446536
0.04235988462982453	-0.00017586052277445747
0.04327168405297366	-0.00017585895260671666
0.0441880424732386	-0.00017585737296469254
0.04510898268560485	-0.00017585578378153627
0.046034527599032954	-0.00017585418498971804
0.04696470023702812	-0.0001758525765210072
0.04789952373821329	-0.00017585095830679518
0.048839021356904266	-0.00017584933027762415
0.04978321646368884	-0.00017584769236349832
0.05073213254600732	-0.00017584604449385048
0.05168579320873729	-0.00017584438659742799
0.052644222174780875	-0.0001758427186024289
0.05360744328565471	-0.00017584104043617333
0.054575480502083065	-0.00017583935202560857
0.055548357904593434	-0.0001758376532967902
0.056526099694116344	-0.00017583594417526434
0.0575087301925869	-0.0001758342245858385
0.05849627384354973	-0.0001758324944525512
0.05948875521276744	-0.00017583075369884604
0.06048619898883127	-0.00017582900224756578
0.061488629983775384	-0.00017582724002053162
0.06249607313369419	-0.00017582546693912268
0.06350855349936275	-0.00017582368292391262
0.06452609626685958	-0.00017582188789468385
0.06554872674819387	-0.00017582008177048408
0.06657647038193484	-0.00017581826446967343
0.06760935273384447	-0.00017581643590978396
0.06864739949751365	-0.00017581459600761972
0.0696906364950013	-0.0001758127446791624
0.07073908967747639	-0.00017581088183965822
0.07179278512586384	-0.00017580900740344108
0.07285174905149322	-0.00017580712128415567
0.0739160077967507	-0.00017580522339450723
0.07498558783573436	-0.00017580331364661244
0.07606051577491299	-0.00017580139195141122
0.07714081835378758	-0.00017579945821914365
0.07822652244555647	-0.0001757975123593366
0.07931765505778425	-0.0001757955542803666
0.0804142433330731	-0.00017579358388991828
0.08151631454973848	-0.00017579160109477341
0.08262389612248718	-0.00017578960580068396
0.0837370156030995	-0.00017578759791261807
0.0848557006811149	-0.00017578557733458698
0.0859799791845205	-0.00017578354396954478
0.08710987908044313	-0.0001757814977196455
0.08824542847584534	-0.00017577943848602303
0.08938665561822454	-0.00017577736616882517
0.09053358889631567	-0.00017577528066721918
0.09168625684079722	-0.000175773181879354
0.09284468812500112	-0.00017577106970235665
0.09400891156562617	-0.0001757689440324387
0.0951789561234543	-0.00017576680476462462
0.09635485090407148	-0.0001757646517929394
0.09753662515859184	-0.0001757624850103327
0.0987243082843847	-0.00017576030430872602
0.09991792982580656	-0.000175758109578891
0.10111751947493569	-0.00017575590071051302
0.10232310707231031	-0.0001757536775921203
0.1035347226076718	-0.0001757514401111619
0.10475239622071016	-0.00017574918815388974
0.10597615820181366	-0.0001757469216053241
0.10720603899282274	-0.0001757446403494926
0.10844206918778684	-0.00017574234426901978
0.10968427953372567	-0.00017574003324549785
0.1109327009313943	-0.0001757377071590661
0.11218736443605135	-0.00017573536588875565
0.11344830125823162	-0.00017573300931241704
0.11471554276452282	-0.00017573063730638724
0.11598912047834534	-0.00017572824974591367
0.11726906608073695	-0.0001757258465048169
0.11855541141114062	-0.0001757234274555956
0.11984818846819621	-0.00017572099246944913
0.12114742941053713	-0.00017571854141611463
0.12245316655758978	-0.00017571607416400355
0.1237654323903777	-0.0001757135905801313
0.12508425955232963	-0.00017571109053007882
0.12640968085009122	-0.00017570857387787765
0.1277417292543416	-0.00017570604048619713
0.1290804379006133	-0.00017570349021626345
0.13042584009011637	-0.00017570092292757615
0.1317779692905669	-0.00017569833847833521
0.13313685913701961	-0.00017569573672507587
0.13450254343270476	-0.00017569311752282102
0.13587505614986833	-0.00017569048072489467
0.13725443143061763	-0.0001756878261830677
0.13864070358777073	-0.00017568515374752683
0.14003390710570945	-0.00017568246326666665
0.14143407664123803	-0.00017567975458732864
0.1428412470244442	-0.00017567702755450252
0.1442554532595664	-0.00017567428201150788
0.14567673052586416	-0.00017567151779990776
0.1471051141784935	-0.0001756687347594978
0.14854063974938603	-0.0001756659327281805
0.149983342948133	-0.00017566311154216762
0.15143325966287374	-0.0001756602710355264
0.15289042596118813	-0.00017565741104078533
0.15435487809099402	-0.00017565453138825726
0.15582665248144906	-0.00017565163190641833
0.1573057857438562	-0.00017564871242178656
0.15879231467257537	-0.00017564577275883182
0.16028627624593816	-0.00017564281274000452
0.16178770762716785	-0.00017563983218573176
0.16329664616530362	-0.00017563683091419616
0.16481312939613008	-0.00017563380874159647
0.1663371950431107	-0.0001756307654818554
0.16786888101832628	-0.0001756277009467859
0.1694082254234178	-0.0001756246149459652
0.1709552665505349	-0.00017562150728667617
0.17251004288328747	-0.0001756183777738313
0.17407259309770393	-0.00017561522621017435
0.17564295606319252	-0.00017561205239590604
0.17722117084350858	-0.00017560885612899566
0.17880727669772617	-0.00017560563720475859
0.18040131308121476	-0.00017560239541624122
0.18200331964662084	-0.000175599130553907
0.18361333624485401	-0.00017559584240553114
0.18523140292607826	-0.0001755925307564237
0.18685755994070874	-0.00017558919538933574
0.1884918477404122	-0.00017558583608409298
0.19013430697911424	-0.00017558245261799186
0.1917849785140098	-0.00017557904476540466
0.19344390340657974	-0.00017557561229816275
0.19511112292361268	-0.00017557215498497972
0.1967866785382308	-0.00017556867259171756
0.19847061193092203	-0.00017556516488136115
0.20016296499057665	-0.00017556163161394414
0.20186377981552947	-0.000175558072546314
0.2035730987146071	-0.00017555448743230567
0.20529096420818022	-0.00017555087602267355
0.20701741902922113	-0.0001755472380648359
0.20875250612436722	-0.0001755435733031259
0.210496268654989	-0.00017553988147836637
0.21224874999826396	-0.00017553616232824216
0.21400999374825516	-0.00017553241558697748
0.21578004371699644	-0.00017552864098523745
0.21755894393558148	-0.00017552483825017845
0.2193467386552594	-0.00017552100710555504
0.22114347234853576	-0.00017551714727121528
0.22294918971027836	-0.0001755132584635122
0.2247639356588297	-0.00017550934039491938
0.2265877553371239	-0.00017550539277410028
0.2284206941138094	-0.00017550141530589368
0.23026279758437848	-0.0001754974076910982
0.23211411157230027	-0.0001754933696265822
0.23397468213016168	-0.00017548930080495516
0.23584455554081238	-0.00017548520091480055
0.23772377831851643	-0.00017548106964037616
0.23961239721010893	-0.00017547690666172601
0.24151045919615952	-0.00017547271165440858
0.24341801149214037	-0.00017546848428950335
0.24533510154960114	-0.0001754642242336106
0.24726177705734917	-0.00017545993114886563
0.24919808594263598	-0.00017545560469229616
0.2511440763723492	-0.0001754512445164963
0.2530997967542111	-0.00017544685026897312
0.25506529573798215	-0.00017544242159240017
0.2570406222166721	-0.00017543795812442593
0.25902582532775553	-0.0001754334594974372
0.2610209544543945	-0.00017542892533862928
0.2630260592266663	-0.00017542435526991684
0.2650411895227997	-0.00017541974890774635
0.26706639547041383	-0.00017541510586303053
0.2691017274477658	-0.00017541042574103436
0.2711472360850044	-0.00017540570814144488
0.27320297226542956	-0.00017540095265795974
0.2752689871267568	-0.00017539615887829474
0.2773453320623904	-0.0001753913263843198
0.27943205872270227	-0.00017538645475152092
0.2815292190163157	-0.00017538154354924653
0.28363686511139713	-0.00017537659234037438
0.2857550494369543	-0.000175371600681216
0.287883824684139	-0.00017536656812152271
0.2900232438075598	-0.0001753614942042514
0.29217336002659744	-0.00017535637846549478
0.2943342268267306	-0.00017535122043415552
0.2965058979608642	-0.00017534601963211294
0.2986884274506685	-0.00017534077557396536
0.3008818695879217	-0.0001753354877665662
0.3030862789358613	-0.00017533015570963888
0.3053017103305407	-0.0001753247788947346
0.30752821888219345	-0.0001753193568057994
0.3097658599766045	-0.00017531388891850515
0.31201468927648746	-0.00017530837470034437
0.3142747627228697	-0.00017530281361057858
0.31654613653648417	-0.00017529720509977135
0.31882886721916665	-0.00017529154860981955
0.32112301155526257	-0.00017528584357372732
0.3234286266130387	-0.00017528008941531593
0.325745769746104	-0.0001752742855492687
0.3280744985948343	-0.00017526843138085906
0.33041487108780826	-0.000175262526305558
0.3327669454432473	-0.0001752565697089136
0.3351307801704635	-0.00017525056096669245
0.3375064340713156	-0.0001752444994443231
0.33989396624167195	-0.00017523838449645668
0.3422934360728803	-0.00017523221546748084
0.3447049032532445	-0.00017522599169054665
0.34712842776951053	-0.00017521971248779148
0.3495640699083581	-0.00017521337716980636
0.3520118902578999	-0.00017520698503570135
0.35447194970918944	-0.0001752005353726593
0.35694430945773536	-0.00017519402745567027
0.35942903100502394	-0.00017518746054722388
0.36192617616004885	-0.0001751808338973341
0.36443580704084905	-0.00017517414674276865
0.3669579860760533	-0.00017516739830731302
0.3694927760064337	-0.00017516058780111054
0.3720402398864656	-0.00017515371442029123
0.37460044108589774	-0.00017514677734704244
0.37717344329132724	-0.00017513977574891562
0.37975931050778367	-0.00017513270877875798
0.38235810706032236	-0.00017512557557426383
0.3849698975956241	-0.0001751183752575743
0.38759474708360203	-0.0001751111069349329
0.39023272081902005	-0.00017510376969652886
0.39288388442311495	-0.00017509636261574802
0.3955483038452304	-0.00017508888474930957
0.39822604536445655	-0.0001750813351361971
0.40091717559127893	-0.00017507371279776787
0.4036217614692354	-0.00017506601673720137
0.4063398702765814	-0.0001750582459389819
0.40907156962796437	-0.00017505039936840074
0.4118169274761041	-0.0001750424759715083
0.41457601211348477	-0.00017503447467390488
0.41734889217405197	-0.0001750263943810171
0.42013563663492237	-0.00017501823397702236
0.4229363148180968	-0.00017500999232473047
0.4257509963921872	-0.00017500166826480473
0.4285797513741481	-0.00017499326061520796
0.431422650131019	-0.00017498476817087632
0.4342797633816742	-0.00017497618970291755
0.4371511621985827	-0.00017496752395787347
0.4400369180095757	-0.00017495876965765652
0.4429371025996235	-0.0001749499254982266
0.44585178811262155	-0.00017494099014934915
0.44878104705318456	-0.0001749319622539336
0.4517249522884503	-0.00017492284042706796
0.4546835770498925	-0.00017491362325539246
0.4576569949351417	-0.00017490430929654167
0.4606452799098173	-0.00017489489707811108
0.46364850630936627	-0.00017488538509709896
0.46666674884091325	-0.0001748757718187099
0.46970008258511775	-0.00017486605567596024
0.4727485829980431	-0.0001748562350684054
0.47581232591303324	-0.00017484630836171088
0.47889138754259847	-0.00017483627388606
0.4819858444803113	-0.00017482612993560727
0.48509577370271284	-0.00017481587476749698
0.48822125257122634	-0.0001748055066006839
0.4913623588340824	-0.00017479502361473955
0.49451917062825274	-0.00017478442394921673
0.49769176648139396	-0.00017477370570170755
0.5008802253138008	-0.00017476286692750075
0.50408462644037	-0.00017475190563767475
0.5073050495725719	-0.00017474081979833842
0.5105415748204347	-0.00017472960732887926
0.513794282694537	-0.00017471826610061746
0.5170632541080095	-0.00017470679393591606
0.5203485703785496	-0.00017469518860597057
0.5236503132304423	-0.00017468344782980486
0.5269685647965943	-0.00017467156927239864
0.530303407620577	-0.00017465955054305686
0.5336549246586798	-0.00017464738919385558
0.5370231992819733	-0.0001746350827178136
0.5404083152783831	-0.00017462262854678885
0.5438103568547752	-0.00017461002404990677
0.5472294086390488	-0.0001745972665315004
0.5506655556822441	-0.00017458435322861808
0.5541188834606553	-0.00017457128130951978
0.5575894778779587	-0.00017455804787091977
0.5610774252673482	-0.0001745446499357397
0.5645828123936848	-0.00017453108445085116
0.5681057264556529	-0.0001745173482845486
0.5716462550879313	-0.0001745034382235086
0.575204486363371	-0.00017448935097041926
0.5787805087951877	-0.00017447508314092774
0.5823744113391636	-0.0001744606312607274
0.5859862833958592	-0.00017444599176231888
0.5896162148128385	-0.00017443116098188262
0.5932642958869029	-0.000174416135155371
0.5969306173663373	-0.00017440091041577303
0.6006152704531689	-0.00017438548278854237
0.6043183468054348	-0.00017436984818796229
0.6080399385394619	-0.000174354002412963
0.6117801382321592	-0.00017433794114328347
0.6155390389233196	-0.00017432165993402525
0.6193167341179363	-0.0001743051542114439
0.623113317788526	-0.00017428841926802593
0.6269288843774687	-0.00017427145025677673
0.6307635287993559	-0.00017425424218585307
0.6346173464433525	-0.00017423678991291847
0.6384904331755692	-0.00017421908813841714
0.642382885341447	-0.0001742011313995842
0.6462947997681542	-0.0001741829140630344
0.6502262737669948	-0.0001741644303176851
0.6541774051358298	-0.00017414567416673265
0.6581482921615086	-0.00017412663941972174
0.6621390336223161	-0.0001741073196831251
0.6661497287904276	-0.00017408770835180133
0.6701804774343794	-0.00017406779859787744
0.6742313798215511	-0.00017404758336114187
0.678302536720659	-0.0001740270553364909
0.6823940494042624	-0.0001740062069625038
0.6865060196512838	-0.00017398503040793163
0.6906385497495403	-0.00017396351755697114
0.694791742498288	-0.00017394165999433479
0.6989657012107795	-0.00017391944898928032
0.7031605297168335	-0.0001738968754761869
0.7073763323654175	-0.00017387393003613513
0.7116132140272448	-0.00017385060287562515
0.7158712800973807	-0.00017382688380340614
0.7201506364978674	-0.00017380276220488338
0.7244513896803564	-0.00017377822701492916
0.728773646628758	-0.00017375326668806314
0.7331175148619017	-0.00017372786916452354
0.7374831024362114	-0.00017370202183377014
0.7418705179483922	-0.0001736757114949075
0.7462798705381343	-0.00017364892431123965
0.750711269890825	-0.00017362164576099638
0.7551648262402791	-0.000173593860582516
0.7596406503714807	-0.00017356555271279216
0.7641388536233382	-0.0001735367052193263
0.7686595478914547	-0.00017350730022333693
0.773202845630912	-0.00017347731881473167
0.7777688598590664	-0.00017344674095514753
0.7823577041583616	-0.00017341554537011046
0.7869694926791535	-0.00017338370942688547
0.7916043401425493	-0.00017335120899676008
0.796262361843262	-0.0001733180182979544
0.8009436736524783	-0.0001732841097202868
0.8056483920207407	-0.00017324945362303098
0.8103766339808444	-0.00017321401810649854
0.8151285171507487	-0.00017317776875237022
0.8199041597365022	-0.00017314066832543136
0.8247036805351848	-0.0001731026764359218
0.8295271989378608	-0.00017306374915014054
0.8343748349325502	-0.0001730238385475593
0.8392467091072129	-0.00017298289221059996
0.844142942652749	-0.00017294085264110148
0.8490636573660127	-0.00017289765659019103
0.8540089756528428	-0.00017285323428711132
0.8589790205311072	-0.00017280750855324037
0.8639739156337627	-0.0001727603937827968
0.8689739156337625	-0.00017271198717618239
0.8739739156337623	-0.00017266225358148347
0.878973915633762	-0.0001726110998282077
0.8839739156337618	-0.00017255842163039394
0.8889739156337617	-0.00017250410292362898
0.8939739156337615	-0.00017244801438259664
0.8989739156337613	-0.00017239001175290607
0.9039739156337611	-0.00017232993396928178
0.9089739156337608	-0.00017226760103748788
0.9139739156337606	-0.00017220281164609787
0.9189739156337604	-0.0001721353404749237
0.9239739156337602	-0.00017206493515871992
0.9289739156337601	-0.000171991312860646
0.9339739156337599	-0.00017191415640272124
0.9389739156337596	-0.00017183310989005344
0.9439739156337594	-0.00017174777375985183
0.9489739156337592	-0.0001716576991733905
0.953973915633759	-0.00017156238165656943
0.9589739156337588	-0.00017146125387975276
0.9639739156337586	-0.00017135367744973965
0.9689739156337585	-0.00017123893357050792
0.9739739156337582	-0.00017111621240165447
0.978973915633758	-0.0001709846009211672
0.9839739156337578	-0.0001708430690627289
0.9889739156337576	-0.0001706904538700057
0.9939739156337574	-0.00017052544135825378
0.9989739156337571	-0.0001703465457371698
1.003973915633757	-0.00017015208557716744
1.0089739156337567	-0.00016994015644981305
1.0139739156337566	-0.00016970859948647717
1.0189739156337563	-0.00016945496520824564
1.0239739156337562	-0.00016917647188209882
1.028973915633756	-0.00016886995752528902
1.0339739156337557	-0.00016853182453910553
1.0389739156337556	-0.0001681579757846632
1.0439739156337553	-0.00016774374070943122
1.0489739156337552	-0.0001672837899061101
1.0539739156337549	-0.000166772036207173
1.0589739156337548	-0.00016620152010260553
1.0639739156337544	-0.00016556427689625
1.0689739156337543	-0.00016485118257332038
1.0739739156337542	-0.00016405177485332795
1.0789739156337539	-0.00016315404529608946
1.0839739156337538	-0.00016214419764786322
1.0889739156337535	-0.0001610063668046852
1.0939739156337533	-0.00015972229183416472
1.098973915633753	-0.00015827093542879656
1.103973915633753	-0.00015662804090548345
1.1089739156337528	-0.0001547656164427352
1.1139739156337525	-0.0001526513346062164
1.1189739156337524	-0.00015024783334880552
1.123973915633752	-0.00014751190255632633
1.128973915633752	-0.0001443935378437246
1.1339739156337516	-0.00014083484065865825
1.1389739156337515	-0.00013676874084323553
1.1439739156337512	-0.00013211751462837988
1.148973915633751	-0.00012679106766048866
1.153973915633751	-0.00012068494908091012
1.1589739156337506	-0.00011367805906427579
1.1639739156337505	-0.00010563000860604436
1.1689739156337502	-9.637808698283847e-5
1.17397391563375	-8.573378933131997e-5
1.1789739156337498	-7.347885449651641e-5
1.1839739156337497	-5.936076195437586e-5
1.1889739156337495	-4.308763649874827e-5
1.1939739156337492	-2.4322510770759376e-5
1.197980436725312	-7.225772464665468e-6
1.2019869578168745	1.1944444546748115e-5
1.2059934789084372	3.3443267373239886e-5
1.21	5.7553742926871426e-5
