0.0006999999999999628	-0.00017245073737535657
0.001403500000000035	-0.00017244028555058252
0.0021105174999999296	-0.00017243985770403682
0.0028210700874998964	-0.00017243956773879175
0.003535175437937438	-0.00017243927793274226
0.004252851315127062	-0.00017243898636477693
0.004974115571702636	-0.00017243869299555107
0.005698986149561044	-0.00017243839781163635
0.006427481080308875	-0.00017243810079956988
0.007159618485710418	-0.0001724378019462364
0.007895416578138905	-0.00017243750123798032
0.008634893661029494	-0.0001724371986612558
0.00937806812933463	-0.00017243689420228317
0.010124958469981361	-0.0001724365878473265
0.010875583262331262	-0.00017243627958228748
0.01162996117864295	-0.00017243596939310165
0.012388110984536127	-0.00017243565726550675
0.013150051539458866	-0.00017243534318513732
0.013915801797156208	-0.0001724350271374302
0.014685380806142003	-0.00017243470910782306
0.015458807710172712	-0.00017243438908149628
0.01623610174872358	-0.00017243406704359473
0.017017282257467212	-0.00017243374297899134
0.017802368668754516	-0.0001724334168724973
0.01859138051209827	-0.00017243308870876372
0.019384337414658823	-0.0001724327584724365
0.020181259101732015	-0.00017243242614765645
0.020982165397240727	-0.00017243209171884091
0.02178707622422691	-0.00017243175517001717
0.02259601160534814	-0.00017243141648504926
0.02340899166337483	-0.00017243107564780363
0.024226036621691812	-0.00017243073264187455
0.02504716680480027	-0.00017243038745060575
0.025872402638824326	-0.00017243004005741577
0.02670176465201842	-0.0001724296904454368
0.02753527347527842	-0.00017242933859758935
0.028372949842654864	-0.0001724289844967471
0.0292148145918682	-0.00017242862812555528
0.03006088866482743	-0.00017242826946644462
0.03091119310815165	-0.0001724279085017594
0.0317657490736924	-0.00017242754521364776
0.03262457781906081	-0.00017242717958407857
0.03348770070815601	-0.00017242681159479565
0.034355139211696875	-0.00017242644122746872
0.035226914907755424	-0.0001724260684634521
0.03610304948229413	-0.00017242569328410087
0.03698356472970569	-0.00017242531567027757
0.03786848255335419	-0.00017242493560306251
0.038757824966120964	-0.00017242455306299906
0.03965161409095162	-0.00017242416803070636
0.04054987216140643	-0.00017242378048631322
0.04145262152221345	-0.00017242339041003993
0.04235988462982453	-0.00017242299778173526
0.04327168405297366	-0.0001724226025811149
0.0441880424732386	-0.00017242220478764716
0.04510898268560485	-0.00017242180438064943
0.046034527599032954	-0.00017242140133916442
0.04696470023702812	-0.00017242099564204893
0.04789952373821329	-0.00017242058726795603
0.048839021356904266	-0.0001724201761953602
0.04978321646368884	-0.00017241976240239424
0.05073213254600732	-0.00017241934586699706
0.05168579320873729	-0.000172418926567084
0.052644222174780875	-0.0001724185044800408
0.05360744328565471	-0.00017241807958317748
0.054575480502083065	-0.00017241765185367026
0.055548357904593434	-0.00017241722126821684
0.056526099694116344	-0.00017241678780340614
0.0575087301925869	-0.00017241635143564444
0.05849627384354973	-0.00017241591214093774
0.05948875521276744	-0.0001724154698951348
0.06048619898883127	-0.00017241502467387076
0.061488629983775384	-0.00017241457645236834
0.06249607313369419	-0.0001724141252057387
0.06350855349936275	-0.0001724136709088385
0.06452609626685958	-0.00017241321353605172
0.06554872674819387	-0.0001724127530617372
0.06657647038193484	-0.00017241228945983738
0.06760935273384447	-0.0001724118227040764
0.06864739949751365	-0.0001724113527678098
0.0696906364950013	-0.00017241087962428843
0.07073908967747639	-0.0001724104032461851
0.07179278512586384	-0.00017240992360621332
0.07285174905149322	-0.0001724094406764001
0.0739160077967507	-0.00017240895442888004
0.07498558783573436	-0.00017240846483520823
0.07606051577491299	-0.00017240797186670275
0.07714081835378758	-0.00017240747549438653
0.07822652244555647	-0.0001724069756889604
0.07931765505778425	-0.00017240647242074353
0.0804142433330731	-0.0001724059656597761
0.08151631454973848	-0.00017240545537578462
0.08262389612248718	-0.00017240494153811836
0.0837370156030995	-0.00017240442411576686
0.0848557006811149	-0.00017240390307747186
0.0859799791845205	-0.00017240337839142668
0.08710987908044313	-0.0001724028500257145
0.08824542847584534	-0.0001724023179479352
0.08938665561822454	-0.00017240178212517217
0.09053358889631567	-0.00017240124252443717
0.09168625684079722	-0.00017240069911209324
0.09284468812500112	-0.00017240015185435948
0.09400891156562617	-0.00017239960071681657
0.0951789561234543	-0.00017239904566489133
0.09635485090407148	-0.00017239848666335484
0.09753662515859184	-0.0001723979236768633
0.0987243082843847	-0.00017239735666933718
0.09991792982580656	-0.0001723967856046056
0.10111751947493569	-0.00017239621044580538
0.10232310707231031	-0.00017239563115579117
0.1035347226076718	-0.00017239504769698638
0.10475239622071016	-0.0001723944600312814
0.10597615820181366	-0.0001723938681201657
0.10720603899282274	-0.0001723932719246431
0.10844206918778684	-0.00017239267140534926
0.10968427953372567	-0.00017239206652226442
0.1109327009313943	-0.0001723914572351338
0.11218736443605135	-0.00017239084350299203
0.11344830125823162	-0.0001723902252846271
0.11471554276452282	-0.0001723896025380115
0.11598912047834534	-0.00017238897522074963
0.11726906608073695	-0.00017238834329015983
0.11855541141114062	-0.00017238770670276217
0.11984818846819621	-0.00017238706541450948
0.12114742941053713	-0.00017238641938102628
0.12245316655758978	-0.0001723857685572722
0.1237654323903777	-0.00017238511289773884
0.12508425955232963	-0.00017238445235618878
0.12640968085009122	-0.0001723837868860219
0.1277417292543416	-0.00017238311643978015
0.1290804379006133	-0.000172382440969735
0.13042584009011637	-0.00017238176042731269
0.1317779692905669	-0.00017238107476348082
0.13313685913701961	-0.00017238038392853819
0.13450254343270476	-0.00017237968787208233
0.13587505614986833	-0.00017237898654311965
0.13725443143061763	-0.00017237827989012008
0.13864070358777073	-0.00017237756786073197
0.14003390710570945	-0.0001723768504020254
0.14143407664123803	-0.000172376127460331
0.1428412470244442	-0.00017237539898137976
0.1442554532595664	-0.00017237466491001912
0.14567673052586416	-0.00017237392519064642
0.1471051141784935	-0.0001723731797667025
0.14854063974938603	-0.0001723724285810699
0.149983342948133	-0.00017237167157565212
0.15143325966287374	-0.00017237090869180442
0.15289042596118813	-0.0001723701398700713
0.15435487809099402	-0.0001723693650501473
0.15582665248144906	-0.0001723685841708869
0.1573057857438562	-0.00017236779717055817
0.15879231467257537	-0.0001723670039862908
0.16028627624593816	-0.0001723662045545831
0.16178770762716785	-0.000172365398810936
0.16329664616530362	-0.00017236458669022965
0.16481312939613008	-0.00017236376812612518
0.1663371950431107	-0.00017236294305165525
0.16786888101832628	-0.0001723621113988249
0.1694082254234178	-0.0001723612730986601
0.1709552665505349	-0.00017236042808139513
0.17251004288328747	-0.0001723595762761262
0.17407259309770393	-0.00017235871761111463
0.17564295606319252	-0.00017235785201362764
0.17722117084350858	-0.0001723569794096385
0.17880727669772617	-0.00017235609972448936
0.18040131308121476	-0.00017235521288226508
0.18200331964662084	-0.00017235431880597586
0.18361333624485401	-0.00017235341741766153
0.18523140292607826	-0.00017235250863810136
0.18685755994070874	-0.0001723515923870286
0.1884918477404122	-0.00017235066858306265
0.19013430697911424	-0.00017234973714369382
0.1917849785140098	-0.000172348797985033
0.19344390340657974	-0.00017234785102218165
0.19511112292361268	-0.00017234689616896484
0.1967866785382308	-0.00017234593333785274
0.19847061193092203	-0.00017234496244025388
0.20016296499057665	-0.0001723439833860181
0.20186377981552947	-0.0001723429960838972
0.2035730987146071	-0.00017234200044119013
0.20529096420818022	-0.00017234099636387099
0.20701741902922113	-0.00017233998375645496
0.20875250612436722	-0.00017233896252210614
0.210496268654989	-0.0001723379325625349
0.21224874999826396	-0.00017233689377787808
0.21400999374825516	-0.00017233584606697058
0.21578004371699644	-0.0001723347893269041
0.21755894393558148	-0.00017233372345337893
0.2193467386552594	-0.0001723326483403612
0.22114347234853576	-0.0001723315638803067
0.22294918971027836	-0.0001723304699640096
0.2247639356588297	-0.00017232936648063301
0.2265877553371239	-0.00017232825331742305
0.2284206941138094	-0.00017232713036013415
0.23026279758437848	-0.0001723259974925488
0.23211411157230027	-0.00017232485459680065
0.23397468213016168	-0.00017232370155289284
0.23584455554081238	-0.00017232253823941935
0.23772377831851643	-0.00017232136453260838
0.23961239721010893	-0.00017232018030687027
0.24151045919615952	-0.00017231898543473048
0.24341801149214037	-0.00017231777978652537
0.24533510154960114	-0.00017231656323056136
0.24726177705734917	-0.00017231533563314905
0.24919808594263598	-0.0001723140968581515
0.2511440763723492	-0.00017231284676743266
0.2530997967542111	-0.00017231158522072228
0.25506529573798215	-0.0001723103120750841
0.2570406222166721	-0.0001723090271855655
0.25902582532775553	-0.00017230773040473508
0.2610209544543945	-0.00017230642158262607
0.2630260592266663	-0.00017230510056690085
0.2650411895227997	-0.00017230376720255938
0.26706639547041383	-0.00017230242133209784
0.2691017274477658	-0.00017230106279539898
0.2711472360850044	-0.0001722996914295293
0.27320297226542956	-0.00017229830706888408
0.2752689871267568	-0.00017229690954483708
0.2773453320623904	-0.00017229549868624393
0.27943205872270227	-0.00017229407431858118
0.2815292190163157	-0.0001722926362647843
0.28363686511139713	-0.00017229118434434261
0.2857550494369543	-0.00017228971837389903
0.287883824684139	-0.00017228823816653103
0.2900232438075598	-0.00017228674353237834
0.29217336002659744	-0.00017228523427812172
0.2943342268267306	-0.0001722837102069007
0.2965058979608642	-0.00017228217111874995
0.2986884274506685	-0.00017228061680961518
0.3008818695879217	-0.0001722790470720398
0.3030862789358613	-0.0001722774616949277
0.3053017103305407	-0.00017227586046314111
0.30752821888219345	-0.00017227424315789636
0.3097658599766045	-0.00017227260955636053
0.31201468927648746	-0.00017227095943134874
0.3142747627228697	-0.00017226929255187735
0.31654613653648417	-0.00017226760868241665
0.31882886721916665	-0.00017226590758328075
0.32112301155526257	-0.0001722641890102301
0.3234286266130387	-0.00017226245271432258
0.325745769746104	-0.0001722606984421304
0.3280744985948343	-0.00017225892593539802
0.33041487108780826	-0.000172257134930996
0.3327669454432473	-0.0001722553251605291
0.3351307801704635	-0.00017225349635088472
0.3375064340713156	-0.00017225164822344958
0.33989396624167195	-0.0001722497804940798
0.3422934360728803	-0.00017224789287356436
0.3447049032532445	-0.0001722459850665954
0.34712842776951053	-0.00017224405677245222
0.3495640699083581	-0.00017224210768411086
0.3520118902578999	-0.0001722401374888713
0.35447194970918944	-0.00017223814586768844
0.35694430945773536	-0.00017223613249492246
0.35942903100502394	-0.00017223409703863513
0.36192617616004885	-0.0001722320391604094
0.36443580704084905	-0.00017222995851444724
0.3669579860760533	-0.00017222785474839983
0.3694927760064337	-0.000172225727502437
0.3720402398864656	-0.00017222357640936216
0.37460044108589774	-0.0001722214010946313
0.37717344329132724	-0.00017221920117543114
0.37975931050778367	-0.00017221697626173776
0.38235810706032236	-0.00017221472595482383
0.3849698975956241	-0.00017221244984737749
0.38759474708360203	-0.0001722101475241665
0.39023272081902005	-0.00017220781856055513
0.39288388442311495	-0.00017220546252299192
0.3955483038452304	-0.00017220307896881188
0.39822604536445655	-0.00017220066744551624
0.40091717559127893	-0.0001721982274907758
0.4036217614692354	-0.00017219575863261258
0.4063398702765814	-0.00017219326038813055
0.40907156962796437	-0.00017219073226428305
0.4118169274761041	-0.0001721881737567548
0.41457601211348477	-0.0001721855843502478
0.41734889217405197	-0.00017218296351768325
0.42013563663492237	-0.0001721803107204046
0.4229363148180968	-0.00017217762540746028
0.4257509963921872	-0.00017217490701519324
0.4285797513741481	-0.00017217215496727496
0.431422650131019	-0.00017216936867420798
0.4342797633816742	-0.00017216654753247118
0.4371511621985827	-0.000172163690924929
0.4400369180095757	-0.00017216079821994823
0.4429371025996235	-0.0001721578687709089
0.44585178811262155	-0.00017215490191583416
0.44878104705318456	-0.00017215189697731653
0.4517249522884503	-0.0001721488532616664
0.4546835770498925	-0.0001721457700583738
0.4576569949351417	-0.0001721426466397966
0.4606452799098173	-0.0001721394822607796
0.46364850630936627	-0.0001721362761577321
0.46666674884091325	-0.00017213302754846415
0.46970008258511775	-0.0001721297356311897
0.4727485829980431	-0.0001721263995845933
0.47581232591303324	-0.00017212301856635848
0.47889138754259847	-0.0001721195917132116
0.4819858444803113	-0.00017211611814000103
0.48509577370271284	-0.00017211259693885616
0.48822125257122634	-0.00017210902717881848
0.4913623588340824	-0.00017210540790481307
0.49451917062825274	-0.00017210173813702549
0.49769176648139396	-0.00017209801686995555
0.5008802253138008	-0.00017209424307182224
0.50408462644037	-0.00017209041568355386
0.5073050495725719	-0.00017208653361773632
0.5105415748204347	-0.00017208259575789316
0.513794282694537	-0.0001720786009575616
0.5170632541080095	-0.00017207454803913505
0.5203485703785496	-0.00017207043579262884
0.5236503132304423	-0.00017206626297525487
0.5269685647965943	-0.00017206202830931188
0.530303407620577	-0.00017205773048179523
0.5336549246586798	-0.0001720533681429149
0.5370231992819733	-0.00017204893990457502
0.5404083152783831	-0.00017204444433931807
0.5438103568547752	-0.00017203987997894198
0.5472294086390488	-0.00017203524531267137
0.5506655556822441	-0.00017203053878587596
0.5541188834606553	-0.00017202575879875576
0.5575894778779587	-0.0001720209037040109
0.5610774252673482	-0.00017201597180548385
0.5645828123936848	-0.00017201096135671342
0.5681057264556529	-0.00017200587055810914
0.5716462550879313	-0.00017200069755555998
0.575204486363371	-0.00017199544043858042
0.5787805087951877	-0.0001719900972373549
0.5823744113391636	-0.00017198466592104373
0.5859862833958592	-0.0001719791443950571
0.5896162148128385	-0.00017197353049871157
0.5932642958869029	-0.00017196782200244
0.5969306173663373	-0.0001719620166050795
0.6006152704531689	-0.00017195611193052194
0.6043183468054348	-0.00017195010552551476
0.6080399385394619	-0.00017194399485526322
0.6117801382321592	-0.00017193777730097745
0.6155390389233196	-0.00017193145015544835
0.6193167341179363	-0.00017192501061952215
0.623113317788526	-0.00017191845579807814
0.6269288843774687	-0.00017191178269583646
0.6307635287993559	-0.00017190498821201798
0.6346173464433525	-0.00017189806913631486
0.6384904331755692	-0.00017189102214334968
0.642382885341447	-0.00017188384378740622
0.6462947997681542	-0.00017187653049575033
0.6502262737669948	-0.00017186907856322494
0.6541774051358298	-0.00017186148414535633
0.6581482921615086	-0.0001718537432504519
0.6621390336223161	-0.00017184585173274272
0.6661497287904276	-0.00017183780528319095
0.6701804774343794	-0.00017182959942123929
0.6742313798215511	-0.00017182122948448296
0.678302536720659	-0.00017181269061825792
0.6823940494042624	-0.00017180397776436925
0.6865060196512838	-0.00017179508564852774
0.6906385497495403	-0.0001717860087664862
0.694791742498288	-0.00017177674136942226
0.6989657012107795	-0.00017176727744814966
0.7031605297168335	-0.000171757610713935
0.7073763323654175	-0.00017174773458019613
0.7116132140272448	-0.0001717376421399416
0.7158712800973807	-0.0001717273261419265
0.7201506364978674	-0.00017171677896416694
0.7244513896803564	-0.0001717059925846378
0.728773646628758	-0.0001716949585473245
0.7331175148619017	-0.00017168366792671755
0.7374831024362114	-0.00017167211128585859
0.7418705179483922	-0.00017166027863092404
0.7462798705381343	-0.00017164815935915466
0.750711269890825	-0.00017163574220104106
0.7551648262402791	-0.00017162301515511182
0.7596406503714807	-0.00017160996541428617
0.7641388536233382	-0.00017159657928206336
0.7686595478914547	-0.0001715828420795911
0.773202845630912	-0.0001715687380383386
0.7777688598590664	-0.00017155425017967936
0.7823577041583616	-0.00017153936017753587
0.7869694926791535	-0.00017152404820375305
0.7916043401425493	-0.00017150829275075903
0.796262361843262	-0.00017149207043000583
0.8009436736524783	-0.0001714753557436557
0.8056483920207407	-0.00017145812082300802
0.8103766339808444	-0.00017144033513145267
0.8151285171507487	-0.00017142196512442832
0.8199041597365022	-0.00017140297386230042
0.8247036805351848	-0.0001713833205672814
0.8295271989378608	-0.00017136296011776244
0.8343748349325502	-0.00017134184247021524
0.8392467091072129	-0.0001713199119968348
0.844142942652749	-0.00017129710672947326
0.8490636573660127	-0.00017127335749233939
0.8540089756528428	-0.0001712485869095721
0.8589790205311072	-0.00017122270826756502
0.8639739156337627	-0.00017119562421202684
0.8689739156337625	-0.00017116733908148344
0.8739739156337623	-0.00017113777782283538
0.878973915633762	-0.00017110682587968148
0.8839739156337618	-0.00017107435503308955
0.8889739156337617	-0.0001710402220276268
0.8939739156337615	-0.00017100426673773768
0.8989739156337613	-0.00017096631010811398
0.9039739156337611	-0.0001709261518451837
0.9089739156337608	-0.00017088356782300344
0.9139739156337606	-0.00017083830717149295
0.9189739156337604	-0.00017079008900354844
0.9239739156337602	-0.0001707385987340023
0.9289739156337601	-0.0001706834839370167
0.9339739156337599	-0.00017062434968058554
0.9389739156337596	-0.00017056075326644007
0.9439739156337594	-0.00017049219829656182
0.9489739156337592	-0.00017041812797129242
0.953973915633759	-0.00017033791751520195
0.9589739156337588	-0.00017025086560831725
0.9639739156337586	-0.00017015618468482177
0.9689739156337585	-0.00017005298993693694
0.9739739156337582	-0.0001699402868456973
0.978973915633758	-0.00016981695702224163
0.9839739156337578	-0.0001696817421242
0.9889739156337576	-0.00016953322556726734
0.9939739156337574	-0.00016936981171046924
0.9989739156337571	-0.00016918970215386617
1.003973915633757	-0.00016899086871806175
1.0089739156337567	-0.00016877102262410814
1.0139739156337566	-0.00016852757930639302
1.0189739156337563	-0.00016825761821141741
1.0239739156337562	-0.00016795783682786922
1.028973915633756	-0.00016762449808374388
1.0339739156337557	-0.00016725337010183258
1.0389739156337556	-0.0001668396571535834
1.0439739156337553	-0.0001663779204619229
1.0489739156337552	-0.00016586198729710936
1.0539739156337549	-0.00016528484655406006
1.0589739156337548	-0.00016463852871986383
1.0639739156337544	-0.0001639139678041562
1.0689739156337543	-0.00016310084242116257
1.0739739156337542	-0.00016218739276438804
1.0789739156337539	-0.00016116020970715272
1.0839739156337538	-0.00016000399166235836
1.0889739156337535	-0.00015870126416003724
1.0939739156337533	-0.0001572320563171282
1.098973915633753	-0.00015557352748310377
1.103973915633753	-0.0001536995363317739
1.1089739156337528	-0.0001515801435173715
1.1139739156337525	-0.00014918103771978947
1.1189739156337524	-0.00014646287346411653
1.123973915633752	-0.00014338050748790687
1.128973915633752	-0.0001398821186852865
1.1339739156337516	-0.0001359081947573176
1.1389739156337515	-0.00013139036668361942
1.1439739156337512	-0.00012625007004921275
1.148973915633751	-0.00012039701015950599
1.153973915633751	-0.00011372740586701516
1.1589739156337506	-0.00010612198524479108
1.1639739156337505	-9.744370484858288e-5
1.1689739156337502	-8.753516355637701e-5
1.17397391563375	-7.621568215533904e-5
1.1789739156337498	-6.327802132520729e-5
1.1839739156337497	-4.848471389779668e-5
1.1889739156337495	-3.156399272861053e-5
1.1939739156337492	-1.2205303773780235e-5
1.197980436725312	5.305268817078879e-6
1.2019869578168745	2.4810829622220868e-5
1.2059934789084372	4.6539757193794884e-5
1.21	7.074279499148068e-5
