1.3993	0.0007020747318490245
1.3985965	0.0006777379802334739
1.3978894825	0.0006548743146933538
1.3971789299125	0.0006325285004923874
1.3964648245620626	0.0006106578808300834
1.3957471486848727	0.0005892546195053664
1.395025884428297	0.0005683121737299382
1.3943010138504386	0.0005478240469330074
1.3935725189196908	0.0005277837454468916
1.3928403815142891	0.0005081847794124473
1.3921045834218606	0.0004890206652614004
1.3913651063389698	0.00047028492820297635
1.3906219318706647	0.00045197110467656284
1.389875041530018	0.0004340727447544141
1.3891244167376682	0.000416583414496959
1.3883700388213565	0.00039949669826580965
1.3876118890154634	0.000382806200984752
1.3868499484605408	0.0003665055503462001
1.3860841982028433	0.0003505883989782456
1.3853146191938577	0.00033504842654904685
1.384541192289827	0.0003198793418258562
1.383763898251276	0.0003050748846790186
1.3829827177425325	0.00029062882803137987
1.3821976313312452	0.00027653497975664825
1.3814086194879014	0.0002627871845195345
1.380615662585341	0.00024937932556313134
1.3798187408982676	0.00023630532644003328
1.3790178346027588	0.00022355915268942677
1.3782129237757728	0.00021113481345499076
1.3774039883946516	0.00019902636304973035
1.3765910083366248	0.00018722790246328074
1.375773963378308	0.00017573358081440126
1.3749528331951995	0.000164537596743151
1.3741275973611755	0.00015363419975202757
1.3732982353479815	0.00014301769148790185
1.3724647265247214	0.00013268242696910443
1.371627050157345	0.0001226228157547719
1.3707851854081319	0.00011283332306322581
1.3699391113351724	0.00010330847082926333
1.3690888068918483	9.404283871265216e-5
1.3682342509263077	8.5031065046882e-5
1.367375422180939	7.626784773708345e-5
1.3665122992918437	6.774794510602964e-5
1.365644860788303	5.9466176681453365e-5
1.3647730850922446	5.141742393661164e-5
1.3638969505177059	4.359663097681013e-5
1.3630164352702943	3.599880517525982e-5
1.3621315174466457	2.8619017757881603e-5
1.361242175033879	2.145240433965531e-5
1.3603483859090486	1.4494165409247784e-5
1.3594501278385938	7.739566769478419e-6
1.3585473784777866	1.1839399265734627e-6
1.3576401153701756	-5.177317563713044e-6
1.3567283159470265	-1.1348741800113238e-5
1.3558119575267615	-1.733480228071718e-5
1.3548910173143955	-2.31399016941077e-5
1.3539654724009675	-2.8768375751864583e-5
1.3530352997629724	-3.4224493067427975e-5
1.3521004762617872	-3.9512455068899105e-5
1.351160978643096	-4.463639596207079e-5
1.3502167835363117	-4.9600382721097645e-5
1.349267867453993	-5.440841512968409e-5
1.348314206791263	-5.906442585152641e-5
1.3473557778252194	-6.357228053770565e-5
1.3463925567143453	-6.793577797501696e-5
1.345424519497917	-7.215865026380281e-5
1.344451642095407	-7.624456302836288e-5
1.343473900305884	-8.019711566708242e-5
1.3424912698074134	-8.401984162367357e-5
1.3415037261564504	-8.771620869849484e-5
1.3405112447872327	-9.128961938153942e-5
1.339513801011169	-9.474341122010423e-5
1.3385113700162248	-9.808085720926114e-5
1.3375039268663058	-0.00010130516621034289
1.3364914465006374	-0.00010441948339655681
1.3354739037331405	-0.00010742689071912689
1.3344512732518063	-0.00011033040740129465
1.3334235296180652	-0.00011313299045069176
1.3323906472661557	-0.00011583753519430269
1.3313526005024865	-0.00011844687583710154
1.330309363504999	-0.00012096378603490385
1.329260910322524	-0.00012339097948931108
1.3282072148741366	-0.00012573111055973278
1.3271482509485073	-0.00012798677489027105
1.32608399220325	-0.00013016051005417038
1.3250144121642662	-0.00013225479621265
1.3239394842250876	-0.0001342720567871425
1.322859181646213	-0.00013621465914469508
1.321773477554444	-0.00013808491529786735
1.3206823449422163	-0.00013988508260828896
1.3195857566669273	-0.00014161736451148062
1.318483685450262	-0.00014328391124366211
1.3173761038775131	-0.00014488682057877577
1.3162629843969007	-0.00014642813857487376
1.3151442993188853	-0.00014790986032771838
1.3140200208154798	-0.0001493339307279261
1.312890120919557	-0.0001507022452278829
1.3117545715241548	-0.00015201665060937268
1.3106133443817756	-0.00015327894576013358
1.3094664111036844	-0.00015449088244950222
1.308313743159203	-0.00015565416610719543
1.307155311874999	-0.0001567704566083786
1.305991088434374	-0.0001578413690555204
1.3048210438765457	-0.00015886847456344214
1.3036451490959284	-0.00015985330104329037
1.302463374841408	-0.00016079733398808582
1.3012756917156152	-0.00016170201725345935
1.3000820701741933	-0.00016256875384148048
1.2988824805250643	-0.0001633989066816765
1.2976768929276896	-0.00016419379940261808
1.2964652773923282	-0.00016495471711084266
1.29524760377929	-0.00016568290716049213
1.2940238417981864	-0.0001663795799168226
1.2927939610071773	-0.0001670459095221164
1.2915579308122132	-0.00016768303464863486
1.2903157204662743	-0.00016829205925416888
1.2890672990686056	-0.00016887405332583407
1.2878126355639488	-0.00016943005362170387
1.2865516987417684	-0.0001699610644039181
1.2852844572354774	-0.00017046805816828525
1.2840108795216547	-0.0001709519763635244
1.282730933919263	-0.0001714137301045736
1.2814445885888592	-0.000171854200881436
1.2801518115318036	-0.00017227424125614756
1.2788525705894627	-0.0001726746755557154
1.2775468334424098	-0.00017305630055465356
1.276234567609622	-0.00017341988615186547
1.27491574044767	-0.0001737661760369475
1.2735903191499085	-0.00017409588835012424
1.272258270745658	-0.00017440971633418808
1.2709195620993863	-0.00017470832897514843
1.2695741599098833	-0.00017499237163744852
1.2682220307094327	-0.00017526246668881867
1.2668631408629798	-0.00017551921411715943
1.2654974565672947	-0.0001757631921390694
1.2641249438501312	-0.00017599495779600728
1.2627455685693818	-0.00017621504754958717
1.2613592964122287	-0.00017642397785777616
1.25996609289429	-0.0001766222457492314
1.2585659233587614	-0.00017681032938624922
1.2571587529755552	-0.00017698868861899716
1.255744546740433	-0.00017715776553027006
1.254323269474135	-0.00017731798496947477
1.2528948858215059	-0.00017746975508130575
1.2514593602506134	-0.0001776134678205481
1.2500166570518665	-0.00017774949946099423
1.248566740337126	-0.00017787821109288362
1.2471095740388114	-0.00017799994911072404
1.2456451219090057	-0.00017811504569316007
1.2441733475185506	-0.00017822381927154845
1.2426942142561435	-0.0001783265749901316
1.241207685327424	-0.00017842360515526906
1.2397137237540612	-0.00017851518967521173
1.2382122923728316	-0.00017860159649138118
1.2367033538346957	-0.00017868308199730802
1.2351868706038691	-0.0001787598914509896
1.2336628049568885	-0.0001788322593734438
1.232131118981673	-0.00017890040994059754
1.2305917745765813	-0.0001789645573646953
1.2290447334494643	-0.00017902490626360405
1.2274899571167115	-0.00017908165202363215
1.2259274069022952	-0.00017913498114973417
1.2243570439368066	-0.00017918507160866355
1.2227788291564907	-0.0001792320931584241
1.221192723302273	-0.00017927620767373964
1.2195986869187845	-0.00017931756945570144
1.2179966803533784	-0.00017935632553811627
1.2163866637551453	-0.00017939261597876645
1.214768597073921	-0.0001794265741468438
1.2131424400592907	-0.00017945832699649001
1.2115081522595872	-0.0001794879953351722
1.2098656930208853	-0.0001795156940803106
1.2082150214859897	-0.00017954153251058906
1.2065560965934197	-0.00017956561450434337
1.2048888770763866	-0.00017958803877361177
1.2032133214617686	-0.0001796088990885189
1.2015293880690776	-0.00017962828449207165
1.199837035009423	-0.00017964627951031446
1.19813622018447	-0.0001796629643532874
1.1964269012853925	-0.00017967841510651653
1.1947090357918195	-0.000179692703919105
1.1929825809707786	-0.00017970589918225592
1.1912474938756326	-0.00017971806570098384
1.1895037313450108	-0.00017972926486078665
1.1877512500017358	-0.00017973955478510983
1.1859900062517443	-0.0001797489904896568
1.1842199562830031	-0.00017975762402818338
1.1824410560644183	-0.00017976550463402264
1.1806532613447402	-0.0001797726788528461
1.178856527651464	-0.00017977919067538293
1.1770508102897215	-0.00017978508165844648
1.1752360643411701	-0.00017979039104610802
1.1734122446628759	-0.00017979515588158366
1.1715793058861903	-0.00017979941111740617
1.1697372024156214	-0.00017980318971966419
1.1678858884276995	-0.00017980652276740453
1.1660253178698379	-0.00017980943954791574
1.164155444459187	-0.00017981196764779676
1.162276221681483	-0.00017981413304189498
1.1603876027898905	-0.00017981596017365768
1.15848954080384	-0.00017981747203640267
1.1565819885078592	-0.00017981869025005147
1.1546648984503987	-0.00017981963513159923
1.1527382229426506	-0.00017982032576474138
1.150801914057364	-0.00017982078006742753
1.1488559236276508	-0.00017982101485204522
1.1469002032457891	-0.0001798210458878142
1.1449347042620182	-0.0001798208879561105
1.1429593777833282	-0.00017982055490457256
1.140974174672245	-0.00017982005970097991
1.1389790455456061	-0.00017981941447923198
1.1369739407733341	-0.0001798186305892621
1.134958810477201	-0.00017981771863904422
1.1329336045295868	-0.00017981668853833875
1.130898272552235	-0.00017981554953795485
1.1288527639149961	-0.00017981431026830634
1.1267970277345711	-0.00017981297877586616
1.124731012873244	-0.0001798115625564751
1.1226546679376104	-0.00017981006858981018
1.1205679412772984	-0.0001798085033678001
1.118470780983685	-0.00017980687292526153
1.1163631348886034	-0.00017980518286816823
1.1142449505630463	-0.0001798034383988652
1.1121161753158617	-0.00017980164434145215
1.109976756192441	-0.00017979980516425256
1.1078266399734031	-0.0001797979250039669
1.1056657731732702	-0.00017979600768494282
1.1034941020391367	-0.00017979405674015445
1.1013115725493323	-0.00017979207542907416
1.099118130412079	-0.00017979006675518023
1.0969137210641395	-0.00017978803348467373
1.0946982896694601	-0.00017978597815966586
1.0924717811178075	-0.00017978390311460454
1.0902341400233966	-0.0001797818104893257
1.0879853107235138	-0.00017977970224274976
1.0857252372771313	-0.00017977758016541253
1.0834538634635171	-0.00017977544589077498
1.0811711327808347	-0.00017977330090629867
1.078876988444739	-0.000179771146563507
1.0765713733869626	-0.0001797689840879693
1.0742542302538975	-0.000179766814588327
1.071925501405167	-0.00017976463906477016
1.0695851289121927	-0.00017976245841667921
1.0672330545567537	-0.00017976027345113242
1.0648692198295375	-0.00017975808488797124
1.0624935659286854	-0.00017975589336905492
1.0601060337583288	-0.00017975369946176696
1.0577065639271206	-0.00017975150366661823
1.055295096746756	-0.000179749306421449
1.0528715722304898	-0.00017974710810722598
1.0504359300916424	-0.00017974490905182228
1.0479881097421007	-0.0001797427095355595
1.045528050290811	-0.0001797405097942643
1.0430556905422652	-0.00017973831002321072
1.0405709689949765	-0.0001797361103812608
1.0380738238399514	-0.0001797339109933419
1.0355641929591513	-0.00017973171195396714
1.033042013923947	-0.00017972951332986654
1.0305072239935669	-0.00017972731516228196
1.0279597601135346	-0.00017972511747023888
1.0253995589141023	-0.00017972292025215573
1.0228265567086727	-0.00017972072348800043
1.0202406894922162	-0.00017971852714117505
1.0176418929396773	-0.00017971633116009185
1.0150301024043757	-0.00017971413548070026
1.0124052529163976	-0.00017971194002654767
1.0097672791809797	-0.00017970974471164783
1.0071161155768849	-0.00017970754944041448
1.0044516961547694	-0.0001797053541099789
1.001773954635543	-0.00017970315861025
0.9990828244087209	-0.00017970096282558814
0.9963782385307645	-0.0001796987666355784
0.9936601297234184	-0.0001796965699149884
0.9909284303720356	-0.00017969437253609588
0.9881830725238958	-0.0001796921743675012
0.9854239878865152	-0.00017968997527670572
0.9826511078259479	-0.00017968777512844246
0.9798643633650778	-0.00017968557378683907
0.9770636851819031	-0.00017968337111536062
0.9742490036078126	-0.00017968116697711123
0.9714202486258519	-0.00017967896123507603
0.9685773498689811	-0.0001796767537519561
0.9657202366183261	-0.00017967454439180404
0.9628488378014177	-0.00017967233301877496
0.9599630819904249	-0.00017967011949805424
0.9570628974003771	-0.000179667903695948
0.954148211887379	-0.0001796656854796568
0.951218952946816	-0.00017966346471787515
0.94827504771155	-0.00017966124128040759
0.9453164229501079	-0.00017965901503813662
0.9423430050648585	-0.0001796567858638773
0.9393547200901828	-0.00017965455363119857
0.9363514936906338	-0.00017965231821534143
0.933333251159087	-0.00017965007949257878
0.9302999174148825	-0.00017964783734083847
0.9272514170019569	-0.00017964559163878124
0.9241876740869668	-0.0001796433422665107
0.9211086124574017	-0.00017964108910499633
0.9180141555196888	-0.00017963883203601447
0.9149042262972873	-0.00017963657094255547
0.9117787474287737	-0.00017963430570808119
0.9086376411659177	-0.0001796320362165205
0.9054808293717473	-0.0001796297623526235
0.9023082335186061	-0.00017962748400122622
0.8991197746861993	-0.00017962520104753636
0.8959153735596304	-0.00017962291337687475
0.8926949504274286	-0.00017962062087436485
0.8894584251795659	-0.00017961832342525477
0.8862057173054638	-0.00017961602091405451
0.8829367458919911	-0.00017961371322506618
0.8796514296214512	-0.00017961140024227616
0.8763496867695585	-0.00017960908184825726
0.8730314352034062	-0.00017960675792531432
0.8696965923794233	-0.00017960442835433896
0.8663450753413204	-0.0001796020930154581
0.8629768007180271	-0.0001795997517874527
0.8595916847216173	-0.00017959740454761774
0.8561896431452254	-0.0001795950511718545
0.8527705913609516	-0.00017959269153427346
0.8493344443177563	-0.0001795903255075509
0.8458811165393451	-0.0001795879529622752
0.8424105221220419	-0.00017958557376758423
0.8389225747326522	-0.000179583187790024
0.8354171876063156	-0.0001795807948945567
0.8318942735443472	-0.0001795783949437954
0.828353744912069	-0.0001795759877981628
0.8247955136366294	-0.00017957357331592022
0.8212194912048126	-0.00017957115135308144
0.8176255886608368	-0.00017956872176311877
0.8140137166041411	-0.00017956628439720867
0.810383785187162	-0.00017956383910423766
0.8067357041130979	-0.00017956138573066972
0.8030693826336635	-0.00017955892412050944
0.7993847295468317	-0.00017955645411575082
0.795681653194566	-0.00017955397555552145
0.7919600614605388	-0.00017955148827711908
0.7882198617678416	-0.00017954899211546866
0.784460961076681	-0.00017954648690307967
0.7806832658820645	-0.0001795439724706229
0.7768866822114748	-0.00017954144864700504
0.7730711156225323	-0.0001795389152586312
0.769236471200645	-0.00017953637213052905
0.7653826535566484	-0.00017953381908622113
0.7615095668244318	-0.0001795312559472948
0.757617114658554	-0.00017952868253441034
0.7537052002318467	-0.00017952609866725953
0.7497737262330062	-0.00017952350416381528
0.7458225948641712	-0.00017952089884237324
0.7418517078384922	-0.00017951828251997837
0.7378609663776847	-0.00017951565501413046
0.7338502712095732	-0.0001795130161416093
0.7298195225656212	-0.0001795103657203497
0.7257686201784495	-0.00017950770356876418
0.7216974632793418	-0.00017950502950627424
0.7176059505957386	-0.00017950234335384544
0.7134939803487175	-0.00017949964493412776
0.7093614502504612	-0.00017949693407220198
0.7052082575017136	-0.0001794942105958811
0.7010342987892222	-0.00017949147433632366
0.6968394702831683	-0.00017948872512810163
0.6926236676345843	-0.00017948596281053126
0.6883867859727574	-0.00017948318722729454
0.6841287199026211	-0.00017948039822807384
0.6798493635021343	-0.00017947759566821738
0.675548610319645	-0.00017947477941022998
0.6712263533712433	-0.00017947194932405562
0.6668824851380994	-0.000179469105287863
0.6625168975637901	-0.00017946624718905634
0.6581294820516091	-0.00017946337492464153
0.6537201294618674	-0.0001794604884028075
0.6492887301091769	-0.00017945758754323105
0.6448351737597228	-0.00017945467227824724
0.6403593496285215	-0.0001794517425536863
0.6358611463766641	-0.00017944879833046046
0.6313404521085475	-0.00017944583958463212
0.6267971543690904	-0.00017944286630945585
0.622231140140936	-0.00017943987851596152
0.6176422958416407	-0.00017943687623440656
0.613030507320849	-0.0001794338595151989
0.6083956598574531	-0.00017943082843024615
0.6037376381567405	-0.0001794277830742787
0.5990563263475244	-0.00017942472356590077
0.594351607979262	-0.00017942165004918384
0.5896233660191583	-0.0001794185626944053
0.5848714828492543	-0.00017941546169998636
0.5800958402635005	-0.00017941234729317704
0.5752963194648181	-0.00017940921973137847
0.5704728010621424	-0.00017940607930409463
0.5656251650674531	-0.00017940292633284425
0.5607532908927905	-0.00017939976117357272
0.5558570573472545	-0.00017939658421687877
0.5509363426339909	-0.00017939339588938344
0.545991024347161	-0.0001793901966546357
0.5410209794688969	-0.00017938698701395022
0.5360260843662413	-0.00017938376750693819
0.5310260843662413	-0.000179380544920719
0.5260260843662413	-0.00017937732802212028
0.5210260843662413	-0.00017937411912883854
0.5160260843662413	-0.0001793709188733082
0.5110260843662413	-0.00017936772790253032
0.5060260843662413	-0.0001793645468796778
0.5010260843662413	-0.0001793613764829814
0.4960260843662412	-0.0001793582174035874
0.4910260843662412	-0.0001793550703444482
0.4860260843662412	-0.00017935193601775163
0.48102608436624117	-0.0001793488151436642
0.47602608436624116	-0.00017934570844742653
0.47102608436624116	-0.00017934261665826555
0.46602608436624116	-0.00017933954050642007
0.46102608436624115	-0.0001793364807215901
0.45602608436624115	-0.00017933343803019732
0.45102608436624114	-0.0001793304131536408
0.44602608436624114	-0.00017932740680577866
0.44102608436624113	-0.0001793244196905075
0.43602608436624113	-0.00017932145250036988
0.431026084366241	-0.00017931850591351326
0.426026084366241	-0.00017931558059222435
0.421026084366241	-0.00017931267718049117
0.416026084366241	-0.00017930979630254056
0.411026084366241	-0.00017930693856062487
0.406026084366241	-0.00017930410453338464
0.401026084366241	-0.00017930129477448475
0.39602608436624087	-0.00017929850981085785
0.391026084366241	-0.00017929575014142554
0.38602608436624086	-0.00017929301623613634
0.38102608436624097	-0.0001792903085346511
0.37602608436624085	-0.00017928762744550336
0.37102608436624096	-0.00017928497334564113
0.36602608436624084	-0.00017928234657933306
0.36102608436624095	-0.0001792797474584995
0.35602608436624084	-0.00017927717626159875
0.35102608436624094	-0.0001792746332341619
0.3460260843662408	-0.0001792721185885984
0.34102608436624093	-0.0001792696325044975
0.3360260843662408	-0.00017926717512850218
0.3310260843662407	-0.00017926474657557848
0.3260260843662408	-0.00017926234692861574
0.3210260843662407	-0.00017925997624011403
0.3160260843662408	-0.00017925763453204558
0.3110260843662407	-0.00017925532179733207
0.3060260843662408	-0.00017925303800055302
0.3010260843662407	-0.00017925078307913124
0.2960260843662408	-0.0001792485569441517
0.29102608436624067	-0.00017924635948178845
0.2860260843662408	-0.00017924419055448114
0.28102608436624066	-0.00017924205000210812
0.27602608436624076	-0.00017923993764306943
0.27102608436624065	-0.0001792378532757058
0.26602608436624053	-0.00017923579667955308
0.26102608436624064	-0.00017923376761679
0.2560260843662405	-0.00017923176583335874
0.25102608436624063	-0.00017922979106002295
0.24602608436624052	-0.00017922784301385315
0.24102608436624062	-0.00017922592139956126
0.2360260843662405	-0.00017922402591028053
0.2310260843662406	-0.0001792221562291189
0.2260260843662405	-0.00017922031203009377
0.2210260843662406	-0.0001792184929791099
0.2160260843662405	-0.00017921669873528548
0.2110260843662406	-0.00017921492895170082
0.20602608436624048	-0.00017921318327636122
0.20102608436624037	-0.000179211461353282
0.19602608436624047	-0.00017920976282311053
0.19102608436624036	-0.00017920808732410892
0.18602608436624046	-0.0001792064344927444
0.18102608436624035	-0.00017920480396482906
0.17602608436624045	-0.00017920319537540288
0.17102608436624034	-0.0001792016083602703
0.16602608436624045	-0.00017920004255573367
0.16102608436624033	-0.0001791984975998334
0.15602608436624044	-0.00017919697313246985
0.15102608436624032	-0.00017919546879570275
0.14602608436624043	-0.00017919398423474518
0.1410260843662403	-0.00017919251909759496
0.1360260843662402	-0.00017919107303616464
0.1310260843662403	-0.0001791896457058664
0.1260260843662402	-0.00017918823676619405
0.1210260843662403	-0.00017918684588122467
0.11602608436624018	-0.0001791854727193563
0.11102608436624029	-0.0001791841169540099
0.10602608436624017	-0.00017918277826302884
0.10102608436624028	-0.00017918145632985397
0.09602608436624016	-0.00017918015084264204
0.09102608436624027	-0.00017917886149500345
0.08602608436624015	-0.00017917758798598806
0.08102608436624026	-0.00017917633001961262
0.07602608436624014	-0.0001791750873058886
0.07102608436624003	-0.00017917385955980495
0.06602608436624013	-0.0001791726465021328
0.06102608436624002	-0.00017917144785884107
0.056026084366240125	-0.0001791702633618117
0.05102608436624001	-0.00017916909274762226
0.046026084366240116	-0.00017916793575902692
0.04102608436624	-0.00017916679214368585
0.03602608436624011	-0.00017916566165470727
0.031026084366239992	-0.00017916454405045217
0.0260260843662401	-0.00017916343909441022
0.021026084366239983	-0.00017916234655545904
0.016026084366239868	-0.00017916126620714032
0.012019563274680012	-0.00017916029863176183
0.008013042183119934	-0.0001791594499423271
0.004006521091559856	-0.00017915860888335772
0.0	-0.0001791577751679227
