0.0006999999999999628	-0.0001626822065871092
0.001403500000000035	-0.0001626722940673448
0.0021105174999999296	-0.00016267198586618172
0.0028210700874998964	-0.00016267181259194745
0.003535175437937438	-0.0001626716401467132
0.004252851315127062	-0.00016267146664301034
0.004974115571702636	-0.00016267129204670494
0.005698986149561044	-0.0001626711163491024
0.006427481080308875	-0.00016267093954205444
0.007159618485710418	-0.00016267076161723527
0.007895416578138905	-0.00016267058256606655
0.008634893661029494	-0.00016267040238017664
0.00937806812933463	-0.00016267022105100504
0.010124958469981361	-0.0001626700385697591
0.010875583262331262	-0.00016266985492786415
0.01162996117864295	-0.0001626696701163849
0.012388110984536127	-0.00016266948412638308
0.013150051539458866	-0.00016266929694900244
0.013915801797156208	-0.0001626691085749916
0.014685380806142003	-0.00016266891899535297
0.015458807710172712	-0.00016266872820068273
0.01623610174872358	-0.00016266853618174653
0.017017282257467212	-0.00016266834292908108
0.017802368668754516	-0.00016266814843311384
0.01859138051209827	-0.0001626679526842156
0.019384337414658823	-0.00016266775567280606
0.020181259101732015	-0.0001626675573889547
0.020982165397240727	-0.00016266735782276693
0.02178707622422691	-0.00016266715696434326
0.02259601160534814	-0.00016266695480345503
0.02340899166337483	-0.00016266675132997854
0.024226036621691812	-0.000162666546533657
0.02504716680480027	-0.00016266634040400737
0.025872402638824326	-0.00016266613293055125
0.02670176465201842	-0.00016266592410273275
0.02753527347527842	-0.00016266571390981455
0.028372949842654864	-0.00016266550234098152
0.0292148145918682	-0.00016266528938520838
0.03006088866482743	-0.00016266507503163692
0.03091119310815165	-0.00016266485926904708
0.0317657490736924	-0.0001626646420861464
0.03262457781906081	-0.00016266442347159018
0.03348770070815601	-0.00016266420341385648
0.034355139211696875	-0.00016266398190141408
0.035226914907755424	-0.00016266375892244817
0.03610304948229413	-0.00016266353446524765
0.03698356472970569	-0.00016266330851772174
0.03786848255335419	-0.00016266308106788253
0.038757824966120964	-0.0001626628521034151
0.03965161409095162	-0.0001626626216120965
0.04054987216140643	-0.00016266238958135548
0.04145262152221345	-0.00016266215599870237
0.04235988462982453	-0.00016266192085136807
0.04327168405297366	-0.00016266168412647152
0.0441880424732386	-0.00016266144581108705
0.04510898268560485	-0.00016266120589209055
0.046034527599032954	-0.00016266096435614864
0.04696470023702812	-0.00016266072118987943
0.04789952373821329	-0.0001626604763797942
0.048839021356904266	-0.00016266022991211326
0.04978321646368884	-0.00016265998177308495
0.05073213254600732	-0.0001626597319487557
0.05168579320873729	-0.00016265948042489204
0.052644222174780875	-0.00016265922718738905
0.05360744328565471	-0.00016265897222152438
0.054575480502083065	-0.0001626587155130106
0.055548357904593434	-0.00016265845704693376
0.056526099694116344	-0.00016265819680843604
0.0575087301925869	-0.00016265793478250466
0.05849627384354973	-0.00016265767095383906
0.05948875521276744	-0.00016265740530703432
0.06048619898883127	-0.00016265713782655252
0.061488629983775384	-0.00016265686849680785
0.06249607313369419	-0.00016265659730163918
0.06350855349936275	-0.0001626563242251026
0.06452609626685958	-0.00016265604925097768
0.06554872674819387	-0.00016265577236269864
0.06657647038193484	-0.00016265549354375845
0.06760935273384447	-0.0001626552127773476
0.06864739949751365	-0.0001626549300464764
0.0696906364950013	-0.00016265464533383745
0.07073908967747639	-0.00016265435862221654
0.07179278512586384	-0.00016265406989391098
0.07285174905149322	-0.00016265377913124427
0.0739160077967507	-0.00016265348631621404
0.07498558783573436	-0.0001626531914306765
0.07606051577491299	-0.0001626528944561859
0.07714081835378758	-0.0001626525953742597
0.07822652244555647	-0.0001626522941659863
0.07931765505778425	-0.0001626519908123269
0.0804142433330731	-0.000162651685294214
0.08151631454973848	-0.00016265137759199149
0.08262389612248718	-0.00016265106768610632
0.0837370156030995	-0.00016265075555654896
0.0848557006811149	-0.00016265044118327158
0.0859799791845205	-0.00016265012454577836
0.08710987908044313	-0.00016264980562356244
0.08824542847584534	-0.0001626494843956976
0.08938665561822454	-0.00016264916084105985
0.09053358889631567	-0.0001626488349384078
0.09168625684079722	-0.00016264850666596102
0.09284468812500112	-0.00016264817600200701
0.09400891156562617	-0.00016264784292430116
0.0951789561234543	-0.00016264750741047846
0.09635485090407148	-0.00016264716943788357
0.09753662515859184	-0.00016264682898361977
0.0987243082843847	-0.00016264648602452918
0.09991792982580656	-0.00016264614053697077
0.10111751947493569	-0.00016264579249724532
0.10232310707231031	-0.00016264544188135776
0.1035347226076718	-0.00016264508866478284
0.10475239622071016	-0.00016264473282303024
0.10597615820181366	-0.00016264437433104602
0.10720603899282274	-0.00016264401316355508
0.10844206918778684	-0.00016264364929501898
0.10968427953372567	-0.00016264328269953145
0.1109327009313943	-0.00016264291335091127
0.11218736443605135	-0.00016264254122252313
0.11344830125823162	-0.00016264216628755797
0.11471554276452282	-0.00016264178851878818
0.11598912047834534	-0.00016264140788863578
0.11726906608073695	-0.00016264102436917477
0.11855541141114062	-0.0001626406379322841
0.11984818846819621	-0.00016264024854915505
0.12114742941053713	-0.00016263985619096176
0.12245316655758978	-0.0001626394608282095
0.1237654323903777	-0.00016263906243131683
0.12508425955232963	-0.00016263866097005966
0.12640968085009122	-0.00016263825641391964
0.1277417292543416	-0.00016263784873212704
0.1290804379006133	-0.00016263743789334345
0.13042584009011637	-0.00016263702386574993
0.1317779692905669	-0.00016263660661735438
0.13313685913701961	-0.0001626361861155851
0.13450254343270476	-0.00016263576232742805
0.13587505614986833	-0.00016263533521946767
0.13725443143061763	-0.00016263490475801787
0.13864070358777073	-0.00016263447090853332
0.14003390710570945	-0.00016263403363652525
0.14143407664123803	-0.0001626335929065589
0.1428412470244442	-0.00016263314868306876
0.1442554532595664	-0.00016263270092985993
0.14567673052586416	-0.0001626322496102263
0.1471051141784935	-0.0001626317946871028
0.14854063974938603	-0.00016263133612265512
0.149983342948133	-0.00016263087387890533
0.15143325966287374	-0.000162630407917034
0.15289042596118813	-0.00016262993819787067
0.15435487809099402	-0.00016262946468163515
0.15582665248144906	-0.00016262898732804818
0.1573057857438562	-0.00016262850609599408
0.15879231467257537	-0.00016262802094439534
0.16028627624593816	-0.00016262753183099194
0.16178770762716785	-0.00016262703871321925
0.16329664616530362	-0.00016262654154779649
0.16481312939613008	-0.00016262604029107123
0.1663371950431107	-0.00016262553489844458
0.16786888101832628	-0.00016262502532487562
0.1694082254234178	-0.00016262451152474028
0.1709552665505349	-0.00016262399345148438
0.17251004288328747	-0.000162623471058167
0.17407259309770393	-0.00016262294429712494
0.17564295606319252	-0.00016262241311984518
0.17722117084350858	-0.00016262187747737204
0.17880727669772617	-0.00016262133731970185
0.18040131308121476	-0.00016262079259641934
0.18200331964662084	-0.0001626202432561293
0.18361333624485401	-0.0001626196892468831
0.18523140292607826	-0.00016261913051577215
0.18685755994070874	-0.00016261856700928342
0.1884918477404122	-0.00016261799867289332
0.19013430697911424	-0.00016261742545158896
0.1917849785140098	-0.00016261684728915784
0.19344390340657974	-0.00016261626412876308
0.19511112292361268	-0.00016261567591271367
0.1967866785382308	-0.00016261508258241664
0.19847061193092203	-0.00016261448407823618
0.20016296499057665	-0.0001626138803400045
0.20186377981552947	-0.00016261327130614537
0.2035730987146071	-0.00016261265691451255
0.20529096420818022	-0.0001626120371017648
0.20701741902922113	-0.00016261141180394812
0.20875250612436722	-0.00016261078095552103
0.210496268654989	-0.00016261014449031022
0.21224874999826396	-0.00016260950234125667
0.21400999374825516	-0.0001626088544398619
0.21578004371699644	-0.00016260820071680463
0.21755894393558148	-0.00016260754110148005
0.2193467386552594	-0.00016260687552232934
0.22114347234853576	-0.0001626062039065966
0.22294918971027836	-0.00016260552618025612
0.2247639356588297	-0.0001626048422683681
0.2265877553371239	-0.00016260415209442316
0.2284206941138094	-0.00016260345558095666
0.23026279758437848	-0.0001626027526490208
0.23211411157230027	-0.00016260204321865514
0.23397468213016168	-0.00016260132720829546
0.23584455554081238	-0.0001626006045352174
0.23772377831851643	-0.00016259987511528078
0.23961239721010893	-0.00016259913886280456
0.24151045919615952	-0.0001625983956910999
0.24341801149214037	-0.00016259764551152295
0.24533510154960114	-0.0001625968882343178
0.24726177705734917	-0.00016259612376790425
0.24919808594263598	-0.00016259535201942758
0.2511440763723492	-0.00016259457289437174
0.2530997967542111	-0.00016259378629651574
0.25506529573798215	-0.0001625929921280259
0.2570406222166721	-0.0001625921902894051
0.25902582532775553	-0.0001625913806796176
0.2610209544543945	-0.0001625905631954119
0.2630260592266663	-0.00016258973773226328
0.2650411895227997	-0.0001625889041834628
0.26706639547041383	-0.00016258806244066594
0.2691017274477658	-0.000162587212393393
0.2711472360850044	-0.0001625863539292954
0.27320297226542956	-0.0001625854869341198
0.2752689871267568	-0.00016258461129144125
0.2773453320623904	-0.00016258372688287545
0.27943205872270227	-0.00016258283358765779
0.2815292190163157	-0.00016258193128329627
0.28363686511139713	-0.0001625810198445996
0.2857550494369543	-0.00016258009914425789
0.287883824684139	-0.00016257916905274464
0.2900232438075598	-0.00016257822943803517
0.29217336002659744	-0.00016257728016562704
0.2943342268267306	-0.00016257632109862728
0.2965058979608642	-0.00016257535209749188
0.2986884274506685	-0.00016257437302030035
0.3008818695879217	-0.00016257338372203603
0.3030862789358613	-0.00016257238405529035
0.3053017103305407	-0.0001625713738698232
0.30752821888219345	-0.0001625703530121979
0.3097658599766045	-0.00016256932132657269
0.31201468927648746	-0.0001625682786535527
0.3142747627228697	-0.00016256722483121272
0.31654613653648417	-0.0001625661596941087
0.31882886721916665	-0.0001625650830735581
0.32112301155526257	-0.00016256399479774213
0.3234286266130387	-0.00016256289469148514
0.325745769746104	-0.0001625617825758943
0.3280744985948343	-0.0001625606582687586
0.33041487108780826	-0.0001625595215841707
0.3327669454432473	-0.00016255837233240315
0.3351307801704635	-0.00016255721032021228
0.3375064340713156	-0.0001625560353498938
0.33989396624167195	-0.00016255484722017173
0.3422934360728803	-0.00016255364572561408
0.3447049032532445	-0.00016255243065630624
0.34712842776951053	-0.00016255120179818622
0.3495640699083581	-0.00016254995893278553
0.3520118902578999	-0.00016254870183707117
0.35447194970918944	-0.00016254743028316302
0.35694430945773536	-0.00016254614403862482
0.35942903100502394	-0.00016254484286598773
0.36192617616004885	-0.00016254352652275217
0.36443580704084905	-0.0001625421947611394
0.3669579860760533	-0.00016254084732814629
0.3694927760064337	-0.000162539483965425
0.3720402398864656	-0.00016253810440878172
0.37460044108589774	-0.0001625367083884503
0.37717344329132724	-0.000162535295628595
0.37975931050778367	-0.0001625338658477504
0.38235810706032236	-0.00016253241875748817
0.3849698975956241	-0.00016253095406354367
0.38759474708360203	-0.00016252947146487912
0.39023272081902005	-0.0001625279706536506
0.39288388442311495	-0.00016252645131524597
0.3955483038452304	-0.00016252491312767635
0.39822604536445655	-0.00016252335576169414
0.40091717559127893	-0.0001625217788806957
0.4036217614692354	-0.0001625201821398104
0.4063398702765814	-0.00016251856518689057
0.40907156962796437	-0.00016251692766083945
0.4118169274761041	-0.00016251526919268888
0.41457601211348477	-0.0001625135894044551
0.41734889217405197	-0.00016251188790928419
0.42013563663492237	-0.00016251016431119748
0.4229363148180968	-0.000162508418204464
0.4257509963921872	-0.00016250664917395464
0.4285797513741481	-0.0001625048567942919
0.431422650131019	-0.00016250304062979227
0.4342797633816742	-0.00016250120023393453
0.4371511621985827	-0.0001624993351494848
0.4400369180095757	-0.00016249744490778834
0.4429371025996235	-0.0001624955290285356
0.44585178811262155	-0.00016249358701913726
0.44878104705318456	-0.00016249161837511998
0.4517249522884503	-0.00016248962257880633
0.4546835770498925	-0.0001624875990995755
0.4576569949351417	-0.00016248554739302536
0.4606452799098173	-0.0001624834669009334
0.46364850630936627	-0.000162481357050391
0.46666674884091325	-0.00016247921725377415
0.46970008258511775	-0.00016247704690791279
0.4727485829980431	-0.0001624748453938009
0.47581232591303324	-0.00016247261207605394
0.47889138754259847	-0.0001624703463020269
0.4819858444803113	-0.00016246804740193525
0.48509577370271284	-0.00016246571468768025
0.48822125257122634	-0.00016246334745246313
0.4913623588340824	-0.0001624609449702106
0.49451917062825274	-0.00016245850649473958
0.49769176648139396	-0.00016245603125943347
0.5008802253138008	-0.0001624535184759073
0.50408462644037	-0.00016245096733413886
0.5073050495725719	-0.0001624483770007731
0.5105415748204347	-0.0001624457466190216
0.513794282694537	-0.00016244307530766808
0.5170632541080095	-0.0001624403621596743
0.5203485703785496	-0.00016243760624229172
0.5236503132304423	-0.00016243480659512984
0.5269685647965943	-0.0001624319622296567
0.530303407620577	-0.0001624290721282423
0.5336549246586798	-0.00016242613524284545
0.5370231992819733	-0.00016242315049402978
0.5404083152783831	-0.00016242011676963672
0.5438103568547752	-0.00016241703292391887
0.5472294086390488	-0.00016241389777584827
0.5506655556822441	-0.00016241071010804828
0.5541188834606553	-0.00016240746866530938
0.5575894778779587	-0.00016240417215302493
0.5610774252673482	-0.00016240081923618867
0.5645828123936848	-0.00016239740853688452
0.5681057264556529	-0.00016239393863335896
0.5716462550879313	-0.00016239040805812922
0.575204486363371	-0.0001623868152957202
0.5787805087951877	-0.00016238315878122652
0.5823744113391636	-0.00016237943689817244
0.5859862833958592	-0.0001623756479762157
0.5896162148128385	-0.0001623717902888084
0.5932642958869029	-0.00016236786205128177
0.5969306173663373	-0.0001623638614177566
0.6006152704531689	-0.0001623597864789957
0.6043183468054348	-0.00016235563525967683
0.6080399385394619	-0.00016235140571472256
0.6117801382321592	-0.0001623470957273439
0.6155390389233196	-0.00016234270310460055
0.6193167341179363	-0.00016233822557481633
0.623113317788526	-0.00016233366078347207
0.6269288843774687	-0.00016232900628924428
0.6307635287993559	-0.0001623242595602744
0.6346173464433525	-0.00016231941796925184
0.6384904331755692	-0.00016231447878887822
0.642382885341447	-0.00016230943918683744
0.6462947997681542	-0.00016230429622052388
0.6502262737669948	-0.00016229904683103086
0.6541774051358298	-0.0001622936878370941
0.6581482921615086	-0.00016228821592839936
0.6621390336223161	-0.000162282627658082
0.6661497287904276	-0.00016227691943567954
0.6701804774343794	-0.00016227108751805684
0.6742313798215511	-0.00016226512800039151
0.678302536720659	-0.00016225903680666402
0.6823940494042624	-0.00016225280967836696
0.6865060196512838	-0.00016224644216289306
0.6906385497495403	-0.0001622399296009527
0.694791742498288	-0.0001622332671117893
0.6989657012107795	-0.00016222644957779658
0.7031605297168335	-0.00016221947162807406
0.7073763323654175	-0.00016221232761772276
0.7116132140272448	-0.0001622050116086593
0.7158712800973807	-0.00016219751734454027
0.7201506364978674	-0.00016218983822580176
0.7244513896803564	-0.0001621819672798943
0.728773646628758	-0.00016217389712841755
0.7331175148619017	-0.00016216561995101742
0.7374831024362114	-0.00016215712744354773
0.7418705179483922	-0.00016214841077207722
0.7462798705381343	-0.00016213946052040065
0.750711269890825	-0.00016213026662965235
0.7551648262402791	-0.00016212081833290188
0.7596406503714807	-0.00016211110407718556
0.7641388536233382	-0.00016210111143785325
0.7686595478914547	-0.00016209082701936398
0.773202845630912	-0.0001620802363436153
0.7777688598590664	-0.00016206932372125177
0.7823577041583616	-0.00016205807210600134
0.7869694926791535	-0.0001620464629284222
0.7916043401425493	-0.00016203447590501706
0.796262361843262	-0.0001620220888210465
0.8009436736524783	-0.00016200927728190746
0.8056483920207407	-0.00016199601442905734
0.8103766339808444	-0.00016198227061581385
0.8151285171507487	-0.00016196801303528262
0.8199041597365022	-0.00016195320529702274
0.8247036805351848	-0.0001619378069408864
0.8295271989378608	-0.0001619217728839586
0.8343748349325502	-0.00016190505278666778
0.8392467091072129	-0.00016188759032829635
0.844142942652749	-0.0001618693223814457
0.8490636573660127	-0.00016185017806617474
0.8540089756528428	-0.00016183007767096123
0.8589790205311072	-0.00016180893141935117
0.8639739156337627	-0.00016178663805975716
0.8689739156337625	-0.0001617631779515505
0.8739739156337623	-0.00016173846472980157
0.878973915633762	-0.00016171237646310873
0.8839739156337618	-0.00016168477649860673
0.8889739156337617	-0.00016165551196475588
0.8939739156337615	-0.0001616244118311082
0.8989739156337613	-0.00016159128473381548
0.9039739156337611	-0.0001615559165405003
0.9089739156337608	-0.00016151806761930586
0.9139739156337606	-0.00016147746977453092
0.9189739156337604	-0.00016143382280259325
0.9239739156337602	-0.0001613867906226171
0.9289739156337601	-0.00016133599691818011
0.9339739156337599	-0.0001612810202315074
0.9389739156337596	-0.00016122138843114477
0.9439739156337594	-0.00016115657247030345
0.9489739156337592	-0.00016108597933862953
0.953973915633759	-0.00016100894409857078
0.9589739156337588	-0.00016092472087635045
0.9639739156337586	-0.0001608324726694629
0.9689739156337585	-0.0001607312598016298
0.9739739156337582	-0.00016062002683851905
0.978973915633758	-0.0001604975877496851
0.9839739156337578	-0.00016036260906805765
0.9889739156337576	-0.0001602135907666128
0.9939739156337574	-0.0001600488445232449
0.9989739156337571	-0.00015986646900522034
1.003973915633757	-0.00015966432173996354
1.0089739156337567	-0.00015943998708107493
1.0139739156337566	-0.00015919073970034113
1.0189739156337563	-0.00015891350295072713
1.0239739156337562	-0.0001586048013452581
1.028973915633756	-0.0001582607062831246
1.0339739156337557	-0.00015787677401652645
1.0389739156337556	-0.00015744797469900384
1.0439739156337553	-0.0001569686111774747
1.0489739156337552	-0.00015643222598320025
1.0539739156337549	-0.000155831494731364
1.0589739156337548	-0.00015515810387270386
1.0639739156337544	-0.0001544026104101659
1.0689739156337543	-0.00015355428083527192
1.0739739156337542	-0.00015260090610718754
1.0789739156337539	-0.00015152858902005
1.0839739156337538	-0.00015032149973986228
1.0889739156337535	-0.00014896159466398025
1.0939739156337533	-0.00014742829302813454
1.098973915633753	-0.00014569810487334619
1.103973915633753	-0.00014374420305807213
1.1089739156337528	-0.00014153593097381844
1.1139739156337525	-0.0001390382364754553
1.1189739156337524	-0.00013621102127949015
1.123973915633752	-0.000133008393720678
1.128973915633752	-0.00012937781129181307
1.1339739156337516	-0.0001252590978739603
1.1389739156337515	-0.00012058331900935132
1.1439739156337512	-0.00011527149706059818
1.148973915633751	-0.00010923314671496418
1.153973915633751	-0.0001023646101727612
1.1589739156337506	-9.45471706504025e-5
1.1639739156337505	-8.564492277827504e-5
1.1689739156337502	-7.550237933506997e-5
1.17397391563375	-6.394179590118516e-5
1.1789739156337498	-5.076019882937766e-5
1.1839739156337497	-3.572610790695927e-5
1.1889739156337495	-1.857595374407562e-5
1.1939739156337492	9.897982059640505e-7
1.197980436725312	1.8640421061773296e-5
1.2019869578168745	3.825284647783651e-5
1.2059934789084372	6.004364634008387e-5
1.21	8.424911554888109e-5
