0.0006999999999999628	-0.0001728136680522748
0.001403500000000035	-0.00017280347525334326
0.0021105174999999296	-0.00017280330854030452
0.0028210700874998964	-0.00017280328135993133
0.003535175437937438	-0.00017280325599453928
0.004252851315127062	-0.00017280323053532105
0.004974115571702636	-0.00017280320495522938
0.005698986149561044	-0.0001728031792534595
0.006427481080308875	-0.00017280315342934813
0.007159618485710418	-0.00017280312748236664
0.007895416578138905	-0.00017280310141198812
0.008634893661029494	-0.0001728030752176081
0.00937806812933463	-0.00017280304889866893
0.010124958469981361	-0.00017280302245455972
0.010875583262331262	-0.0001728029958847582
0.01162996117864295	-0.0001728029691886392
0.012388110984536127	-0.00017280294236561052
0.013150051539458866	-0.00017280291541514598
0.013915801797156208	-0.00017280288833657477
0.014685380806142003	-0.00017280286112936148
0.015458807710172712	-0.00017280283379292357
0.01623610174872358	-0.00017280280632660057
0.017017282257467212	-0.0001728027787298387
0.017802368668754516	-0.00017280275100205956
0.01859138051209827	-0.00017280272314260347
0.019384337414658823	-0.00017280269515091624
0.020181259101732015	-0.00017280266702636934
0.020982165397240727	-0.00017280263876823078
0.02178707622422691	-0.0001728026103761034
0.02259601160534814	-0.0001728025818491896
0.02340899166337483	-0.0001728025531869129
0.024226036621691812	-0.00017280252438871022
0.02504716680480027	-0.0001728024954538571
0.025872402638824326	-0.0001728024663818223
0.02670176465201842	-0.00017280243717185978
0.02753527347527842	-0.00017280240782347066
0.028372949842654864	-0.00017280237833589853
0.0292148145918682	-0.00017280234870845464
0.03006088866482743	-0.00017280231894059106
0.03091119310815165	-0.00017280228903166322
0.0317657490736924	-0.00017280225898101985
0.03262457781906081	-0.00017280222878789374
0.03348770070815601	-0.00017280219845180135
0.034355139211696875	-0.000172802167971919
0.035226914907755424	-0.00017280213734759234
0.03610304948229413	-0.00017280210657829418
0.03698356472970569	-0.00017280207566322395
0.03786848255335419	-0.00017280204460175293
0.038757824966120964	-0.0001728020133930998
0.03965161409095162	-0.00017280198203673921
0.04054987216140643	-0.00017280195053188979
0.04145262152221345	-0.0001728019188778846
0.04235988462982453	-0.00017280188707398432
0.04327168405297366	-0.00017280185511955358
0.0441880424732386	-0.0001728018230139121
0.04510898268560485	-0.00017280179075629642
0.046034527599032954	-0.00017280175834593898
0.04696470023702812	-0.00017280172578231477
0.04789952373821329	-0.00017280169306448716
0.048839021356904266	-0.0001728016601919071
0.04978321646368884	-0.0001728016271637369
0.05073213254600732	-0.00017280159397933768
0.05168579320873729	-0.0001728015606379633
0.052644222174780875	-0.00017280152713880742
0.05360744328565471	-0.00017280149348117486
0.054575480502083065	-0.00017280145966434336
0.05554835790459365	-0.0001728014256875535
0.05652609969411678	-0.0001728013915500355
0.05750873019258755	-0.00017280135725107666
0.05849627384355038	-0.00017280132278985917
0.05948875521276831	-0.000172801288165681
0.060486198988831924	-0.0001728012533776904
0.061488629983776036	-0.00017280121842525788
0.062496073133695054	-0.0001728011833074618
0.06350855349936363	-0.0001728011480236052
0.06452609626686023	-0.00017280111257285722
0.06554872674819473	-0.00017280107695447666
0.0665764703819355	-0.0001728010411676157
0.06760935273384511	-0.00017280100521153825
0.06864739949751451	-0.00017280096908537239
0.06969063649500218	-0.0001728009327884393
0.07073908967747725	-0.00017280089631973629
0.07179278512586448	-0.0001728008596785959
0.07285174905149387	-0.00017280082286417353
0.07391600779675113	-0.00017280078587563483
0.07498558783573481	-0.00017280074871207948
0.07606051577491364	-0.00017280071137281233
0.07714081835378801	-0.00017280067385680865
0.0782265224455569	-0.0001728006361633784
0.07931765505778446	-0.00017280059829168285
0.08041424333307354	-0.00017280056024073125
0.08151631454973869	-0.0001728005220098399
0.08262389612248718	-0.00017280048359790434
0.08373701560309972	-0.00017280044500428903
0.08485570068111534	-0.00017280040622802206
0.08597997918452092	-0.0001728003672682013
0.08710987908044335	-0.00017280032812395043
0.08824542847584554	-0.0001728002887944666
0.08938665561822474	-0.00017280024927871743
0.0905335888963159	-0.00017280020957585827
0.09168625684079766	-0.00017280016968505274
0.09284468812500156	-0.00017280012960525014
0.09400891156562662	-0.00017280008933562776
0.09517895612345495	-0.00017280004887523125
0.09635485090407213	-0.00017280000822309852
0.09753662515859228	-0.000172799967378349
0.09872430828438533	-0.0001727999263400444
0.09991792982580742	-0.00017279988510717544
0.10111751947493633	-0.00017279984367883788
0.10232310707231096	-0.0001727998020540244
0.10353472260767245	-0.00017279976023167764
0.1047523962207106	-0.00017279971821115064
0.1059761582018141	-0.00017279967599110818
0.10720603899282295	-0.00017279963357076888
0.10844206918778705	-0.00017279959094896043
0.10968427953372589	-0.00017279954812490645
0.11093270093139453	-0.00017279950509742627
0.11218736443605157	-0.0001727994618654864
0.11344830125823162	-0.00017279941842826197
0.11471554276452282	-0.00017279937478453244
0.11598912047834534	-0.00017279933093323856
0.11726906608073716	-0.00017279928687346488
0.11855541141114084	-0.00017279924260416173
0.11984818846819666	-0.00017279919812416888
0.12114742941053756	-0.00017279915343251502
0.12245316655759021	-0.00017279910852802314
0.12376543239037813	-0.00017279906340971312
0.12508425955233007	-0.00017279901807631175
0.12640968085009188	-0.0001727989725269739
0.12774172925434224	-0.00017279892676039905
0.12908043790061416	-0.00017279888077553735
0.13042584009011704	-0.0001727988345712921
0.13177796929056776	-0.00017279878814649405
0.1331368591370207	-0.00017279874149994835
0.13450254343270562	-0.00017279869463056723
0.13587505614986897	-0.0001727986475372017
0.1372544314306183	-0.00017279860021862252
0.13864070358777136	-0.00017279855267367803
0.14003390710571012	-0.00017279850490125792
0.14143407664123844	-0.00017279845689994441
0.14284124702444484	-0.00017279840866876777
0.14425545325956707	-0.00017279836020635129
0.1456767305258648	-0.00017279831151154718
0.14710511417849395	-0.00017279826258305783
0.14854063974938644	-0.00017279821341972164
0.14998334294813345	-0.00017279816402014463
0.1514332596628742	-0.00017279811438314677
0.15289042596118857	-0.00017279806450742216
0.15435487809099444	-0.00017279801439173368
0.15582665248144925	-0.00017279796403460578
0.15730578574385642	-0.00017279791343491544
0.1587923146725756	-0.00017279786259117574
0.1602862762459386	-0.0001727978115021447
0.1617877076271685	-0.0001727977601664636
0.16329664616530448	-0.00017279770858267916
0.16481312939613094	-0.00017279765674949502
0.16633719504311156	-0.00017279760466547698
0.16786888101832692	-0.0001727975523292558
0.16940822542341866	-0.00017279749973935567
0.17095526655053575	-0.00017279744689444382
0.17251004288328856	-0.00017279739379292506
0.1740725930977048	-0.00017279734043336803
0.1756429560631934	-0.00017279728681441836
0.17722117084350925	-0.0001727972329345222
0.17880727669772659	-0.0001727971787921784
0.18040131308121543	-0.00017279712438581359
0.18200331964662148	-0.0001727970697139093
0.18361333624485465	-0.00017279701477493294
0.18523140292607912	-0.00017279695956732454
0.18685755994070938	-0.00017279690408948483
0.18849184774041308	-0.00017279684833976307
0.19013430697911532	-0.00017279679231666626
0.19178497851401088	-0.00017279673601839919
0.19344390340658082	-0.00017279667944350216
0.19511112292361377	-0.00017279662259006567
0.1967866785382319	-0.00017279656545653586
0.19847061193092289	-0.0001727965080412513
0.2001629649905775	-0.00017279645034238794
0.20186377981553055	-0.00017279639235816925
0.20357309871460819	-0.00017279633408696162
0.2052909642081813	-0.00017279627552687312
0.207017419029222	-0.00017279621667611744
0.20875250612436788	-0.0001727961575328488
0.21049626865498966	-0.00017279609809519618
0.21224874999826462	-0.00017279603836136036
0.21400999374825602	-0.0001727959783293374
0.2157800437169973	-0.00017279591799733023
0.21755894393558234	-0.0001727958573632703
0.21934673865526005	-0.0001727957964253662
0.2211434723485364	-0.00017279573518146608
0.22294918971027902	-0.0001727956736295711
0.22476393565883038	-0.00017279561176763712
0.22658775533712455	-0.0001727955495936154
0.22842069411381005	-0.0001727954871054379
0.23026279758437915	-0.0001727954243009648
0.23211411157230094	-0.00017279536117794888
0.23397468213016254	-0.00017279529773443913
0.23584455554081346	-0.0001727952339680002
0.23772377831851751	-0.00017279516987643697
0.23961239721011024	-0.00017279510545760058
0.24151045919616082	-0.0001727950407090299
0.24341801149214168	-0.00017279497562849527
0.24533510154960245	-0.0001727949102136536
0.24726177705735047	-0.00017279484446203853
0.2491980859426373	-0.0001727947783712041
0.25114407637235053	-0.0001727947119387978
0.2530997967542124	-0.00017279464516212656
0.2550652957379834	-0.00017279457803887465
0.2570406222166734	-0.00017279451056630588
0.25902582532775686	-0.0001727944427418649
0.26102095445439577	-0.0001727943745628939
0.2630260592266676	-0.00017279430602677913
0.26504118952280104	-0.00017279423713057048
0.26706639547041516	-0.00017279416787166743
0.26910172744776706	-0.00017279409824735268
0.27114723608500574	-0.0001727940282544843
0.2732029722654309	-0.00017279395789037417
0.2752689871267581	-0.00017279388715196007
0.2773453320623917	-0.00017279381603631596
0.2794320587227036	-0.00017279374454037884
0.281529219016317	-0.00017279367266094173
0.2836368651113984	-0.00017279360039513405
0.28575504943695557	-0.000172793527739521
0.28788382468414025	-0.00017279345469089084
0.2900232438075611	-0.00017279338124592643
0.29217336002659877	-0.00017279330740142
0.29433422682673194	-0.00017279323315383708
0.29650589796086546	-0.00017279315849963616
0.29868842745066976	-0.00017279308343544055
0.30088186958792296	-0.00017279300795751867
0.30308627893586265	-0.00017279293206228186
0.305301710330542	-0.00017279285574605375
0.3075282188821948	-0.0001727927790049378
0.30976585997660583	-0.00017279270183514654
0.31201468927648873	-0.00017279262423280898
0.31427476272287097	-0.00017279254619388283
0.3165461365364855	-0.00017279246771419098
0.318828867219168	-0.00017279238878974842
0.3211230115552639	-0.0001727923094162056
0.32342862661304006	-0.00017279222958946304
0.3257457697461053	-0.00017279214930497467
0.32807449859483556	-0.00017279206855827704
0.33041487108780954	-0.0001727919873449158
0.3327669454432486	-0.00017279190566016095
0.33513078017046477	-0.00017279182349942565
0.33750643407131686	-0.0001727917408577317
0.33989396624167323	-0.00017279165773026895
0.3422934360728816	-0.00017279157411213028
0.34470490325324576	-0.00017279148999793672
0.3471284277695118	-0.00017279140538276625
0.34956406990835936	-0.0001727913202611032
0.3520118902579012	-0.0001727912346275208
0.3544719497091907	-0.00017279114847667897
0.35694430945773664	-0.00017279106180285504
0.3594290310050252	-0.00017279097460018599
0.36192617616005013	-0.00017279088686281553
0.3644358070408504	-0.00017279079858477055
0.36695798607605457	-0.0001727907097599236
0.36949277600643504	-0.00017279062038219362
0.37204023988646695	-0.00017279053044474255
0.374600441085899	-0.00017279043994142008
0.3771734432913285	-0.00017279034886539694
0.379759310507785	-0.00017279025720973342
0.3823581070603237	-0.0001727901649677001
0.3849698975956254	-0.00017279007213198154
0.3875947470836033	-0.0001727899786953239
0.39023272081902133	-0.00017278988465032423
0.3928838844231162	-0.0001727897899892831
0.39554830384523165	-0.0001727896947044575
0.3982260453644579	-0.00017278959878781427
0.4009171755912802	-0.00017278950223115216
0.4036217614692367	-0.00017278940502625016
0.4063398702765827	-0.00017278930716447825
0.40907156962796565	-0.0001727892086371145
0.41181692747610543	-0.00017278910943511035
0.41457601211348605	-0.00017278900954933692
0.4173488921740533	-0.00017278890897053887
0.4201356366349237	-0.0001727888076888096
0.42293631481809807	-0.00017278870569460337
0.4257509963921885	-0.0001727886029775163
0.42857975137414944	-0.0001727884995273684
0.4314226501310203	-0.00017278839533360298
0.43427976338167545	-0.00017278829038527358
0.43715116219858396	-0.00017278818467117492
0.440036918009577	-0.0001727880781799462
0.44293710259962477	-0.00017278797089995991
0.4458517881126228	-0.00017278786281903788
0.4487810470531859	-0.00017278775392483783
0.45172495228845155	-0.00017278764420476276
0.45468357704989376	-0.00017278753364593358
0.45765699493514306	-0.0001727874222349362
0.46064527990981863	-0.00017278730995802838
0.4636485063093676	-0.0001727871968011593
0.4666667488409145	-0.00017278708275000296
0.4697000825851191	-0.00017278696778985145
0.4727485829980444	-0.00017278685190527134
0.4758123259130346	-0.00017278673508068506
0.47889138754259974	-0.0001727866173000955
0.4819858444803126	-0.0001727864985468361
0.4850957737027142	-0.0001727863788042735
0.48822125257122767	-0.00017278625805465866
0.49136235883408375	-0.00017278613628012905
0.49451917062825407	-0.00017278601346228868
0.49769176648139524	-0.0001727858895821807
0.5008802253138022	-0.00017278576462023703
0.5040846264403713	-0.0001727856385563124
0.5073050495725733	-0.00017278551136991018
0.510541574820436	-0.00017278538303946406
0.5137942826945383	-0.00017278525354340196
0.5170632541080108	-0.00017278512285892535
0.520348570378551	-0.00017278499096285658
0.5236503132304436	-0.00017278485783127828
0.5269685647965956	-0.00017278472343961
0.5303034076205784	-0.00017278458776227225
0.5336549246586811	-0.00017278445077313414
0.5370231992819746	-0.00017278431244508341
0.5404083152783844	-0.00017278417275048773
0.5438103568547764	-0.0001727840316604159
0.5472294086390501	-0.0001727838891455331
0.5506655556822453	-0.0001727837451748065
0.5541188834606565	-0.00017278359971708906
0.5575894778779599	-0.00017278345273952616
0.5610774252673494	-0.0001727833042086557
0.564582812393686	-0.00017278315408971321
0.5681057264556543	-0.00017278300234683654
0.5716462550879327	-0.0001727828489428883
0.5752044863633723	-0.00017278269383980374
0.578780508795189	-0.00017278253699769643
0.5823744113391649	-0.00017278237837596718
0.5859862833958606	-0.00017278221793199348
0.5896162148128399	-0.00017278205562213603
0.5932642958869042	-0.00017278189140138925
0.5969306173663387	-0.00017278172522248143
0.6006152704531702	-0.00017278155703723605
0.6043183468054361	-0.0001727813867952312
0.6080399385394633	-0.0001727812144446992
0.6117801382321605	-0.00017278103993175717
0.615539038923321	-0.0001727808632003935
0.6193167341179376	-0.00017278068419308775
0.6231133177885273	-0.0001727805028497204
0.6269288843774701	-0.00017278031910835718
0.6307635287993573	-0.00017278013290442334
0.6346173464433539	-0.0001727799441708956
0.6384904331755705	-0.00017277975283857747
0.6423828853414483	-0.0001727795588355089
0.6462947997681555	-0.000172779362086714
0.6502262737669962	-0.00017277916251469855
0.6541774051358311	-0.0001727789600384968
0.6581482921615099	-0.00017277875457452047
0.6621390336223173	-0.00017277854603532842
0.6661497287904288	-0.0001727783343305367
0.6701804774343807	-0.00017277811936567352
0.6742313798215525	-0.00017277790104241794
0.6783025367206603	-0.00017277767925891042
0.6823940494042636	-0.00017277745390844592
0.6865060196512851	-0.00017277722488046903
0.6906385497495416	-0.0001727769920594903
0.6947917424982893	-0.00017277675532488155
0.6989657012107808	-0.00017277651455150736
0.7031605297168348	-0.000172776269608237
0.7073763323654189	-0.00017277602035831687
0.7116132140272461	-0.00017277576665950445
0.715871280097382	-0.00017277550836265678
0.7201506364978687	-0.00017277524531210717
0.7244513896803577	-0.00017277497734527513
0.7287736466287593	-0.00017277470429211337
0.733117514861903	-0.00017277442597497198
0.7374831024362126	-0.00017277414220713124
0.7418705179483935	-0.00017277385279421034
0.7462798705381356	-0.0001727735575318492
0.7507112698908263	-0.00017277325620615103
0.7551648262402804	-0.00017277294859268378
0.759640650371482	-0.00017277263445626586
0.7641388536233394	-0.00017277231354986944
0.7686595478914561	-0.00017277198561434752
0.7732028456309133	-0.00017277165037717595
0.7777688598590677	-0.00017277130755189224
0.7823577041583629	-0.0001727709568374628
0.7869694926791548	-0.0001727705979169726
0.7916043401425507	-0.00017277023045661962
0.7962623618432633	-0.00017276985410451468
0.8009436736524796	-0.0001727694684902871
0.805648392020742	-0.00017276907322265136
0.8103766339808457	-0.00017276866788867298
0.81512851715075	-0.00017276825205213693
0.8199041597365035	-0.00017276782525201562
0.8247036805351862	-0.0001727673870003424
0.8295271989378621	-0.00017276693678071426
0.8343748349325514	-0.00017276647404583303
0.8392467091072142	-0.00017276599821506612
0.8441429426527504	-0.00017276550867249488
0.849063657366014	-0.00017276500476378547
0.8540089756528442	-0.00017276448579287536
0.8589790205311084	-0.00017276395101884209
0.863973915633764	-0.00017276339965256797
0.8689739156337638	-0.00017276283208556535
0.8739739156337636	-0.0001727622489336287
0.8789739156337634	-0.00017276164976738926
0.8839739156337632	-0.0001727610338519266
0.8889739156337629	-0.00017276040040720294
0.8939739156337627	-0.0001727597486053757
0.8989739156337626	-0.00017275907756575788
0.9039739156337624	-0.00017275838635203916
0.9089739156337622	-0.0001727576739660798
0.913973915633762	-0.00017275693934278578
0.9189739156337617	-0.00017275618134387016
0.9239739156337615	-0.0001727553987509214
0.9289739156337613	-0.00017275459025743503
0.9339739156337611	-0.00017275375446049437
0.938973915633761	-0.00017275288984991327
0.9439739156337608	-0.00017275199479737754
0.9489739156337605	-0.00017275106754382255
0.9539739156337603	-0.0001727501061835026
0.9589739156337601	-0.00017274910864833936
0.9639739156337599	-0.0001727480726872301
0.9689739156337597	-0.00017274699584425427
0.9739739156337595	-0.0001727458754323986
0.9789739156337594	-0.0001727447085035083
0.9839739156337591	-0.00017274349181327258
0.9889739156337589	-0.00017274222178062726
0.9939739156337587	-0.00017274089443934938
0.9989739156337585	-0.00017273950538349844
1.0039739156337584	-0.0001727380497011889
1.008973915633758	-0.00017273652189834599
1.013973915633758	-0.0001727349158080148
1.0189739156337576	-0.0001727332244836267
1.0239739156337575	-0.00017273144007334267
1.0289739156337572	-0.00017272955367040907
1.033973915633757	-0.00017272755513611615
1.038973915633757	-0.00017272543289011922
1.0439739156337566	-0.0001727231736601651
1.0489739156337565	-0.00017272076218397987
1.0539739156337562	-0.0001727181808559643
1.058973915633756	-0.00017271540930215702
1.0639739156337558	-0.00017271242387499855
1.0689739156337557	-0.00017270919704831864
1.0739739156337553	-0.0001727056966931536
1.0789739156337552	-0.00017270188520914544
1.0839739156337551	-0.00017269771848567273
1.0889739156337548	-0.00017269314465256846
1.0939739156337547	-0.0001726881025816775
1.0989739156337544	-0.0001726825200869544
1.1039739156337542	-0.00017267631176066684
1.108973915633754	-0.00017266937637112187
1.1139739156337538	-0.000172661593732553
1.1189739156337537	-0.0001726528209372227
1.1239739156337534	-0.00017264288781920463
1.1289739156337533	-0.00017263159149078687
1.133973915633753	-0.00017261868976028557
1.1389739156337528	-0.00017260389320144067
1.1439739156337525	-0.0001725868555932415
1.1489739156337524	-0.00017256716239617142
1.153973915633752	-0.0001725443168605522
1.158973915633752	-0.00017251772327374674
1.1639739156337519	-0.00017248666676252138
1.1689739156337515	-0.0001724502889362322
1.1739739156337514	-0.0001724075585168692
1.178973915633751	-0.00017235723592491864
1.183973915633751	-0.00017229783058067677
1.1889739156337507	-0.0001722275494259034
1.1939739156337505	-0.00017214423486978708
1.1989739156337504	-0.00017204528999337633
1.2039739156337501	-0.00017192758841457482
1.20897391563375	-0.00017178736567872118
1.2139739156337497	-0.00017162008840932493
1.2189739156337496	-0.00017142029669019363
1.2239739156337492	-0.000171181414213049
1.2289739156337491	-0.0001708955196219704
1.2339739156337488	-0.00017055307111955536
1.2389739156337487	-0.00017014257476777564
1.2439739156337486	-0.00016965018491606865
1.2489739156337483	-0.00016905922277888428
1.2539739156337482	-0.00016834959623642464
1.2589739156337478	-0.00016749710038426718
1.2639739156337477	-0.0001664725740494498
1.2689739156337474	-0.00016524088232285265
1.2739739156337473	-0.00016375968898645887
1.2789739156337472	-0.00016197797538094826
1.2839739156337469	-0.0001598342536575416
1.2889739156337467	-0.00015725441233078536
1.2939739156337464	-0.00015414912049840438
1.2989739156337463	-0.00015041070394327644
1.303973915633746	-0.00014590939155073132
1.3089739156337459	-0.00014048881415455768
1.3139739156337455	-0.00013396062031793086
1.3189739156337454	-0.00012609805522062145
1.3239739156337453	-0.00011662833074892687
1.328973915633745	-0.0001052235987281723
1.333973915633745	-9.149032759749162e-5
1.3389739156337446	-7.495687952893097e-5
1.3439739156337445	-5.5059095564270855e-5
1.3489739156337441	-3.1123728297024854e-5
1.353973915633744	-2.3496249614538772e-6
1.358973915633744	3.2213328995902154e-5
1.3639739156337436	7.368732987400425e-5
1.3689739156337435	0.00012339142259897606
1.3739739156337432	0.00018286716790705333
1.378973915633743	0.00025390403468161457
1.3839739156337427	0.0003385628186676533
1.3879804367253072	0.0004179466202284024
1.3919869578168715	0.0005087958403811974
1.395993478908436	0.0006127180456204591
1.4	0.0007313138944515975
