0.0006999999999999628	-0.00016960981671482078
0.001403500000000035	-0.00016959976574437927
0.0021105174999999296	-0.00016959960617233673
0.0028210700874998964	-0.000169599585477915
0.003535175437937438	-0.00016959956662951413
0.004252851315127062	-0.00016959954771666295
0.004974115571702636	-0.00016959952871251584
0.005698986149561044	-0.00016959950961627787
0.006427481080308875	-0.00016959949042750838
0.007159618485710418	-0.00016959947114569149
0.007895416578138905	-0.00016959945177046122
0.008634893661029494	-0.0001695994323012824
0.00937806812933463	-0.00016959941273777558
0.010124958469981361	-0.00016959939307944105
0.010875583262331262	-0.00016959937332577816
0.01162996117864295	-0.00016959935347647415
0.012388110984536127	-0.00016959933353087283
0.013150051539458866	-0.0001695993134886581
0.013915801797156208	-0.00016959929334929607
0.014685380806142003	-0.00016959927311230365
0.015458807710172712	-0.0001695992527772912
0.01623610174872358	-0.0001695992323436739
0.017017282257467212	-0.00016959921181102712
0.017802368668754516	-0.00016959919117884312
0.01859138051209827	-0.00016959917044668407
0.019384337414658823	-0.00016959914961405025
0.020181259101732015	-0.00016959912868039814
0.020982165397240727	-0.00016959910764531845
0.02178707622422691	-0.00016959908650824595
0.02259601160534814	-0.00016959906526869424
0.02340899166337483	-0.00016959904392623622
0.024226036621691812	-0.00016959902248030192
0.02504716680480027	-0.00016959900093033265
0.025872402638824326	-0.00016959897927597612
0.02670176465201842	-0.00016959895751660647
0.02753527347527842	-0.00016959893565171553
0.028372949842654864	-0.00016959891368085593
0.0292148145918682	-0.00016959889160342913
0.03006088866482743	-0.00016959886941891636
0.03091119310815165	-0.00016959884712691942
0.0317657490736924	-0.00016959882472669245
0.03262457781906081	-0.00016959880221788893
0.03348770070815601	-0.0001695987795998921
0.034355139211696875	-0.0001695987568721298
0.035226914907755424	-0.00016959873403423641
0.03610304948229413	-0.00016959871108550347
0.03698356472970569	-0.0001695986880253775
0.03786848255335419	-0.0001695986648533958
0.038757824966120964	-0.00016959864156901468
0.03965161409095162	-0.00016959861817155344
0.04054987216140643	-0.00016959859466059333
0.04145262152221345	-0.00016959857103548425
0.04235988462982453	-0.00016959854729569032
0.04327168405297366	-0.00016959852344067305
0.0441880424732386	-0.0001695984994698272
0.04510898268560485	-0.000169598475382552
0.046034527599032954	-0.00016959845117833568
0.04696470023702812	-0.00016959842685651698
0.04789952373821329	-0.00016959840241654564
0.048839021356904266	-0.000169598377857906
0.04978321646368884	-0.00016959835317993308
0.05073213254600732	-0.00016959832838198846
0.05168579320873729	-0.00016959830346352406
0.052644222174780875	-0.00016959827842393338
0.05360744328565471	-0.00016959825326263883
0.054575480502083065	-0.0001695982279789658
0.05554835790459365	-0.00016959820257232916
0.05652609969411678	-0.00016959817704215136
0.05750873019258755	-0.0001695981513877554
0.05849627384355038	-0.00016959812560855006
0.05948875521276831	-0.00016959809970388978
0.060486198988831924	-0.0001695980736730741
0.061488629983776036	-0.00016959804751564626
0.062496073133695054	-0.00016959802123072697
0.06350855349936363	-0.0001695979948178908
0.06452609626686023	-0.00016959796827635738
0.06554872674819473	-0.00016959794160546033
0.0665764703819355	-0.00016959791480467224
0.06760935273384511	-0.0001695978878732098
0.06864739949751451	-0.0001695978608103648
0.06969063649500218	-0.0001695978336156407
0.07073908967747725	-0.00016959780628821296
0.07179278512586448	-0.00016959777882743493
0.07285174905149387	-0.00016959775123268157
0.07391600779675113	-0.00016959772350320085
0.07498558783573481	-0.00016959769563832565
0.07606051577491364	-0.00016959766763735256
0.07714081835378801	-0.00016959763949956318
0.0782265224455569	-0.00016959761122425392
0.07931765505778446	-0.00016959758281071092
0.08041424333307354	-0.00016959755425833585
0.08151631454973869	-0.00016959752556615877
0.08262389612248718	-0.00016959749673356773
0.08373701560309972	-0.00016959746775995057
0.08485570068111534	-0.00016959743864449622
0.08597997918452092	-0.00016959740938633127
0.08710987908044335	-0.00016959737998486598
0.08824542847584554	-0.0001695973504392512
0.08938665561822474	-0.0001695973207487952
0.0905335888963159	-0.00016959729091275887
0.09168625684079766	-0.0001695972609302387
0.09284468812500156	-0.00016959723080053521
0.09400891156562662	-0.0001695972005228786
0.09517895612345495	-0.00016959717009653824
0.09635485090407213	-0.00016959713952057875
0.09753662515859228	-0.00016959710879436038
0.09872430828438533	-0.00016959707791689037
0.09991792982580742	-0.00016959704688753464
0.10111751947493633	-0.00016959701570535817
0.10232310707231096	-0.00016959698436965748
0.10353472260767245	-0.00016959695287947085
0.1047523962207106	-0.00016959692123401585
0.1059761582018141	-0.000169596889432493
0.10720603899282295	-0.00016959685747397192
0.10844206918778705	-0.00016959682535770663
0.10968427953372589	-0.00016959679308268524
0.11093270093139453	-0.0001695967606481592
0.11218736443605157	-0.0001695967280531834
0.11344830125823162	-0.00016959669529692729
0.11471554276452282	-0.0001695966623784925
0.11598912047834534	-0.00016959662929688692
0.11726906608073716	-0.00016959659605131038
0.11855541141114084	-0.00016959656264084507
0.11984818846819666	-0.00016959652906452282
0.12114742941053756	-0.00016959649532148377
0.12245316655759021	-0.00016959646141071833
0.12376543239037813	-0.00016959642733128632
0.12508425955233007	-0.00016959639308225817
0.12640968085009188	-0.00016959635866266843
0.12774172925434224	-0.0001695963240715422
0.12908043790061416	-0.0001695962893078829
0.13042584009011704	-0.00016959625437079577
0.13177796929056776	-0.0001695962192591874
0.1331368591370207	-0.00016959618397208824
0.13450254343270562	-0.0001695961485084795
0.13587505614986897	-0.00016959611286736066
0.1372544314306183	-0.00016959607704766135
0.13864070358777136	-0.0001695960410484171
0.14003390710571012	-0.00016959600486850216
0.14143407664123844	-0.00016959596850684225
0.14284124702444484	-0.0001695959319624176
0.14425545325956707	-0.00016959589523414864
0.1456767305258648	-0.00016959585832086727
0.14710511417849395	-0.0001695958212216233
0.14854063974938644	-0.00016959578393515524
0.14998334294813345	-0.0001695957464603931
0.1514332596628742	-0.00016959570879626745
0.15289042596118857	-0.0001695956709415238
0.15435487809099444	-0.0001695956328950738
0.15582665248144925	-0.00016959559465573669
0.15730578574385642	-0.0001695955562223685
0.1587923146725756	-0.0001695955175937404
0.1602862762459386	-0.00016959547876855185
0.1617877076271685	-0.00016959543974576433
0.16329664616530448	-0.00016959540052406439
0.16481312939613094	-0.00016959536110215692
0.16633719504311156	-0.00016959532147889616
0.16786888101832692	-0.00016959528165298978
0.16940822542341866	-0.00016959524162301682
0.17095526655053575	-0.00016959520138789646
0.17251004288328856	-0.0001695951609462009
0.1740725930977048	-0.00016959512029666838
0.1756429560631934	-0.0001695950794378962
0.17722117084350925	-0.00016959503836856007
0.17880727669772659	-0.0001695949970872554
0.18040131308121543	-0.0001695949555926388
0.18200331964662148	-0.0001695949138833002
0.18361333624485465	-0.00016959487195781304
0.18523140292607912	-0.00016959482981479732
0.18685755994070938	-0.00016959478745270974
0.18849184774041308	-0.0001695947448701672
0.19013430697911532	-0.00016959470206573833
0.19178497851401088	-0.00016959465903774968
0.19344390340658082	-0.00016959461578478126
0.19511112292361377	-0.0001695945723053257
0.1967866785382319	-0.00016959452859789372
0.19847061193092289	-0.0001695944846607269
0.2001629649905775	-0.00016959444049231327
0.20186377981553055	-0.00016959439609108765
0.20357309871460819	-0.0001695943514553989
0.2052909642081813	-0.00016959430658356164
0.207017419029222	-0.00016959426147390374
0.20875250612436788	-0.00016959421612474363
0.21049626865498966	-0.00016959417053435345
0.21224874999826462	-0.00016959412470112873
0.21400999374825602	-0.00016959407862299555
0.2157800437169973	-0.00016959403229847752
0.21755894393558234	-0.00016959398572558373
0.21934673865526005	-0.000169593938902601
0.2211434723485364	-0.00016959389182758975
0.22294918971027902	-0.00016959384449872193
0.22476393565883038	-0.0001695937969140102
0.22658775533712455	-0.0001695937490715706
0.22842069411381005	-0.0001695937009694637
0.23026279758437915	-0.0001695936526057098
0.23211411157230094	-0.0001695936039781557
0.23397468213016254	-0.00016959355508497782
0.23584455554081346	-0.00016959350592390376
0.23772377831851751	-0.0001695934564928711
0.23961239721011024	-0.00016959340678984248
0.24151045919616082	-0.00016959335681260366
0.24341801149214168	-0.00016959330655890253
0.24533510154960245	-0.00016959325602650374
0.24726177705735047	-0.00016959320521323028
0.2491980859426373	-0.00016959315411673126
0.25114407637235053	-0.00016959310273470407
0.2530997967542124	-0.00016959305106473472
0.2550652957379834	-0.00016959299910443884
0.2570406222166734	-0.00016959294685137529
0.25902582532775686	-0.00016959289430308068
0.26102095445439577	-0.00016959284145703685
0.2630260592266676	-0.00016959278831062588
0.26504118952280104	-0.00016959273486128964
0.26706639547041516	-0.00016959268110634557
0.26910172744776706	-0.0001695926270432171
0.27114723608500574	-0.00016959257266908632
0.2732029722654309	-0.00016959251798116334
0.2752689871267581	-0.00016959246297676748
0.2773453320623917	-0.00016959240765276385
0.2794320587227036	-0.00016959235200656377
0.281529219016317	-0.0001695922960349939
0.2836368651113984	-0.0001695922397351263
0.28575504943695557	-0.00016959218310388046
0.28788382468414025	-0.00016959212613812106
0.2900232438075611	-0.00016959206883463736
0.29217336002659877	-0.0001695920111902168
0.29433422682673194	-0.000169591953201651
0.29650589796086546	-0.0001695918948655399
0.29868842745066976	-0.00016959183617860384
0.30088186958792296	-0.00016959177713722515
0.30308627893586265	-0.00016959171773792085
0.305301710330542	-0.00016959165797708617
0.3075282188821948	-0.00016959159785118172
0.30976585997660583	-0.00016959153735630084
0.31201468927648873	-0.0001695914764887986
0.31427476272287097	-0.00016959141524486483
0.3165461365364855	-0.0001695913536203852
0.318828867219168	-0.00016959129161138407
0.3211230115552639	-0.00016959122921384506
0.32342862661304006	-0.00016959116642370253
0.3257457697461053	-0.00016959110323656103
0.32807449859483556	-0.00016959103964808844
0.33041487108780954	-0.00016959097565391075
0.3327669454432486	-0.0001695909112495725
0.33513078017046477	-0.0001695908464304616
0.33750643407131686	-0.00016959078119197646
0.33989396624167323	-0.0001695907155291234
0.3422934360728816	-0.00016959064943728117
0.34470490325324576	-0.00016959058291134504
0.3471284277695118	-0.00016959051594625464
0.34956406990835936	-0.00016959044853684035
0.3520118902579012	-0.00016959038067786302
0.3544719497091907	-0.00016959031236397847
0.35694430945773664	-0.0001695902435894921
0.3594290310050252	-0.00016959017434898933
0.36192617616005013	-0.0001695901046365648
0.3644358070408504	-0.0001695900344464985
0.36695798607605457	-0.0001695899637726393
0.36949277600643504	-0.00016958989260899441
0.37204023988646695	-0.00016958982094940727
0.374600441085899	-0.00016958974878721395
0.3771734432913285	-0.00016958967611599543
0.379759310507785	-0.00016958960292919037
0.3823581070603237	-0.00016958952921979192
0.3849698975956254	-0.00016958945498090158
0.3875947470836033	-0.00016958938020547774
0.39023272081902133	-0.00016958930488600093
0.3928838844231162	-0.00016958922901514183
0.39554830384523165	-0.00016958915258525372
0.3982260453644579	-0.00016958907558850718
0.4009171755912802	-0.0001695889980167918
0.4036217614692367	-0.00016958891986201713
0.4063398702765827	-0.00016958884111578767
0.40907156962796565	-0.00016958876176957288
0.41181692747610543	-0.00016958868181444592
0.41457601211348605	-0.00016958860124144327
0.4173488921740533	-0.0001695885200413181
0.4201356366349237	-0.0001695884382047612
0.42293631481809807	-0.0001695883557219344
0.4257509963921885	-0.0001695882725829749
0.42857975137414944	-0.00016958818877770135
0.4314226501310203	-0.0001695881042956658
0.43427976338167545	-0.0001695880191261774
0.43715116219858396	-0.00016958793325840707
0.440036918009577	-0.00016958784668101977
0.44293710259962477	-0.00016958775938234576
0.4458517881126228	-0.0001695876713507751
0.4487810470531859	-0.00016958758257404932
0.45172495228845155	-0.00016958749303983095
0.45468357704989376	-0.00016958740273517544
0.45765699493514306	-0.00016958731164713254
0.46064527990981863	-0.00016958721976210038
0.4636485063093676	-0.00016958712706641985
0.4666667488409145	-0.00016958703354565406
0.4697000825851191	-0.00016958693918534313
0.4727485829980444	-0.00016958684397070403
0.4758123259130346	-0.0001695867478858973
0.47889138754259974	-0.00016958665091545465
0.4819858444803126	-0.00016958655304309287
0.4850957737027142	-0.00016958645425185976
0.48822125257122767	-0.00016958635452471544
0.49136235883408375	-0.0001695862538440149
0.49451917062825407	-0.00016958615219149915
0.49769176648139524	-0.00016958604954854831
0.5008802253138022	-0.00016958594589583454
0.5040846264403713	-0.00016958584121363752
0.5073050495725733	-0.00016958573548134885
0.510541574820436	-0.00016958562867829677
0.5137942826945383	-0.00016958552078268137
0.5170632541080108	-0.00016958541177234879
0.520348570378551	-0.00016958530162431204
0.5236503132304436	-0.00016958519031495608
0.5269685647965956	-0.00016958507781987938
0.5303034076205784	-0.00016958496411415935
0.5336549246586811	-0.000169584849171921
0.5370231992819746	-0.00016958473296638861
0.5404083152783844	-0.00016958461547018146
0.5438103568547764	-0.0001695844966549194
0.5472294086390501	-0.00016958437649135813
0.5506655556822453	-0.00016958425494927772
0.5541188834606565	-0.00016958413199753822
0.5575894778779599	-0.00016958400760411373
0.5610774252673494	-0.00016958388173567618
0.564582812393686	-0.00016958375435802145
0.5681057264556543	-0.00016958362543561495
0.5716462550879327	-0.0001695834949320364
0.5752044863633723	-0.00016958336280933456
0.578780508795189	-0.00016958322902846964
0.5823744113391649	-0.00016958309354914432
0.5859862833958606	-0.000169582956329372
0.5896162148128399	-0.00016958281732609243
0.5932642958869042	-0.0001695826764945363
0.5969306173663387	-0.00016958253378844624
0.6006152704531702	-0.0001695823891598606
0.6043183468054361	-0.00016958224255936557
0.6080399385394633	-0.00016958209393545866
0.6117801382321605	-0.0001695819432348716
0.615539038923321	-0.0001695817904025879
0.6193167341179376	-0.00016958163538147202
0.6231133177885273	-0.00016958147811232146
0.6269288843774701	-0.00016958131853367717
0.6307635287993573	-0.0001695811565818155
0.6346173464433539	-0.000169580992190794
0.6384904331755705	-0.00016958082529186175
0.6423828853414483	-0.00016958065581386552
0.6462947997681555	-0.00016958048368286813
0.6502262737669962	-0.0001695803088220783
0.6541774051358311	-0.00016958013115172594
0.6581482921615099	-0.00016957995058875102
0.6621390336223173	-0.00016957976704693576
0.6661497287904288	-0.00016957958043680265
0.6701804774343807	-0.0001695793906648283
0.6742313798215525	-0.00016957919763375547
0.6783025367206603	-0.00016957900124295314
0.6823940494042636	-0.00016957880138691953
0.6865060196512851	-0.0001695785979560532
0.6906385497495416	-0.00016957839083576044
0.6947917424982893	-0.00016957817990748163
0.6989657012107808	-0.00016957796504658392
0.7031605297168348	-0.00016957774612349797
0.7073763323654189	-0.00016957752300309934
0.7116132140272461	-0.00016957729554397652
0.715871280097382	-0.0001695770635988821
0.7201506364978687	-0.00016957682701350656
0.7244513896803577	-0.00016957658562680386
0.7287736466287593	-0.0001695763392703234
0.733117514861903	-0.0001695760877676945
0.7374831024362126	-0.0001695758309345961
0.7418705179483935	-0.00016957556857786338
0.7462798705381356	-0.00016957530049482427
0.7507112698908263	-0.00016957502647371446
0.7551648262402804	-0.0001695747462918578
0.759640650371482	-0.0001695744597161076
0.7641388536233394	-0.0001695741665013116
0.7686595478914561	-0.00016957386639030998
0.7732028456309133	-0.00016957355911278852
0.7777688598590677	-0.00016957324438449835
0.7823577041583629	-0.00016957292190654806
0.7869694926791548	-0.00016957259136413168
0.7916043401425507	-0.00016957225242586574
0.7962623618432633	-0.00016957190474240665
0.8009436736524796	-0.0001695715479455772
0.805648392020742	-0.00016957118164659255
0.8103766339808457	-0.00016957080543517853
0.81512851715075	-0.00016957041887743945
0.8199041597365035	-0.00016957002151501911
0.8247036805351862	-0.0001695696128625596
0.8295271989378621	-0.00016956919240612332
0.8343748349325514	-0.00016956875960129998
0.8392467091072142	-0.0001695683138699731
0.8441429426527504	-0.00016956785459893475
0.849063657366014	-0.00016956738113615134
0.8540089756528442	-0.00016956689278822555
0.8589790205311084	-0.0001695663888171077
0.863973915633764	-0.00016956586843561787
0.8689739156337638	-0.00016956533195678746
0.8739739156337636	-0.00016956477993334418
0.8789739156337634	-0.0001695642119258895
0.8839739156337632	-0.00016956362719959016
0.8889739156337629	-0.00016956302497462937
0.8939739156337627	-0.00016956240442303228
0.8989739156337626	-0.0001695617646639366
0.9039739156337624	-0.00016956110475984924
0.9089739156337622	-0.00016956042371140808
0.913973915633762	-0.00016955972045151624
0.9189739156337617	-0.0001695589938398487
0.9239739156337615	-0.00016955824265488752
0.9289739156337613	-0.0001695574655865815
0.9339739156337611	-0.0001695566612272344
0.938973915633761	-0.00016955582806145298
0.9439739156337608	-0.00016955496445489264
0.9489739156337605	-0.00016955406864062385
0.9539739156337603	-0.00016955313870455936
0.9589739156337601	-0.0001695521725682675
0.9639739156337599	-0.0001695511679692542
0.9689739156337597	-0.0001695501224380363
0.9739739156337595	-0.00016954903327258162
0.9789739156337594	-0.00016954789750707312
0.9839739156337591	-0.00016954671187768724
0.9889739156337589	-0.00016954547278018496
0.9939739156337587	-0.00016954417622312782
0.9989739156337585	-0.00016954281777157798
1.0039739156337584	-0.00016954139248091305
1.008973915633758	-0.0001695398948198558
1.013973915633758	-0.00016953831857964533
1.0189739156337576	-0.00016953665676698197
1.0239739156337575	-0.00016953490147665458
1.0289739156337572	-0.00016953304374240242
1.033973915633757	-0.00016953107335841843
1.038973915633757	-0.00016952897866888165
1.0439739156337566	-0.00016952674631633832
1.0489739156337565	-0.0001695243609439659
1.0539739156337562	-0.0001695218048383427
1.058973915633756	-0.0001695190575053963
1.0639739156337558	-0.00016951609516207452
1.0689739156337557	-0.0001695128901305898
1.0739739156337553	-0.00016950941011068205
1.0789739156337552	-0.0001695056173105821
1.0839739156337551	-0.0001695014674033826
1.0889739156337548	-0.00016949690827593682
1.0939739156337547	-0.0001694918785267424
1.0989739156337544	-0.00016948630566202038
1.1039739156337542	-0.0001694801039270605
1.108973915633754	-0.00016947317169906242
1.1139739156337538	-0.00016946538835081756
1.1189739156337537	-0.00016945661047565707
1.1239739156337534	-0.00016944666734379523
1.1289739156337533	-0.00016943535542837627
1.133973915633753	-0.00016942243181376714
1.1389739156337528	-0.0001694076062500971
1.1439739156337525	-0.00016939053158007575
1.1489739156337524	-0.00016937079219626338
1.153973915633752	-0.0001693478901277381
1.158973915633752	-0.00016932122826249116
1.1639739156337519	-0.00016929009011950038
1.1689739156337515	-0.0001692536154528911
1.1739739156337514	-0.00016921077083927903
1.178973915633751	-0.0001691603142068131
1.183973915633751	-0.00016910075206972598
1.1889739156337507	-0.00016903028796721445
1.1939739156337505	-0.00016894676030711878
1.1989739156337504	-0.00016884756744625127
1.2039739156337501	-0.00016872957740133638
1.20897391563375	-0.00016858901905164982
1.2139739156337497	-0.00016842135106555486
1.2189739156337496	-0.00016822110400695783
1.2239739156337492	-0.0001679816901639975
1.2289739156337491	-0.00016769517451734877
1.2339739156337488	-0.0001673519989249588
1.2389739156337487	-0.00016694064996185238
1.2439739156337486	-0.0001664472588726012
1.2489739156337483	-0.000165855119696694
1.2539739156337482	-0.00016514410870701
1.2589739156337478	-0.0001642899847827742
1.2639739156337477	-0.00016326354606933583
1.2689739156337474	-0.00016202961317406518
1.2739739156337473	-0.00016054580303835248
1.2789739156337472	-0.00015876105040110006
1.2839739156337469	-0.00015661382531498289
1.2889739156337467	-0.00015402998536431567
1.2939739156337464	-0.00015092019003766857
1.2989739156337463	-0.00014717679207562295
1.303973915633746	-0.00014267010665248195
1.3089739156337459	-0.00013724394413606263
1.3139739156337455	-0.00013071027634113937
1.3189739156337454	-0.0001228428903721785
1.3239739156337453	-0.0001133698696246732
1.328973915633745	-0.00010196473022741912
1.333973915633745	-8.823603619237105e-5
1.3389739156337446	-7.171532212810624e-5
1.3439739156337445	-5.184317468282682e-5
1.3489739156337441	-2.7953371031701594e-5
1.353973915633744	7.449448409262671e-7
1.358973915633744	3.518693704942846e-5
1.3639739156337436	7.647330083750912e-5
1.3689739156337435	0.0001258924633001172
1.3739739156337432	0.0001849428389332206
1.378973915633743	0.00025535377915032026
1.3839739156337427	0.0003391033477250527
1.3879804367253072	0.00041747370885192477
1.3919869578168715	0.0005069864686078039
1.395993478908436	0.0006091503492612903
1.4	0.00072545074207301
