0.0006999999999999628	-0.00017443633510235695
0.001403500000000035	-0.00017442599428776703
0.0021105174999999296	-0.0001744258177507454
0.0028210700874998964	-0.00017442578163089667
0.003535175437937438	-0.00017442574729315167
0.004252851315127062	-0.0001744257128210881
0.004974115571702636	-0.00017442567818747406
0.005698986149561044	-0.00017442564339113832
0.006427481080308875	-0.00017442560843144506
0.007159618485710418	-0.00017442557330760405
0.007895416578138905	-0.00017442553801883898
0.008634893661029494	-0.00017442550256452702
0.00937806812933463	-0.00017442546694384768
0.010124958469981361	-0.000174425431156051
0.010875583262331262	-0.00017442539520050047
0.01162996117864295	-0.00017442535907636185
0.012388110984536127	-0.00017442532278291148
0.013150051539458866	-0.0001744252863193469
0.013915801797156208	-0.00017442524968498932
0.014685380806142003	-0.0001744252128791335
0.015458807710172712	-0.00017442517590080168
0.01623610174872358	-0.00017442513874946856
0.017017282257467212	-0.00017442510142421096
0.017802368668754516	-0.00017442506392430885
0.01859138051209827	-0.00017442502624898877
0.019384337414658823	-0.00017442498839746282
0.020181259101732015	-0.00017442495036895875
0.020982165397240727	-0.00017442491216270738
0.02178707622422691	-0.0001744248737778587
0.02259601160534814	-0.00017442483521375865
0.02340899166337483	-0.00017442479646944396
0.024226036621691812	-0.0001744247575442356
0.02504716680480027	-0.00017442471843728968
0.025872402638824326	-0.00017442467914778503
0.02670176465201842	-0.00017442463967492055
0.02753527347527842	-0.0001744246000179936
0.028372949842654864	-0.00017442456017597238
0.0292148145918682	-0.0001744245201482454
0.03006088866482743	-0.00017442447993384753
0.03091119310815165	-0.00017442443953208847
0.0317657490736924	-0.00017442439894200637
0.03262457781906081	-0.00017442435816280452
0.03348770070815601	-0.0001744243171937211
0.034355139211696875	-0.00017442427603387247
0.035226914907755424	-0.00017442423468241807
0.03610304948229413	-0.0001744241931384311
0.03698356472970569	-0.00017442415140123512
0.03786848255335419	-0.0001744241094697794
0.038757824966120964	-0.00017442406734331382
0.03965161409095162	-0.00017442402502099828
0.04054987216140643	-0.00017442398250192573
0.04145262152221345	-0.00017442393978520625
0.04235988462982453	-0.00017442389686999816
0.04327168405297366	-0.0001744238537554548
0.0441880424732386	-0.00017442381044066019
0.04510898268560485	-0.000174423766924685
0.046034527599032954	-0.00017442372320672066
0.04696470023702812	-0.00017442367928581528
0.04789952373821329	-0.00017442363516109307
0.048839021356904266	-0.00017442359083173154
0.04978321646368884	-0.00017442354629669226
0.05073213254600732	-0.00017442350155515835
0.05168579320873729	-0.00017442345660619282
0.052644222174780875	-0.00017442341144881566
0.05360744328565471	-0.00017442336608217835
0.054575480502083065	-0.00017442332050542907
0.05554835790459365	-0.0001744232747174159
0.05652609969411678	-0.0001744232287173986
0.05750873019258755	-0.00017442318250442408
0.05849627384355038	-0.0001744231360775007
0.05948875521276831	-0.0001744230894356508
0.060486198988831924	-0.0001744230425779546
0.061488629983776036	-0.00017442299550347656
0.062496073133695054	-0.00017442294821126193
0.06350855349936363	-0.0001744229007003336
0.06452609626686023	-0.00017442285296973104
0.06554872674819473	-0.00017442280501838892
0.0665764703819355	-0.00017442275684549738
0.06760935273384511	-0.0001744227084499435
0.06864739949751451	-0.00017442265983080396
0.06969063649500218	-0.00017442261098704525
0.07073908967747725	-0.00017442256191767348
0.07179278512586448	-0.0001744225126217573
0.07285174905149387	-0.00017442246309820963
0.07391600779675113	-0.0001744224133459995
0.07498558783573481	-0.00017442236336422906
0.07606051577491364	-0.00017442231315172773
0.07714081835378801	-0.00017442226270762131
0.0782265224455569	-0.00017442221203076318
0.07931765505778446	-0.0001744221611201947
0.08041424333307354	-0.00017442210997475332
0.08151631454973869	-0.0001744220585935472
0.08262389612248718	-0.00017442200697546923
0.08373701560309972	-0.00017442195511935447
0.08485570068111534	-0.00017442190302435827
0.08597997918452092	-0.00017442185068920524
0.08710987908044335	-0.00017442179811288396
0.08824542847584554	-0.00017442174529437682
0.08938665561822474	-0.0001744216922324821
0.0905335888963159	-0.00017442163892619886
0.09168625684079766	-0.00017442158537441064
0.09284468812500156	-0.00017442153157605576
0.09400891156562662	-0.00017442147752999224
0.09517895612345495	-0.00017442142323502303
0.09635485090407213	-0.00017442136869018007
0.09753662515859228	-0.0001744213138941686
0.09872430828438533	-0.00017442125884605333
0.09991792982580742	-0.00017442120354449402
0.10111751947493633	-0.00017442114798852786
0.10232310707231096	-0.00017442109217685476
0.10353472260767245	-0.0001744210361083391
0.1047523962207106	-0.00017442097978185228
0.1059761582018141	-0.0001744209231963042
0.10720603899282295	-0.00017442086635033956
0.10844206918778705	-0.00017442080924294102
0.10968427953372589	-0.00017442075187280599
0.11093270093139453	-0.00017442069423878552
0.11218736443605157	-0.00017442063633969838
0.11344830125823162	-0.00017442057817423684
0.11471554276452282	-0.00017442051974129682
0.11598912047834534	-0.00017442046103949036
0.11726906608073716	-0.00017442040206772197
0.11855541141114084	-0.00017442034282482078
0.11984818846819666	-0.00017442028330931142
0.12114742941053756	-0.00017442022352008417
0.12245316655759021	-0.00017442016345583944
0.12376543239037813	-0.00017442010311530728
0.12508425955233007	-0.0001744200424972088
0.12640968085009188	-0.00017441998160024763
0.12774172925434224	-0.00017441992042307105
0.12908043790061416	-0.000174419858964497
0.13042584009011704	-0.00017441979722309267
0.13177796929056776	-0.0001744197351976087
0.1331368591370207	-0.00017441967288671283
0.13450254343270562	-0.00017441961028894914
0.13587505614986897	-0.0001744195474031169
0.1372544314306183	-0.0001744194842277328
0.13864070358777136	-0.0001744194207615584
0.14003390710571012	-0.0001744193570031212
0.14143407664123844	-0.0001744192929510192
0.14284124702444484	-0.00017441922860391307
0.14425545325956707	-0.00017441916396038494
0.1456767305258648	-0.0001744190990190181
0.14710511417849395	-0.00017441903377834157
0.14854063974938644	-0.00017441896823691154
0.14998334294813345	-0.00017441890239332838
0.1514332596628742	-0.00017441883624616536
0.15289042596118857	-0.00017441876979382455
0.15435487809099444	-0.00017441870303492102
0.15582665248144925	-0.00017441863596789867
0.15730578574385642	-0.00017441856859132108
0.1587923146725756	-0.00017441850090363142
0.1602862762459386	-0.00017441843290334536
0.1617877076271685	-0.00017441836458879822
0.16329664616530448	-0.0001744182959586027
0.16481312939613094	-0.00017441822701108308
0.16633719504311156	-0.00017441815774467246
0.16786888101832692	-0.0001744180881577963
0.16940822542341866	-0.0001744180182488883
0.17095526655053575	-0.0001744179480162808
0.17251004288328856	-0.0001744178774582993
0.1740725930977048	-0.00017441780657342692
0.1756429560631934	-0.00017441773535985098
0.17722117084350925	-0.00017441766381603044
0.17880727669772659	-0.00017441759194019576
0.18040131308121543	-0.0001744175197306279
0.18200331964662148	-0.00017441744718570536
0.18361333624485465	-0.00017441737430354598
0.18523140292607912	-0.00017441730108253852
0.18685755994070938	-0.00017441722752088772
0.18849184774041308	-0.00017441715361672482
0.19013430697911532	-0.0001744170793682948
0.19178497851401088	-0.0001744170047738082
0.19344390340658082	-0.0001744169298313932
0.19511112292361377	-0.0001744168545392521
0.1967866785382319	-0.00017441677889548063
0.19847061193092289	-0.0001744167028981538
0.2001629649905775	-0.00017441662654540878
0.20186377981553055	-0.00017441654983531613
0.20357309871460819	-0.00017441647276582537
0.2052909642081813	-0.00017441639533513455
0.207017419029222	-0.00017441631754110625
0.20875250612436788	-0.00017441623938190817
0.21049626865498966	-0.0001744161608553082
0.21224874999826462	-0.00017441608195936423
0.21400999374825602	-0.0001744160026919844
0.2157800437169973	-0.0001744159230511488
0.21755894393558234	-0.00017441584303453194
0.21934673865526005	-0.00017441576264021414
0.2211434723485364	-0.00017441568186593272
0.22294918971027902	-0.00017441560070943977
0.22476393565883038	-0.00017441551916856662
0.22658775533712455	-0.0001744154372411445
0.22842069411381005	-0.00017441535492481312
0.23026279758437915	-0.00017441527221720145
0.23211411157230094	-0.00017441518911615747
0.23397468213016254	-0.00017441510561919387
0.23584455554081346	-0.00017441502172401007
0.23772377831851751	-0.0001744149374281902
0.23961239721011024	-0.00017441485272928016
0.24151045919616082	-0.00017441476762477534
0.24341801149214168	-0.00017441468211220048
0.24533510154960245	-0.00017441459618908333
0.24726177705735047	-0.00017441450985271827
0.2491980859426373	-0.00017441442310055423
0.25114407637235053	-0.00017441433592998813
0.2530997967542124	-0.00017441424833838042
0.2550652957379834	-0.00017441416032298106
0.2570406222166734	-0.00017441407188107278
0.25902582532775686	-0.00017441398300978474
0.26102095445439577	-0.00017441389370640537
0.2630260592266676	-0.00017441380396807985
0.26504118952280104	-0.00017441371379181688
0.26706639547041516	-0.00017441362317470658
0.26910172744776706	-0.0001744135321138411
0.27114723608500574	-0.00017441344060608707
0.2732029722654309	-0.0001744133486484659
0.2752689871267581	-0.00017441325623781043
0.2773453320623917	-0.00017441316337096273
0.2794320587227036	-0.0001744130700447389
0.281529219016317	-0.00017441297625587856
0.2836368651113984	-0.00017441288200098612
0.28575504943695557	-0.0001744127872768791
0.28788382468414025	-0.00017441269208000792
0.2900232438075611	-0.0001744125964069243
0.29217336002659877	-0.00017441250025416116
0.29433422682673194	-0.00017441240361804614
0.29650589796086546	-0.00017441230649511196
0.29868842745066976	-0.00017441220888145186
0.30088186958792296	-0.00017441211077353293
0.30308627893586265	-0.00017441201216724587
0.305301710330542	-0.0001744119130590615
0.3075282188821948	-0.00017441181344481917
0.30976585997660583	-0.00017441171332052986
0.31201468927648873	-0.00017441161268217007
0.31427476272287097	-0.00017441151152545456
0.3165461365364855	-0.00017441140984628922
0.318828867219168	-0.00017441130764033153
0.3211230115552639	-0.0001744112049031812
0.32342862661304006	-0.00017441110163039685
0.3257457697461053	-0.0001744109978174812
0.32807449859483556	-0.00017441089345975242
0.33041487108780954	-0.00017441078855255144
0.3327669454432486	-0.00017441068309104955
0.33513078017046477	-0.00017441057707041303
0.33750643407131686	-0.0001744104704857036
0.33989396624167323	-0.00017441036333163548
0.3422934360728816	-0.00017441025560334617
0.34470490325324576	-0.00017441014729528294
0.3471284277695118	-0.00017441003840231183
0.34956406990835936	-0.00017440992891891137
0.3520118902579012	-0.0001744098188393349
0.3544719497091907	-0.0001744097081581518
0.35694430945773664	-0.00017440959686935032
0.3594290310050252	-0.00017440948496701112
0.36192617616005013	-0.00017440937244530316
0.3644358070408504	-0.00017440925929780552
0.36695798607605457	-0.00017440914551836742
0.36949277600643504	-0.00017440903110046348
0.37204023988646695	-0.00017440891603763556
0.374600441085899	-0.00017440880032307395
0.3771734432913285	-0.0001744086839500441
0.379759310507785	-0.00017440856691152784
0.3823581070603237	-0.00017440844920035915
0.3849698975956254	-0.00017440833080911567
0.3875947470836033	-0.00017440821173054315
0.39023272081902133	-0.00017440809195690726
0.3928838844231162	-0.00017440797148044444
0.39554830384523165	-0.00017440785029314184
0.3982260453644579	-0.00017440772838686478
0.4009171755912802	-0.000174407605753382
0.4036217614692367	-0.0001744074823840687
0.4063398702765827	-0.000174407358270073
0.40907156962796565	-0.00017440723340275197
0.41181692747610543	-0.00017440710777272375
0.41457601211348605	-0.00017440698137071153
0.4173488921740533	-0.00017440685418721128
0.4201356366349237	-0.00017440672621231852
0.42293631481809807	-0.00017440659743608029
0.4257509963921885	-0.00017440646784810875
0.42857975137414944	-0.00017440633743798873
0.4314226501310203	-0.0001744062061947816
0.43427976338167545	-0.00017440607410759668
0.43715116219858396	-0.00017440594116491473
0.440036918009577	-0.0001744058073552453
0.44293710259962477	-0.0001744056726665777
0.4458517881126228	-0.00017440553708671406
0.4487810470531859	-0.00017440540060319933
0.45172495228845155	-0.00017440526320309648
0.45468357704989376	-0.00017440512487313539
0.45765699493514306	-0.0001744049856000263
0.46064527990981863	-0.0001744048453695964
0.4636485063093676	-0.00017440470416775028
0.4666667488409145	-0.00017440456197974843
0.4697000825851191	-0.00017440441879067127
0.4727485829980444	-0.00017440427458504133
0.4758123259130346	-0.00017440412934695173
0.47889138754259974	-0.00017440398306001008
0.4819858444803126	-0.00017440383570758284
0.4850957737027142	-0.00017440368727246702
0.48822125257122767	-0.0001744035377369782
0.49136235883408375	-0.00017440338708285714
0.49451917062825407	-0.00017440323529142749
0.49769176648139524	-0.00017440308234343467
0.5008802253138022	-0.00017440292821912544
0.5040846264403713	-0.00017440277289811434
0.5073050495725733	-0.00017440261635939206
0.510541574820436	-0.00017440245858140838
0.5137942826945383	-0.000174402299542069
0.5170632541080108	-0.0001744021392183931
0.520348570378551	-0.0001744019775868471
0.5236503132304436	-0.00017440181462313986
0.5269685647965956	-0.00017440165030233835
0.5303034076205784	-0.00017440148459870765
0.5336549246586811	-0.00017440131748567783
0.5370231992819746	-0.00017440114893582748
0.5404083152783844	-0.00017440097892105553
0.5438103568547764	-0.00017440080741214619
0.5472294086390501	-0.00017440063437911346
0.5506655556822453	-0.00017440045979101097
0.5541188834606565	-0.00017440028361603635
0.5575894778779599	-0.00017440010582100515
0.5610774252673494	-0.00017439992637182422
0.564582812393686	-0.00017439974523349584
0.5681057264556543	-0.0001743995623696881
0.5716462550879327	-0.0001743993777429106
0.5752044863633723	-0.00017439919131416543
0.578780508795189	-0.00017439900304355382
0.5823744113391649	-0.00017439881288983688
0.5859862833958606	-0.0001743986208097961
0.5896162148128399	-0.0001743984267594813
0.5932642958869042	-0.00017439823069290223
0.5969306173663387	-0.0001743980325626491
0.6006152704531702	-0.00017439783231981189
0.6043183468054361	-0.00017439762991350215
0.6080399385394633	-0.00017439742529104117
0.6117801382321605	-0.00017439721839794466
0.615539038923321	-0.00017439700917792547
0.6193167341179376	-0.00017439679757237262
0.6231133177885273	-0.00017439658352073426
0.6269288843774701	-0.00017439636696011245
0.6307635287993573	-0.00017439614782504973
0.6346173464433539	-0.00017439592604832912
0.6384904331755705	-0.00017439570155975683
0.6423828853414483	-0.00017439547428612517
0.6462947997681555	-0.00017439524415206194
0.6502262737669962	-0.00017439501107891544
0.6541774051358311	-0.0001743947749852055
0.6581482921615099	-0.0001743945357859395
0.6621390336223173	-0.00017439429339294484
0.6661497287904288	-0.00017439404771478058
0.6701804774343807	-0.00017439379865580795
0.6742313798215525	-0.00017439354611707082
0.6783025367206603	-0.00017439328999523164
0.6823940494042636	-0.0001743930301825901
0.6865060196512851	-0.0001743927665672989
0.6906385497495416	-0.00017439249903255193
0.6947917424982893	-0.00017439222745681924
0.6989657012107808	-0.00017439195171324581
0.7031605297168348	-0.00017439167166974131
0.7073763323654189	-0.00017439138718807718
0.7116132140272461	-0.00017439109812434812
0.715871280097382	-0.00017439080432794042
0.7201506364978687	-0.00017439050564198492
0.7244513896803577	-0.00017439020190196456
0.7287736466287593	-0.00017438989293635588
0.733117514861903	-0.00017438957856564277
0.7374831024362126	-0.00017438925860190711
0.7418705179483935	-0.00017438893284816816
0.7462798705381356	-0.0001743886010986465
0.7507112698908263	-0.00017438826313750054
0.7551648262402804	-0.00017438791873846377
0.759640650371482	-0.00017438756766391053
0.7641388536233394	-0.0001743872096651592
0.7686595478914561	-0.00017438684448045516
0.7732028456309133	-0.00017438647183550343
0.7777688598590677	-0.00017438609144119374
0.7823577041583629	-0.0001743857029942439
0.7869694926791548	-0.0001743853061753536
0.7916043401425507	-0.00017438490064808145
0.7962623618432633	-0.00017438448605855436
0.8009436736524796	-0.00017438406203310495
0.805648392020742	-0.000174383628178166
0.8103766339808457	-0.00017438318407808374
0.81512851715075	-0.00017438272929373494
0.8199041597365035	-0.00017438226336136586
0.8247036805351862	-0.00017438178579031426
0.8295271989378621	-0.0001743812960611221
0.8343748349325514	-0.00017438079362351255
0.8392467091072142	-0.00017438027789436653
0.8441429426527504	-0.0001743797482545168
0.849063657366014	-0.00017437920404651997
0.8540089756528442	-0.00017437864457187316
0.8589790205311084	-0.00017437806908678687
0.863973915633764	-0.00017437747679933501
0.8689739156337638	-0.0001743768682028872
0.8739739156337636	-0.00017437624399793642
0.8789739156337634	-0.00017437560376925895
0.8839739156337632	-0.00017437494678088636
0.8889739156337629	-0.00017437427225238178
0.8939739156337627	-0.00017437357935545867
0.8989739156337626	-0.00017437286720977847
0.9039739156337624	-0.00017437213487955512
0.9089739156337622	-0.00017437138136745786
0.913973915633762	-0.0001743706056101716
0.9189739156337617	-0.0001743698064713881
0.9239739156337615	-0.00017436898273527168
0.9289739156337613	-0.00017436813309950738
0.9339739156337611	-0.0001743672561649733
0.938973915633761	-0.00017436635042684508
0.9439739156337608	-0.0001743654142636992
0.9489739156337605	-0.00017436444592363148
0.9539739156337603	-0.00017436344351021862
0.9589739156337601	-0.00017436240496552282
0.9639739156337599	-0.00017436132805092434
0.9689739156337597	-0.00017436021032444154
0.9739739156337595	-0.00017435904911541095
0.9789739156337594	-0.000174357841494204
0.9839739156337591	-0.00017435658423790878
0.9889739156337589	-0.0001743552737896989
0.9939739156337587	-0.00017435390621123783
0.9989739156337585	-0.0001743524771275196
1.0039739156337584	-0.00017435098166295411
1.008973915633758	-0.00017434941436312565
1.013973915633758	-0.00017434776910714312
1.0189739156337576	-0.00017434603900008653
1.0239739156337575	-0.00017434421624802136
1.0289739156337572	-0.00017434229200944144
1.033973915633757	-0.0001743402562203051
1.038973915633757	-0.00017433809738281466
1.0439739156337566	-0.0001743358023182794
1.0489739156337565	-0.0001743333558700528
1.0539739156337562	-0.00017433074055055048
1.058973915633756	-0.0001743279361187518
1.0639739156337558	-0.00017432491907648208
1.0689739156337557	-0.0001743216620657404
1.0739739156337553	-0.00017431813314582875
1.0789739156337552	-0.0001743142949282958
1.0839739156337551	-0.00017431010354059708
1.0889739156337548	-0.0001743055073794613
1.0939739156337547	-0.00017430044561700755
1.0989739156337544	-0.00017429484640477382
1.1039739156337542	-0.00017428862471425028
1.108973915633754	-0.00017428167974048033
1.1139739156337538	-0.0001742738917773688
1.1189739156337537	-0.0001742651184574598
1.1239739156337534	-0.00017425519022381858
1.1289739156337533	-0.0001742439048747073
1.133973915633753	-0.00017423102099404313
1.1389739156337528	-0.00017421625003098803
1.1439739156337525	-0.00017419924675679568
1.1489739156337524	-0.00017417959775718923
1.153973915633752	-0.00017415680756118897
1.158973915633752	-0.0001741302819143224
1.1639739156337519	-0.00017409930760954294
1.1689739156337515	-0.00017406302816726796
1.1739739156337514	-0.00017402041450952565
1.178973915633751	-0.0001739702296007742
1.183973915633751	-0.0001739109858161687
1.1889739156337507	-0.00017384089354692642
1.1939739156337505	-0.00017375779925022828
1.1989739156337504	-0.00017365911078388066
1.2039739156337501	-0.0001735417074310831
1.20897391563375	-0.00017340183149114552
1.2139739156337497	-0.0001732349576756756
1.2189739156337496	-0.00017303563578880313
1.2239739156337492	-0.00017279730123451658
1.2289739156337491	-0.00017251204678564504
1.2339739156337488	-0.00017217034767929914
1.2389739156337487	-0.00017176073046427533
1.2439739156337486	-0.0001712693740140903
1.2489739156337483	-0.00017067962868693945
1.2539739156337482	-0.00016997143664816998
1.2589739156337478	-0.00016912063278245302
1.2639739156337477	-0.00016809810127910833
1.2689739156337474	-0.00016686875775194062
1.2739739156337473	-0.00016539032051097652
1.2789739156337472	-0.00016361182718636119
1.2839739156337469	-0.0001614718441652006
1.2889739156337467	-0.00015889630607963167
1.2939739156337464	-0.00015579591073298804
1.2989739156337463	-0.0001520629812155204
1.303973915633746	-0.00014756769144922202
1.3089739156337459	-0.0001421535339663878
1.3139739156337455	-0.00013563188948305507
1.3189739156337454	-0.00012777553712761555
1.3239739156337453	-0.00011831092277226468
1.328973915633745	-0.00010690898211651648
1.333973915633745	-9.317429714517029e-5
1.3389739156337446	-7.66323526505442e-5
1.3439739156337445	-5.671465848314759e-5
1.3489739156337441	-3.2741519937744176e-5
1.353973915633744	-3.902282400454335e-6
1.358973915633744	3.076704081290275e-5
1.3639739156337436	7.240871165732857e-5
1.3689739156337435	0.00012237052750632563
1.3739739156337432	0.0001822348460696316
1.378973915633743	0.00025384841903695546
1.3839739156337427	0.00033935156061312694
1.3879804367253072	0.0004196832828466435
1.3919869578168715	0.0005117898497183159
1.395993478908436	0.0006173766941903699
1.4	0.0007381598452569396
