0.0006999999999999628	-0.00017860149475237508
0.001403500000000035	-0.00017859390434950837
0.0021105174999999296	-0.0001785935590702641
0.0028210700874998964	-0.00017859329879783324
0.003535175437937438	-0.00017859303824519046
0.004252851315127062	-0.0001785927763192069
0.004974115571702636	-0.00017859251299786436
0.005698986149561044	-0.00017859224827388307
0.006427481080308875	-0.00017859198214014934
0.007159618485710418	-0.00017859171458944607
0.007895416578138905	-0.00017859144561469575
0.008634893661029494	-0.0001785911752086149
0.00937806812933463	-0.00017859090336410887
0.010124958469981361	-0.00017859063007378097
0.010875583262331262	-0.00017859035533048716
0.01162996117864295	-0.00017859007912681538
0.012388110984536127	-0.0001785898014555057
0.013150051539458866	-0.00017858952230922177
0.013915801797156208	-0.00017858924168056333
0.014685380806142003	-0.00017858895956215885
0.015458807710172712	-0.00017858867594653383
0.01623610174872358	-0.0001785883908263048
0.017017282257467212	-0.00017858810419393384
0.017802368668754516	-0.00017858781604189017
0.01859138051209827	-0.00017858752636276207
0.019384337414658823	-0.00017858723514896762
0.020181259101732015	-0.00017858694239285286
0.020982165397240727	-0.00017858664808689874
0.02178707622422691	-0.00017858635222341794
0.02259601160534814	-0.00017858605479480314
0.02340899166337483	-0.0001785857557934115
0.024226036621691812	-0.00017858545521151533
0.02504716680480027	-0.00017858515304140581
0.025872402638824326	-0.00017858484927529635
0.02670176465201842	-0.00017858454390549123
0.02753527347527842	-0.00017858423692408614
0.028372949842654864	-0.00017858392832346487
0.0292148145918682	-0.00017858361809564507
0.03006088866482743	-0.00017858330623278152
0.03091119310815165	-0.00017858299272701834
0.0317657490736924	-0.00017858267757046007
0.03262457781906081	-0.00017858236075517627
0.03348770070815601	-0.00017858204227316939
0.034355139211696875	-0.0001785817221166
0.035226914907755424	-0.00017858140027733483
0.03610304948229413	-0.00017858107674740135
0.03698356472970569	-0.00017858075151879683
0.03786848255335419	-0.00017858042458342684
0.038757824966120964	-0.00017858009593328504
0.03965161409095162	-0.00017857976556016314
0.04054987216140643	-0.00017857943345606452
0.04145262152221345	-0.00017857909961278685
0.04235988462982453	-0.00017857876402215453
0.04327168405297366	-0.00017857842667603924
0.0441880424732386	-0.00017857808756621248
0.04510898268560485	-0.00017857774668441574
0.046034527599032954	-0.00017857740402248796
0.04696470023702812	-0.00017857705957208733
0.04789952373821329	-0.00017857671332499814
0.048839021356904266	-0.00017857636527289625
0.04978321646368884	-0.00017857601540757377
0.05073213254600732	-0.00017857566372053357
0.05168579320873729	-0.00017857531020348474
0.052644222174780875	-0.00017857495484813535
0.05360744328565471	-0.00017857459764596326
0.054575480502083065	-0.0001785742385886335
0.05554835790459365	-0.00017857387766776546
0.05652609969411678	-0.00017857351487487558
0.05750873019258755	-0.00017857315020152785
0.05849627384355038	-0.0001785727836392309
0.05948875521276831	-0.00017857241517939433
0.060486198988831924	-0.00017857204481374012
0.061488629983776036	-0.00017857167253354606
0.062496073133695054	-0.00017857129833048505
0.06350855349936363	-0.00017857092219570212
0.06452609626686023	-0.0001785705441208567
0.06554872674819473	-0.00017857016409732936
0.0665764703819355	-0.0001785697821164606
0.06760935273384511	-0.00017856939816972145
0.06864739949751451	-0.00017856901224844074
0.06969063649500218	-0.0001785686243439653
0.07073908967747725	-0.0001785682344476177
0.07179278512586448	-0.00017856784255077492
0.07285174905149387	-0.00017856744864472895
0.07391600779675113	-0.00017856705272085307
0.07498558783573481	-0.0001785666547702847
0.07606051577491364	-0.0001785662547844606
0.07714081835378801	-0.000178565852754492
0.0782265224455569	-0.00017856544867181606
0.07931765505778446	-0.000178565042527547
0.08041424333307354	-0.00017856463431293408
0.08151631454973869	-0.00017856422401917456
0.08262389612248718	-0.00017856381163752674
0.08373701560309972	-0.00017856339715913188
0.08485570068111534	-0.00017856298057519955
0.08597997918452092	-0.00017856256187690004
0.08710987908044335	-0.00017856214105538734
0.08824542847584554	-0.00017856171810182644
0.08938665561822474	-0.00017856129300730837
0.0905335888963159	-0.0001785608657629785
0.09168625684079766	-0.00017856043635997154
0.09284468812500156	-0.00017856000478938097
0.09400891156562662	-0.0001785595710423078
0.09517895612345495	-0.00017855913510990916
0.09635485090407213	-0.0001785586969832038
0.09753662515859228	-0.00017855825665317703
0.09872430828438533	-0.0001785578141109992
0.09991792982580742	-0.00017855736934768842
0.10111751947493633	-0.0001785569223542959
0.10232310707231096	-0.00017855647312187595
0.10353472260767245	-0.000178556021641393
0.1047523962207106	-0.0001785555679038783
0.1059761582018141	-0.00017855511190038956
0.10720603899282295	-0.00017855465362188173
0.10844206918778705	-0.0001785541930593645
0.10968427953372589	-0.00017855373020375634
0.11093270093139453	-0.00017855326504611222
0.11218736443605157	-0.0001785527975773362
0.11344830125823162	-0.00017855232778848828
0.11471554276452282	-0.00017855185567037266
0.11598912047834534	-0.00017855138121403928
0.11726906608073716	-0.0001785509044103277
0.11855541141114084	-0.00017855042525027816
0.11984818846819666	-0.00017854994372474756
0.12114742941053756	-0.0001785494598245679
0.12245316655759021	-0.00017854897354076772
0.12376543239037813	-0.00017854848486421505
0.12508425955233007	-0.0001785479937856783
0.12640968085009188	-0.00017854750029615038
0.12774172925434224	-0.00017854700438650866
0.12908043790061416	-0.00017854650604747828
0.13042584009011704	-0.00017854600527008138
0.13177796929056776	-0.00017854550204497255
0.1331368591370207	-0.0001785449963631461
0.13450254343270562	-0.00017854448821530663
0.13587505614986897	-0.00017854397759235584
0.1372544314306183	-0.00017854346448504472
0.13864070358777136	-0.00017854294888421086
0.14003390710571012	-0.00017854243078057727
0.14143407664123844	-0.00017854191016495325
0.14284124702444484	-0.00017854138702806617
0.14425545325956707	-0.0001785408613607084
0.1456767305258648	-0.00017854033315360947
0.14710511417849395	-0.00017853980239748552
0.14854063974938644	-0.00017853926908307355
0.14998334294813345	-0.00017853873320103702
0.1514332596628742	-0.0001785381947421413
0.15289042596118857	-0.0001785376536970069
0.15435487809099444	-0.00017853711005629745
0.15582665248144925	-0.00017853656381069228
0.15730578574385642	-0.0001785360149508033
0.1587923146725756	-0.0001785354634672164
0.1602862762459386	-0.00017853490935065564
0.1617877076271685	-0.00017853435259167796
0.16329664616530448	-0.00017853379318080164
0.16481312939613094	-0.00017853323110858302
0.16633719504311156	-0.00017853266636562286
0.16786888101832692	-0.00017853209894241914
0.16940822542341866	-0.00017853152882943532
0.17095526655053575	-0.00017853095601722663
0.17251004288328856	-0.00017853038049618205
0.1740725930977048	-0.00017852980225677078
0.1756429560631934	-0.00017852922128945925
0.17722117084350925	-0.0001785286375845695
0.17880727669772659	-0.00017852805113254138
0.18040131308121543	-0.0001785274619236664
0.18200331964662148	-0.00017852686994833592
0.18361333624485465	-0.00017852627519674943
0.18523140292607912	-0.00017852567765928957
0.18685755994070938	-0.00017852507732615513
0.18849184774041308	-0.0001785244741875196
0.19013430697911532	-0.00017852386823360135
0.19178497851401088	-0.0001785232594545924
0.19344390340658082	-0.00017852264784045524
0.19511112292361377	-0.00017852203338152982
0.1967866785382319	-0.0001785214160676728
0.19847061193092289	-0.0001785207958889597
0.2001629649905775	-0.0001785201728353354
0.20186377981553055	-0.00017851954689681264
0.20357309871460819	-0.0001785189180632456
0.2052909642081813	-0.00017851828632448107
0.207017419029222	-0.00017851765167032217
0.20875250612436788	-0.0001785170140906676
0.21049626865498966	-0.0001785163735751129
0.21224874999826462	-0.00017851573011340308
0.21400999374825602	-0.0001785150836951538
0.2157800437169973	-0.000178514434309889
0.21755894393558234	-0.00017851378194727138
0.21934673865526005	-0.00017851312659666283
0.2211434723485364	-0.00017851246824753612
0.22294918971027902	-0.00017851180688932268
0.22476393565883038	-0.0001785111425112366
0.22658775533712455	-0.0001785104751025588
0.22842069411381005	-0.00017850980465251753
0.23026279758437915	-0.00017850913115018675
0.23211411157230094	-0.00017850845458465902
0.23397468213016254	-0.00017850777494495763
0.23584455554081346	-0.00017850709221990947
0.23772377831851751	-0.00017850640639848397
0.23961239721011024	-0.00017850571746942895
0.24151045919616082	-0.0001785050254213906
0.24341801149214168	-0.00017850433024300664
0.24533510154960245	-0.00017850363192296512
0.24726177705735047	-0.0001785029304495574
0.2491980859426373	-0.00017850222581134137
0.25114407637235053	-0.00017850151799639937
0.2530997967542124	-0.00017850080699319504
0.2550652957379834	-0.0001785000927896715
0.2570406222166734	-0.0001784993753738901
0.25902582532775686	-0.00017849865473379802
0.26102095445439577	-0.00017849793085730634
0.2630260592266676	-0.00017849720373199165
0.26504118952280104	-0.00017849647334557033
0.26706639547041516	-0.00017849573968562488
0.26910172744776706	-0.00017849500273942919
0.27114723608500574	-0.0001784942624944526
0.2732029722654309	-0.00017849351893777808
0.2752689871267581	-0.0001784927720565624
0.2773453320623917	-0.0001784920218377031
0.2794320587227036	-0.00017849126826808087
0.281529219016317	-0.00017849051133438093
0.2836368651113984	-0.00017848975102330986
0.28575504943695557	-0.00017848898732113457
0.28788382468414025	-0.00017848822021430307
0.2900232438075611	-0.0001784874496889554
0.29217336002659877	-0.0001784866757311574
0.29433422682673194	-0.00017848589832685245
0.29650589796086546	-0.00017848511746182505
0.29868842745066976	-0.00017848433312168965
0.30088186958792296	-0.00017848354529179986
0.30308627893586265	-0.00017848275395766907
0.305301710330542	-0.00017848195910426958
0.3075282188821948	-0.00017848116071675138
0.30976585997660583	-0.00017848035877982216
0.31201468927648873	-0.00017847955327822057
0.31427476272287097	-0.0001784787441965158
0.3165461365364855	-0.0001784779315188762
0.318828867219168	-0.00017847711522957273
0.3211230115552639	-0.00017847629531258854
0.32342862661304006	-0.00017847547175166842
0.3257457697461053	-0.00017847464453045673
0.32807449859483556	-0.00017847381363235006
0.33041487108780954	-0.0001784729790405774
0.3327669454432486	-0.00017847214073815436
0.33513078017046477	-0.00017847129870797725
0.33750643407131686	-0.0001784704529325827
0.33989396624167323	-0.00017846960339454944
0.3422934360728816	-0.00017846875007597246
0.34470490325324576	-0.0001784678929588842
0.3471284277695118	-0.0001784670320251207
0.34956406990835936	-0.00017846616725622743
0.3520118902579012	-0.0001784652986335305
0.3544719497091907	-0.00017846442613819868
0.35694430945773664	-0.00017846354975105874
0.3594290310050252	-0.0001784626694528931
0.36192617616005013	-0.00017846178522408035
0.3644358070408504	-0.0001784608970448005
0.36695798607605457	-0.00017846000489504804
0.36949277600643504	-0.00017845910875459377
0.37204023988646695	-0.0001784582086027895
0.374600441085899	-0.00017845730441881703
0.3771734432913285	-0.00017845639618178216
0.379759310507785	-0.0001784554838703131
0.3823581070603237	-0.00017845456746284715
0.3849698975956254	-0.0001784536469376605
0.3875947470836033	-0.00017845272227259268
0.39023272081902133	-0.0001784517934452556
0.3928838844231162	-0.00017845086043309926
0.39554830384523165	-0.0001784499232132073
0.3982260453644579	-0.00017844898176245675
0.4009171755912802	-0.00017844803605736862
0.4036217614692367	-0.00017844708607419018
0.4063398702765827	-0.00017844613178890677
0.40907156962796565	-0.00017844517317733383
0.41181692747610543	-0.00017844421021476821
0.41457601211348605	-0.00017844324287628847
0.4173488921740533	-0.0001784422711369013
0.4201356366349237	-0.00017844129497093236
0.42293631481809807	-0.00017844031435272528
0.4257509963921885	-0.0001784393292562816
0.42857975137414944	-0.00017843833965513188
0.4314226501310203	-0.00017843734552266553
0.43427976338167545	-0.00017843634683185195
0.43715116219858396	-0.00017843534355550803
0.440036918009577	-0.0001784343356659377
0.44293710259962477	-0.00017843332313521968
0.4458517881126228	-0.0001784323059352671
0.4487810470531859	-0.0001784312840375007
0.45172495228845155	-0.00017843025741308183
0.45468357704989376	-0.00017842922603284733
0.45765699493514306	-0.0001784281898673349
0.46064527990981863	-0.00017842714888663421
0.4636485063093676	-0.00017842610306092175
0.4666667488409145	-0.00017842505235938176
0.4697000825851191	-0.00017842399675158953
0.4727485829980444	-0.00017842293620621628
0.4758123259130346	-0.0001784218706919568
0.47889138754259974	-0.0001784208001770149
0.4819858444803126	-0.00017841972462947082
0.4850957737027142	-0.0001784186440167361
0.48822125257122767	-0.00017841755830612648
0.49136235883408375	-0.00017841646746463415
0.49451917062825407	-0.00017841537145880536
0.49769176648139524	-0.00017841427025491605
0.5008802253138022	-0.00017841316381875
0.5040846264403713	-0.00017841205211612316
0.5073050495725733	-0.00017841093511196095
0.510541574820436	-0.00017840981277142417
0.5137942826945383	-0.00017840868505869032
0.5170632541080108	-0.0001784075519381929
0.520348570378551	-0.00017840641337355003
0.5236503132304436	-0.00017840526932807305
0.5269685647965956	-0.00017840411976507593
0.5303034076205784	-0.00017840296464690915
0.5336549246586811	-0.00017840180393600443
0.5370231992819746	-0.00017840063759413705
0.5404083152783844	-0.0001783994655826782
0.5438103568547764	-0.0001783982878627409
0.5472294086390501	-0.00017839710439486895
0.5506655556822453	-0.0001783959151391432
0.5541188834606565	-0.00017839472005521837
0.5575894778779599	-0.00017839351910229693
0.5610774252673494	-0.00017839231223898888
0.564582812393686	-0.00017839109942357196
0.5681057264556543	-0.00017838988061369152
0.5716462550879327	-0.00017838865576616335
0.5752044863633723	-0.0001783874248377521
0.578780508795189	-0.0001783861877841173
0.5823744113391649	-0.0001783849445604679
0.5859862833958606	-0.000178383695121456
0.5896162148128399	-0.00017838243942065995
0.5932642958869042	-0.00017838117741131852
0.5969306173663387	-0.00017837990904563507
0.6006152704531702	-0.00017837863427496922
0.6043183468054361	-0.00017837735304968605
0.6080399385394633	-0.00017837606531950943
0.6117801382321605	-0.00017837477103280105
0.615539038923321	-0.00017837347013709005
0.6193167341179376	-0.00017837216257872047
0.6231133177885273	-0.00017837084830244645
0.6269288843774701	-0.00017836952725231543
0.6307635287993573	-0.0001783681993706044
0.6346173464433539	-0.00017836686459821348
0.6384904331755705	-0.00017836552287443802
0.6423828853414483	-0.0001783641741368038
0.6462947997681555	-0.0001783628183211802
0.6502262737669962	-0.00017836145536129217
0.6541774051358311	-0.0001783600851891833
0.6581482921615099	-0.00017835870773436985
0.6621390336223173	-0.00017835732292403045
0.6661497287904288	-0.00017835593068304286
0.6701804774343807	-0.00017835453093327665
0.6742313798215525	-0.0001783531235943112
0.6783025367206603	-0.00017835170858196474
0.6823940494042636	-0.00017835028580936923
0.6865060196512851	-0.00017834885518563497
0.6906385497495416	-0.0001783474166167628
0.6947917424982893	-0.00017834597000433545
0.6989657012107808	-0.00017834451524586137
0.7031605297168348	-0.00017834305223428783
0.7073763323654189	-0.0001783415808578004
0.7116132140272461	-0.0001783401009994432
0.715871280097382	-0.00017833861253672238
0.7201506364978687	-0.00017833711534143167
0.7244513896803577	-0.00017833560927881398
0.7287736466287593	-0.00017833409420796675
0.733117514861903	-0.00017833256998054582
0.7374831024362126	-0.00017833103644080572
0.7418705179483935	-0.0001783294934247804
0.7462798705381356	-0.00017832794076038324
0.7507112698908263	-0.0001783263782658917
0.7551648262402804	-0.00017832480575016258
0.759640650371482	-0.00017832322301175585
0.7641388536233394	-0.00017832162983806964
0.7686595478914561	-0.00017832002600467786
0.7732028456309133	-0.00017831841127459344
0.7777688598590677	-0.00017831678539778585
0.7823577041583629	-0.0001783151481096113
0.7869694926791548	-0.00017831349913021197
0.7916043401425507	-0.0001783118381639415
0.7962623618432633	-0.00017831016489725199
0.8009436736524796	-0.00017830847899828395
0.805648392020742	-0.00017830678011583135
0.8103766339808457	-0.00017830506787683097
0.81512851715075	-0.00017830334188612267
0.8199041597365035	-0.00017830160172414944
0.8247036805351862	-0.00017829984694555883
0.8295271989378621	-0.00017829807707700655
0.8343748349325514	-0.00017829629161543556
0.8392467091072142	-0.0001782944900258223
0.8441429426527504	-0.00017829267173859425
0.849063657366014	-0.0001782908361473012
0.8540089756528442	-0.00017828898260544124
0.8589790205311084	-0.0001782871104235496
0.863973915633764	-0.0001782852188656175
0.8689739156337638	-0.00017828331132234364
0.8739739156337636	-0.00017828139158642536
0.8789739156337634	-0.00017827945988058508
0.8839739156337632	-0.00017827751550618666
0.8889739156337629	-0.00017827555772085258
0.8939739156337627	-0.0001782735857360919
0.8989739156337626	-0.00017827159871460735
0.9039739156337624	-0.00017826959576512053
0.9089739156337622	-0.0001782675759397054
0.913973915633762	-0.00017826553822734986
0.9189739156337617	-0.00017826348154848995
0.9239739156337615	-0.0001782614047496885
0.9289739156337613	-0.00017825930659538824
0.9339739156337611	-0.0001782571857608093
0.938973915633761	-0.000178255040821521
0.9439739156337608	-0.00017825287024493018
0.9489739156337605	-0.0001782506723764539
0.9539739156337603	-0.00017824844542740947
0.9589739156337601	-0.00017824618745823645
0.9639739156337599	-0.00017824389636118368
0.9689739156337597	-0.00017824156983926474
0.9739739156337595	-0.00017823920538147302
0.9789739156337594	-0.00017823680023582215
0.9839739156337591	-0.00017823435137525833
0.9889739156337589	-0.0001782318554602077
0.9939739156337587	-0.00017822930879325
0.9989739156337585	-0.00017822670726674444
1.0039739156337584	-0.00017822404630095213
1.008973915633758	-0.00017822132077003624
1.013973915633758	-0.00017821852491694108
1.0189739156337576	-0.00017821565225040602
1.0239739156337575	-0.0001782126954249491
1.0289739156337572	-0.00017820964609539182
1.033973915633757	-0.00017820649474777412
1.038973915633757	-0.00017820323049513872
1.0439739156337566	-0.00017819984083509887
1.0489739156337565	-0.00017819631135994335
1.0539739156337562	-0.00017819262541125927
1.058973915633756	-0.0001781887636665943
1.0639739156337558	-0.00017818470364296002
1.0689739156337557	-0.00017818041910486442
1.0739739156337553	-0.00017817587935160895
1.0789739156337552	-0.00017817104836292453
1.0839739156337551	-0.00017816588377428556
1.0889739156337548	-0.00017816033564409413
1.0939739156337547	-0.00017815434497154788
1.0989739156337544	-0.00017814784191578657
1.1039739156337542	-0.00017814074364923607
1.108973915633754	-0.00017813295177687103
1.1139739156337538	-0.00017812434922760364
1.1189739156337537	-0.00017811479650735394
1.1239739156337534	-0.00017810412718701903
1.1289739156337533	-0.0001780921424626207
1.133973915633753	-0.0001780786045992721
1.1389739156337528	-0.00017806322902610324
1.1439739156337525	-0.00017804567480734997
1.1489739156337524	-0.00017802553315020213
1.153973915633752	-0.00017800231354972578
1.158973915633752	-0.00017797542708400778
1.1639739156337519	-0.00017794416627157653
1.1689739156337515	-0.00017790768079238643
1.1739739156337514	-0.0001778649482199024
1.178973915633751	-0.00017781473875288505
1.183973915633751	-0.00017775557271760263
1.1889739156337507	-0.00017768566937609548
1.1939739156337505	-0.0001776028852739549
1.1989739156337504	-0.00017750464000684674
1.2039739156337501	-0.00017738782685888964
1.20897391563375	-0.0001772487052517331
1.2139739156337497	-0.00017708277131134095
1.2189739156337496	-0.00017688460211567533
1.2239739156337492	-0.00017664766825357549
1.2289739156337491	-0.0001763641082015382
1.2339739156337488	-0.00017602445664968141
1.2389739156337487	-0.00017561731720926326
1.2439739156337486	-0.00017512896785639803
1.2489739156337483	-0.0001745428849152132
1.2539739156337482	-0.00017383916827184114
1.2589739156337478	-0.00017299384672690786
1.2639739156337477	-0.00017197803781825256
1.2689739156337474	-0.00017075693096983634
1.2739739156337473	-0.00016928855627665364
1.2789739156337472	-0.0001675222934662289
1.2839739156337469	-0.00016539706636655666
1.2889739156337467	-0.0001628391572606308
1.2939739156337464	-0.00015975956253249214
1.2989739156337463	-0.0001560507955191359
1.303973915633746	-0.0001515830240900435
1.3089739156337459	-0.0001461994086048071
1.3139739156337455	-0.00013971048008579244
1.3189739156337454	-0.00013188736820021982
1.3239739156337453	-0.0001224536535868779
1.328973915633745	-0.00011107557890937462
1.333973915633745	-9.735030781604195e-5
1.3389739156337446	-8.079187105002122e-5
1.3439739156337445	-6.0814385282665185e-5
1.3489739156337441	-3.671207475281584e-5
1.353973915633744	-7.635571769894827e-6
1.358973915633744	2.7436075178831472e-5
1.3639739156337436	6.972828953437843e-5
1.3689739156337435	0.00012070936096219988
1.3739739156337432	0.00018213491910224085
1.378973915633743	0.00025609895816790067
1.3839739156337427	0.00034509168771072176
1.3879804367253072	0.00042939420359313024
1.3919869578168715	0.0005268294817063429
1.395993478908436	0.0006395646318120457
1.4	0.0007698759044916804
