0.0006999999999999628	-0.00016931090937234039
0.001403500000000035	-0.0001693006452506551
0.0021105174999999296	-0.00016930027080651203
0.0028210700874998964	-0.00016930003387417101
0.003535175437937438	-0.00016929979741790933
0.004252851315127062	-0.0001692995595170622
0.004974115571702636	-0.00016929932013438898
0.005698986149561044	-0.0001692990792586576
0.006427481080308875	-0.00016929883687867993
0.007159618485710418	-0.0001692985929834326
0.007895416578138905	-0.0001692983475617888
0.008634893661029494	-0.00016929810060219434
0.00937806812933463	-0.00016929785209334304
0.010124958469981361	-0.00016929760202364825
0.010875583262331262	-0.0001692973503814398
0.01162996117864295	-0.00016929709715499062
0.012388110984536127	-0.00016929684233246836
0.013150051539458866	-0.00016929658590181105
0.013915801797156208	-0.00016929632785090242
0.014685380806142003	-0.00016929606816758623
0.015458807710172712	-0.0001692958068396057
0.01623610174872358	-0.00016929554385435546
0.017017282257467212	-0.00016929527919943852
0.017802368668754516	-0.00016929501286207802
0.01859138051209827	-0.00016929474482951258
0.019384337414658823	-0.00016929447508881766
0.020181259101732015	-0.0001692942036269085
0.020982165397240727	-0.00016929393043069982
0.02178707622422691	-0.0001692936554867809
0.02259601160534814	-0.00016929337878190032
0.02340899166337483	-0.00016929310030233308
0.024226036621691812	-0.0001692928200344882
0.02504716680480027	-0.00016929253796454417
0.025872402638824326	-0.0001692922540785354
0.02670176465201842	-0.00016929196836230594
0.02753527347527842	-0.00016929168080180758
0.028372949842654864	-0.00016929139138251994
0.0292148145918682	-0.0001692911000900032
0.03006088866482743	-0.00016929080690961562
0.03091119310815165	-0.00016929051182660082
0.0317657490736924	-0.00016929021482590766
0.03262457781906081	-0.00016928991589247093
0.03348770070815601	-0.00016928961501123344
0.034355139211696875	-0.0001692893121665687
0.035226914907755424	-0.00016928900734313748
0.03610304948229413	-0.00016928870052513692
0.03698356472970569	-0.00016928839169671545
0.03786848255335419	-0.00016928808084186757
0.038757824966120964	-0.00016928776794446638
0.03965161409095162	-0.00016928745298816858
0.04054987216140643	-0.00016928713595642543
0.04145262152221345	-0.000169286816832552
0.04235988462982453	-0.00016928649559984154
0.04327168405297366	-0.00016928617224109
0.0441880424732386	-0.00016928584673928473
0.04510898268560485	-0.00016928551907698295
0.046034527599032954	-0.00016928518923662868
0.04696470023702812	-0.00016928485720054044
0.04789952373821329	-0.00016928452295084703
0.048839021356904266	-0.00016928418646932735
0.04978321646368884	-0.00016928384773790169
0.05073213254600732	-0.00016928350673792237
0.05168579320873729	-0.00016928316345082842
0.052644222174780875	-0.00016928281785773725
0.05360744328565471	-0.0001692824699395374
0.054575480502083065	-0.00016928211967710138
0.055548357904593434	-0.0001692817670508648
0.056526099694116344	-0.00016928141204124598
0.0575087301925869	-0.0001692810546282745
0.05849627384354973	-0.00016928069479197233
0.05948875521276744	-0.00016928033251195537
0.06048619898883127	-0.0001692799677677055
0.061488629983775384	-0.00016927960053858012
0.06249607313369419	-0.00016927923080356521
0.06350855349936275	-0.00016927885854149148
0.06452609626685958	-0.00016927848373082937
0.06554872674819387	-0.0001692781063501495
0.06657647038193484	-0.00016927772637746573
0.06760935273384447	-0.00016927734379061301
0.06864739949751365	-0.00016927695856721044
0.0696906364950013	-0.0001692765706847643
0.07073908967747639	-0.0001692761801204041
0.07179278512586384	-0.00016927578685090998
0.07285174905149322	-0.0001692753908530316
0.0739160077967507	-0.00016927499210312564
0.07498558783573436	-0.0001692745905773134
0.07606051577491299	-0.00016927418625138163
0.07714081835378758	-0.00016927377910100474
0.07822652244555647	-0.00016927336910138558
0.07931765505778425	-0.00016927295622772885
0.0804142433330731	-0.00016927254045456035
0.08151631454973848	-0.000169272121756511
0.08262389612248718	-0.00016927170010771632
0.0837370156030995	-0.00016927127548194512
0.0848557006811149	-0.0001692708478529692
0.0859799791845205	-0.0001692704171939195
0.08710987908044313	-0.00016926998347782245
0.08824542847584534	-0.00016926954667737578
0.08938665561822454	-0.00016926910676490336
0.09053358889631567	-0.0001692686637123519
0.09168625684079722	-0.00016926821749155336
0.09284468812500112	-0.00016926776807387
0.09400891156562617	-0.00016926731543027957
0.0951789561234543	-0.00016926685953149733
0.09635485090407148	-0.0001692664003479203
0.09753662515859184	-0.0001692659378494778
0.0987243082843847	-0.00016926547200593945
0.09991792982580656	-0.0001692650027865671
0.10111751947493569	-0.00016926453016024185
0.10232310707231031	-0.00016926405409559798
0.1035347226076718	-0.00016926357456082427
0.10475239622071016	-0.00016926309152361763
0.10597615820181366	-0.00016926260495146663
0.10720603899282274	-0.00016926211481146466
0.10844206918778684	-0.00016926162107016755
0.10968427953372567	-0.00016926112369384372
0.1109327009313943	-0.0001692606226482669
0.11218736443605135	-0.00016926011789880122
0.11344830125823162	-0.00016925960941057477
0.11471554276452282	-0.00016925909714800443
0.11598912047834534	-0.00016925858107518966
0.11726906608073695	-0.00016925806115582998
0.11855541141114062	-0.000169257537353211
0.11984818846819621	-0.00016925700963000304
0.12114742941053713	-0.0001692564779485196
0.12245316655758978	-0.00016925594227055137
0.1237654323903777	-0.00016925540255759006
0.12508425955232963	-0.00016925485877031316
0.12640968085009122	-0.0001692543108691986
0.1277417292543416	-0.00016925375881410705
0.1290804379006133	-0.00016925320256435918
0.13042584009011637	-0.00016925264207869905
0.1317779692905669	-0.00016925207731557283
0.13313685913701961	-0.00016925150823282145
0.13450254343270476	-0.00016925093478753822
0.13587505614986833	-0.00016925035693648817
0.13725443143061763	-0.00016924977463564537
0.13864070358777073	-0.00016924918784076763
0.14003390710570945	-0.0001692485965067472
0.14143407664123803	-0.00016924800058795914
0.1428412470244442	-0.00016924740003818284
0.1442554532595664	-0.00016924679481058956
0.14567673052586416	-0.00016924618485785202
0.1471051141784935	-0.00016924557013176035
0.14854063974938603	-0.00016924495058371613
0.149983342948133	-0.00016924432616429952
0.15143325966287374	-0.00016924369682357981
0.15289042596118813	-0.00016924306251081957
0.15435487809099402	-0.00016924242317460368
0.15582665248144906	-0.00016924177876308095
0.1573057857438562	-0.0001692411292232292
0.15879231467257537	-0.00016924047450171193
0.16028627624593816	-0.00016923981454431645
0.16178770762716785	-0.00016923914929613834
0.16329664616530362	-0.00016923847870140807
0.16481312939613008	-0.00016923780270364653
0.1663371950431107	-0.0001692371212456012
0.16786888101832628	-0.00016923643426937376
0.1694082254234178	-0.00016923574171586096
0.1709552665505349	-0.00016923504352565135
0.17251004288328747	-0.00016923433963797447
0.17407259309770393	-0.00016923362999173987
0.17564295606319252	-0.00016923291452457473
0.17722117084350858	-0.0001692321931733885
0.17880727669772617	-0.00016923146587410865
0.18040131308121476	-0.0001692307325620079
0.18200331964662084	-0.00016922999317112153
0.18361333624485401	-0.00016922924763464482
0.18523140292607826	-0.00016922849588484363
0.18685755994070874	-0.00016922773785312158
0.1884918477404122	-0.00016922697346957692
0.19013430697911424	-0.00016922620266352956
0.1917849785140098	-0.00016922542536319346
0.19344390340657974	-0.0001692246414958381
0.19511112292361268	-0.00016922385098739836
0.1967866785382308	-0.0001692230537630554
0.19847061193092203	-0.00016922224974656906
0.20016296499057665	-0.0001692214388608338
0.20186377981552947	-0.00016922062102735867
0.2035730987146071	-0.00016921979616668932
0.20529096420818022	-0.00016921896419791927
0.20701741902922113	-0.00016921812503923142
0.20875250612436722	-0.00016921727860728025
0.210496268654989	-0.000169216424817719
0.21224874999826396	-0.0001692155635846642
0.21400999374825516	-0.00016921469482110476
0.21578004371699644	-0.00016921381843852285
0.21755894393558148	-0.00016921293434722689
0.2193467386552594	-0.00016921204245598208
0.22114347234853576	-0.00016921114267223636
0.22294918971027836	-0.0001692102349018734
0.2247639356588297	-0.0001692093190494787
0.2265877553371239	-0.00016920839501800283
0.2284206941138094	-0.00016920746270882893
0.23026279758437848	-0.000169206522021923
0.23211411157230027	-0.00016920557285551345
0.23397468213016168	-0.00016920461510640253
0.23584455554081238	-0.00016920364866939705
0.23772377831851643	-0.00016920267343808118
0.23961239721010893	-0.000169201689303831
0.24151045919615952	-0.00016920069615662794
0.24341801149214037	-0.0001691996938844801
0.24533510154960114	-0.00016919868237357801
0.24726177705734917	-0.0001691976615083303
0.24919808594263598	-0.0001691966311711955
0.2511440763723492	-0.000169195591242625
0.2530997967542111	-0.00016919454160120584
0.25506529573798215	-0.0001691934821233747
0.2570406222166721	-0.00016919241268362385
0.25902582532775553	-0.00016919133315423482
0.2610209544543945	-0.00016919024340534977
0.2630260592266663	-0.00016918914330498012
0.2650411895227997	-0.00016918803271885868
0.26706639547041383	-0.00016918691151031923
0.2691017274477658	-0.0001691857795405448
0.2711472360850044	-0.00016918463666816658
0.27320297226542956	-0.00016918348274942005
0.2752689871267568	-0.00016918231763814176
0.2773453320623904	-0.00016918114118532986
0.27943205872270227	-0.0001691799532398933
0.2815292190163157	-0.0001691787536475863
0.28363686511139713	-0.00016917754225158446
0.2857550494369543	-0.0001691763188924248
0.287883824684139	-0.0001691750834076139
0.2900232438075598	-0.0001691738356318947
0.29217336002659744	-0.00016917257539707947
0.2943342268267306	-0.00016917130253161887
0.2965058979608642	-0.00016917001686127188
0.2986884274506685	-0.00016916871820840633
0.3008818695879217	-0.00016916740639221197
0.3030862789358613	-0.00016916608122861625
0.3053017103305407	-0.00016916474252992532
0.30752821888219345	-0.00016916339010515673
0.3097658599766045	-0.0001691620237598021
0.31201468927648746	-0.0001691606432956674
0.3142747627228697	-0.00016915924851085374
0.31654613653648417	-0.0001691578391995655
0.31882886721916665	-0.0001691564151522364
0.32112301155526257	-0.00016915497615543974
0.3234286266130387	-0.0001691535219913166
0.325745769746104	-0.00016915205243805295
0.3280744985948343	-0.0001691505672696015
0.33041487108780826	-0.00016914906625546013
0.3327669454432473	-0.00016914754916064355
0.3351307801704635	-0.00016914601574566143
0.3375064340713156	-0.00016914446576610652
0.33989396624167195	-0.00016914289897321634
0.3422934360728803	-0.00016914131511268173
0.3447049032532445	-0.00016913971392561525
0.34712842776951053	-0.0001691380951478265
0.3495640699083581	-0.00016913645850973093
0.3520118902578999	-0.0001691348037363524
0.35447194970918944	-0.00016913313054722702
0.35694430945773536	-0.00016913143865602653
0.35942903100502394	-0.0001691297277706862
0.36192617616004885	-0.000169127997593163
0.36443580704084905	-0.0001691262478190953
0.3669579860760533	-0.00016912447813806754
0.3694927760064337	-0.00016912268823282884
0.3720402398864656	-0.0001691208777797931
0.37460044108589774	-0.0001691190464484572
0.37717344329132724	-0.00016911719390122037
0.37975931050778367	-0.0001691153197934329
0.38235810706032236	-0.00016911342377312535
0.3849698975956241	-0.00016911150548045545
0.38759474708360203	-0.00016910956454833017
0.39023272081902005	-0.00016910760060119277
0.39288388442311495	-0.0001691056132555002
0.3955483038452304	-0.00016910360211928375
0.39822604536445655	-0.00016910156679207593
0.40091717559127893	-0.00016909950686432203
0.4036217614692354	-0.00016909742191737677
0.4063398702765814	-0.00016909531152340226
0.40907156962796437	-0.00016909317524481813
0.4118169274761041	-0.00016909101263404738
0.41457601211348477	-0.00016908882323355076
0.41734889217405197	-0.00016908660657515535
0.42013563663492237	-0.00016908436218002757
0.4229363148180968	-0.00016908208955815723
0.4257509963921872	-0.00016907978820839088
0.4285797513741481	-0.00016907745761759666
0.431422650131019	-0.00016907509726065217
0.4342797633816742	-0.00016907270660014044
0.4371511621985827	-0.00016907028508598453
0.4400369180095757	-0.00016906783215457231
0.4429371025996235	-0.00016906534722924862
0.44585178811262155	-0.00016906282971904406
0.44878104705318456	-0.00016906027901878674
0.4517249522884503	-0.00016905769450863159
0.4546835770498925	-0.00016905507555326388
0.4576569949351417	-0.00016905242150197654
0.4606452799098173	-0.00016904973168768988
0.46364850630936627	-0.0001690470054267161
0.46666674884091325	-0.00016904424201806946
0.46970008258511775	-0.00016904144074311988
0.4727485829980431	-0.00016903860086512333
0.47581232591303324	-0.00016903572162820955
0.47889138754259847	-0.00016903280225717495
0.4819858444803113	-0.00016902984195680734
0.48509577370271284	-0.00016902683991097586
0.48822125257122634	-0.00016902379528244406
0.4913623588340824	-0.0001690207072114863
0.49451917062825274	-0.0001690175748159336
0.49769176648139396	-0.00016901439718988977
0.5008802253138008	-0.00016901117340300783
0.50408462644037	-0.00016900790249996188
0.5073050495725719	-0.00016900458349930556
0.5105415748204347	-0.00016900121539273376
0.513794282694537	-0.00016899779714404846
0.5170632541080095	-0.00016899432768848434
0.5203485703785496	-0.00016899080593129186
0.5236503132304423	-0.00016898723074704536
0.5269685647965943	-0.00016898360097841256
0.530303407620577	-0.00016897991543510444
0.5336549246586798	-0.00016897617289264857
0.5370231992819733	-0.00016897237209118844
0.5404083152783831	-0.00016896851173406446
0.5438103568547752	-0.00016896459048684005
0.5472294086390488	-0.00016896060697550632
0.5506655556822441	-0.0001689565597853033
0.5541188834606553	-0.00016895244745909627
0.5575894778779587	-0.00016894826849574846
0.5610774252673482	-0.00016894402134869609
0.5645828123936848	-0.00016893970442357947
0.5681057264556529	-0.00016893531607733444
0.5716462550879313	-0.00016893085461577295
0.575204486363371	-0.0001689263182914885
0.5787805087951877	-0.00016892170530164927
0.5823744113391636	-0.00016891701378657286
0.5859862833958592	-0.00016891224182672188
0.5896162148128385	-0.00016890738744024754
0.5932642958869029	-0.00016890244858074597
0.5969306173663373	-0.00016889742313478976
0.6006152704531689	-0.0001688923089181621
0.6043183468054348	-0.00016888710367416192
0.6080399385394619	-0.00016888180506934472
0.6117801382321592	-0.0001688764106908589
0.6155390389233196	-0.00016887091804263754
0.6193167341179363	-0.0001688653245418722
0.623113317788526	-0.00016885962751491123
0.6269288843774687	-0.00016885382419328104
0.6307635287993559	-0.00016884791170905118
0.6346173464433525	-0.0001688418870901196
0.6384904331755692	-0.00016883574725555425
0.642382885341447	-0.00016882948900993474
0.6462947997681542	-0.00016882310903758554
0.6502262737669948	-0.00016881660389656567
0.6541774051358298	-0.00016880997001222366
0.6581482921615086	-0.00016880320367031255
0.6621390336223161	-0.00016879630100867976
0.6661497287904276	-0.00016878925801005673
0.6701804774343794	-0.00016878207049289077
0.6742313798215511	-0.0001687747341014382
0.678302536720659	-0.00016876724429623077
0.6823940494042624	-0.00016875959634226825
0.6865060196512838	-0.0001687517852967035
0.6906385497495403	-0.000168743805996115
0.694791742498288	-0.00016873565304121934
0.6989657012107795	-0.00016872732078129844
0.7031605297168335	-0.00016871880329660452
0.7073763323654175	-0.00016871009437822946
0.7116132140272448	-0.00016870118750725917
0.7158712800973807	-0.00016869207583082045
0.7201506364978674	-0.00016868275213562605
0.7244513896803564	-0.00016867320881819994
0.728773646628758	-0.00016866343785251612
0.7331175148619017	-0.00016865343075272795
0.7374831024362114	-0.0001686431785324037
0.7418705179483922	-0.00016863267165814658
0.7462798705381343	-0.00016862189999735253
0.750711269890825	-0.00016861085276036346
0.7551648262402791	-0.00016859951843324635
0.7596406503714807	-0.00016858788470407575
0.7641388536233382	-0.0001685759383777039
0.7686595478914547	-0.0001685636652801011
0.773202845630912	-0.00016855105014971402
0.7777688598590664	-0.00016853807651357605
0.7823577041583616	-0.00016852472654731661
0.7869694926791535	-0.00016851098091421191
0.7916043401425493	-0.0001684968185848959
0.796262361843262	-0.0001684822166284572
0.8009436736524783	-0.00016846714997646294
0.8056483920207407	-0.00016845159115345254
0.8103766339808444	-0.00016843550996868163
0.8151285171507487	-0.00016841887316517012
0.8199041597365022	-0.0001684016440177835
0.8247036805351848	-0.0001683837818750307
0.8295271989378608	-0.00016836524163520177
0.8343748349325502	-0.00016834597314705854
0.8392467091072129	-0.00016832592052539586
0.844142942652749	-0.0001683050213674065
0.8490636573660127	-0.0001682832058573208
0.8540089756528428	-0.00016826039573961173
0.8589790205311072	-0.00016823650314734456
0.8639739156337627	-0.00016821142925573836
0.8689739156337625	-0.0001681851685489379
0.8739739156337623	-0.00016815764146820155
0.878973915633762	-0.00016812873064183474
0.8839739156337618	-0.0001680983046323017
0.8889739156337617	-0.00016806621651073645
0.8939739156337615	-0.00016803230197969237
0.8989739156337613	-0.00016799637726794994
0.9039739156337611	-0.00016795823676911073
0.9089739156337608	-0.00016791765039337602
0.9139739156337606	-0.00016787436059275367
0.9189739156337604	-0.00016782807901941785
0.9239739156337602	-0.00016777848276834816
0.9289739156337601	-0.00016772521014961616
0.9339739156337599	-0.00016766785592621142
0.9389739156337596	-0.00016760596594592536
0.9439739156337594	-0.00016753903108756253
0.9489739156337592	-0.00016746648042128382
0.953973915633759	-0.0001673876734825358
0.9589739156337588	-0.00016730189153186048
0.9639739156337586	-0.0001672083276601744
0.9689739156337585	-0.00016710607558012417
0.9739739156337582	-0.00016699411691561367
0.978973915633758	-0.00016687130677989329
0.9839739156337578	-0.0001667363573964266
0.9889739156337576	-0.00016658781948507374
0.9939739156337574	-0.00016642406108991612
0.9989739156337571	-0.0001662432434813904
1.003973915633757	-0.0001660432937050858
1.0089739156337567	-0.0001658218732891376
1.0139739156337566	-0.0001655763425431802
1.0189739156337563	-0.00016530371979853835
1.0239739156337562	-0.00016500063483674708
1.028973915633756	-0.0001646632756368252
1.0339739156337557	-0.0001642873274368323
1.0389739156337556	-0.00016386790295000377
1.0439739156337553	-0.00016339946238936608
1.0489739156337552	-0.00016287572174856417
1.0539739156337549	-0.00016228954754009262
1.0589739156337548	-0.0001616328359079899
1.0639739156337544	-0.00016089637370762333
1.0689739156337543	-0.0001600696787635884
1.0739739156337542	-0.0001591408160815957
1.0789739156337539	-0.00015809618628766288
1.0839739156337538	-0.0001569202819870852
1.0889739156337535	-0.00015559540707350594
1.0939739156337533	-0.00015410135325988474
1.098973915633753	-0.00015241502723646166
1.103973915633753	-0.00015051002088319743
1.1089739156337528	-0.0001483561158558957
1.1139739156337525	-0.00014591871262846953
1.1189739156337524	-0.00014315817269380357
1.123973915633752	-0.00014002906111139373
1.128973915633752	-0.00013647927494258493
1.1339739156337516	-0.00013244904135044543
1.1389739156337515	-0.00012786976729669967
1.1439739156337512	-0.00012266272088157205
1.148973915633751	-0.00011673752253764381
1.153973915633751	-0.00010999042258634727
1.1589739156337506	-0.0001023023402632157
1.1639739156337505	-9.353663840189738e-5
1.1689739156337502	-8.353660778901865e-5
1.17397391563375	-7.212263607848735e-5
1.1789739156337498	-5.9089038484002134e-5
1.1839739156337497	-4.420053168860247e-5
1.1889739156337495	-2.718833906077928e-5
1.1939739156337492	-7.745924885927921e-6
1.197980436725312	9.822603455140077e-6
1.2019869578168745	2.9374287322615187e-5
1.2059934789084372	5.113320795146421e-5
1.21	7.534484997272075e-5
