0.0006999999999999628	-0.00016080656595975017
0.001403500000000035	-0.00016079676739880156
0.0021105174999999296	-0.0001607964778117613
0.0028210700874998964	-0.00016079632276532385
0.003535175437937438	-0.000160796168664675
0.004252851315127062	-0.00016079601361776086
0.004974115571702636	-0.00016079585759079298
0.005698986149561044	-0.00016079570057608717
0.006427481080308875	-0.00016079554256617936
0.007159618485710418	-0.00016079538355357072
0.007895416578138905	-0.0001607952235306426
0.008634893661029494	-0.00016079506248973448
0.00937806812933463	-0.0001607949004230426
0.010124958469981361	-0.00016079473732289696
0.010875583262331262	-0.0001607945731812426
0.01162996117864295	-0.00016079440799022707
0.012388110984536127	-0.00016079424174180414
0.013150051539458866	-0.00016079407442784146
0.013915801797156208	-0.0001607939060400645
0.014685380806142003	-0.00016079373657042586
0.015458807710172712	-0.0001607935660103493
0.01623610174872358	-0.00016079339435143552
0.017017282257467212	-0.00016079322158527043
0.017802368668754516	-0.00016079304770313474
0.01859138051209827	-0.00016079287269651866
0.019384337414658823	-0.00016079269655641765
0.020181259101732015	-0.00016079251927413144
0.020982165397240727	-0.000160792340840741
0.02178707622422691	-0.00016079216124712518
0.02259601160534814	-0.0001607919804842583
0.02340899166337483	-0.0001607917985428636
0.024226036621691812	-0.00016079161541366583
0.02504716680480027	-0.00016079143108724454
0.025872402638824326	-0.0001607912455541342
0.02670176465201842	-0.00016079105880479125
0.02753527347527842	-0.00016079087082952008
0.028372949842654864	-0.00016079068161853295
0.0292148145918682	-0.0001607904911619263
0.03006088866482743	-0.0001607902994498786
0.03091119310815165	-0.00016079010647212448
0.0317657490736924	-0.000160789912218556
0.03262457781906081	-0.0001607897166789928
0.03348770070815601	-0.00016078951984290664
0.034355139211696875	-0.00016078932169986265
0.035226914907755424	-0.00016078912223936286
0.03610304948229413	-0.00016078892145047073
0.03698356472970569	-0.00016078871932266066
0.03786848255335419	-0.00016078851584488035
0.038757824966120964	-0.0001607883110059831
0.03965161409095162	-0.00016078810479490876
0.04054987216140643	-0.00016078789720041356
0.04145262152221345	-0.00016078768821108146
0.04235988462982453	-0.00016078747781543903
0.04327168405297366	-0.0001607872660017837
0.0441880424732386	-0.00016078705275835527
0.04510898268560485	-0.00016078683807340495
0.046034527599032954	-0.00016078662193482425
0.04696470023702812	-0.0001607864043305165
0.04789952373821329	-0.00016078618524827877
0.048839021356904266	-0.0001607859646756753
0.04978321646368884	-0.00016078574260013846
0.05073213254600732	-0.0001607855190090593
0.05168579320873729	-0.00016078529388973887
0.052644222174780875	-0.0001607850672291195
0.05360744328565471	-0.0001607848390141889
0.054575480502083065	-0.000160784609231732
0.055548357904593434	-0.00016078437786841174
0.056526099694116344	-0.00016078414491072692
0.0575087301925869	-0.00016078391034506038
0.05849627384354973	-0.0001607836741576163
0.05948875521276744	-0.00016078343633431328
0.06048619898883127	-0.00016078319686124498
0.061488629983775384	-0.0001607829557240804
0.06249607313369419	-0.00016078271290848858
0.06350855349936275	-0.00016078246839974788
0.06452609626685958	-0.00016078222218322453
0.06554872674819387	-0.00016078197424398535
0.06657647038193484	-0.00016078172456701203
0.06760935273384447	-0.00016078147313706808
0.06864739949751365	-0.00016078121993867524
0.0696906364950013	-0.00016078096495634604
0.07073908967747639	-0.0001607807081742789
0.07179278512586384	-0.00016078044957664418
0.07285174905149322	-0.00016078018914713376
0.0739160077967507	-0.00016077992686960169
0.07498558783573436	-0.0001607796627274868
0.07606051577491299	-0.00016077939670425674
0.07714081835378758	-0.00016077912878288686
0.07822652244555647	-0.00016077885894637657
0.07931765505778425	-0.00016077858717747858
0.0804142433330731	-0.00016077831345867388
0.08151631454973848	-0.00016077803777244713
0.08262389612248718	-0.00016077776010083947
0.0837370156030995	-0.0001607774804257465
0.0848557006811149	-0.00016077719872898772
0.0859799791845205	-0.00016077691499192712
0.08710987908044313	-0.00016077662919592776
0.08824542847584534	-0.0001607763413221054
0.08938665561822454	-0.00016077605135112608
0.09053358889631567	-0.00016077575926375386
0.09168625684079722	-0.00016077546504030836
0.09284468812500112	-0.00016077516866088638
0.09400891156562617	-0.00016077487010549588
0.0951789561234543	-0.00016077456935358988
0.09635485090407148	-0.00016077426638479926
0.09753662515859184	-0.00016077396117819085
0.0987243082843847	-0.0001607736537127481
0.09991792982580656	-0.00016077334396701743
0.10111751947493569	-0.0001607730319194071
0.10232310707231031	-0.0001607727175481301
0.1035347226076718	-0.00016077240083089934
0.10475239622071016	-0.00016077208174538756
0.10597615820181366	-0.0001607717602689196
0.10720603899282274	-0.00016077143637848267
0.10844206918778684	-0.00016077111005089007
0.10968427953372567	-0.0001607707812624698
0.1109327009313943	-0.00016077044998936597
0.11218736443605135	-0.00016077011620754453
0.11344830125823162	-0.00016076977989245485
0.11471554276452282	-0.0001607694410194447
0.11598912047834534	-0.00016076909956337356
0.11726906608073695	-0.00016076875549880194
0.11855541141114062	-0.00016076840880007356
0.11984818846819621	-0.00016076805944115896
0.12114742941053713	-0.00016076770739556904
0.12245316655758978	-0.00016076735263658297
0.1237654323903777	-0.00016076699513730978
0.12508425955232963	-0.00016076663487020785
0.12640968085009122	-0.00016076627180738363
0.1277417292543416	-0.00016076590592090936
0.1290804379006133	-0.00016076553718214588
0.13042584009011637	-0.00016076516556217467
0.1317779692905669	-0.0001607647910318785
0.13313685913701961	-0.00016076441356151496
0.13450254343270476	-0.00016076403312108802
0.13587505614986833	-0.00016076364968000003
0.13725443143061763	-0.00016076326320759552
0.13864070358777073	-0.0001607628736725241
0.14003390710570945	-0.0001607624810431132
0.14143407664123803	-0.00016076208528726304
0.1428412470244442	-0.0001607616863723063
0.1442554532595664	-0.0001607612842654644
0.14567673052586416	-0.00016076087893311948
0.1471051141784935	-0.00016076047034144084
0.14854063974938603	-0.00016076005845611888
0.149983342948133	-0.00016075964324219853
0.15143325966287374	-0.00016075922466459518
0.15289042596118813	-0.00016075880268717296
0.15435487809099402	-0.00016075837727388097
0.15582665248144906	-0.0001607579483879111
0.1573057857438562	-0.00016075751599174405
0.15879231467257537	-0.00016075708004779216
0.16028627624593816	-0.00016075664051745322
0.16178770762716785	-0.0001607561973619642
0.16329664616530362	-0.00016075575054185658
0.16481312939613008	-0.00016075530001693743
0.1663371950431107	-0.00016075484574672505
0.16786888101832628	-0.00016075438769004658
0.1694082254234178	-0.0001607539258050307
0.1709552665505349	-0.0001607534600493556
0.17251004288328747	-0.00016075299038011842
0.17407259309770393	-0.00016075251675347091
0.17564295606319252	-0.00016075203912534612
0.17722117084350858	-0.00016075155745079092
0.17880727669772617	-0.0001607510716842266
0.18040131308121476	-0.0001607505817793894
0.18200331964662084	-0.00016075008768942102
0.18361333624485401	-0.0001607495893666349
0.18523140292607826	-0.00016074908676277236
0.18685755994070874	-0.00016074857982880097
0.1884918477404122	-0.00016074806851484752
0.19013430697911424	-0.00016074755277044835
0.1917849785140098	-0.00016074703254428325
0.19344390340657974	-0.0001607465077843198
0.19511112292361268	-0.00016074597843764016
0.1967866785382308	-0.00016074544445056777
0.19847061193092203	-0.00016074490576863402
0.20016296499057665	-0.00016074436233658415
0.20186377981552947	-0.00016074381409795894
0.2035730987146071	-0.00016074326099598237
0.20529096420818022	-0.00016074270297259798
0.20701741902922113	-0.00016074213996896915
0.20875250612436722	-0.00016074157192526786
0.210496268654989	-0.0001607409987808127
0.21224874999826396	-0.00016074042047395224
0.21400999374825516	-0.00016073983694190358
0.21578004371699644	-0.00016073924812121232
0.21755894393558148	-0.0001607386539470299
0.2193467386552594	-0.0001607380543537064
0.22114347234853576	-0.0001607374492744922
0.22294918971027836	-0.00016073683864159185
0.2247639356588297	-0.0001607362223859567
0.2265877553371239	-0.00016073560043754342
0.2284206941138094	-0.00016073497272519805
0.23026279758437848	-0.0001607343391765017
0.23211411157230027	-0.00016073369971787458
0.23397468213016168	-0.0001607330542745297
0.23584455554081238	-0.00016073240277034707
0.23772377831851643	-0.00016073174512805136
0.23961239721010893	-0.00016073108126920675
0.24151045919615952	-0.0001607304111136792
0.24341801149214037	-0.0001607297345802588
0.24533510154960114	-0.00016072905158637062
0.24726177705734917	-0.0001607283620478809
0.24919808594263598	-0.00016072766587931148
0.2511440763723492	-0.0001607269629937016
0.2530997967542111	-0.000160726253302668
0.25506529573798215	-0.00016072553671601925
0.2570406222166721	-0.00016072481314239164
0.25902582532775553	-0.00016072408248861512
0.2610209544543945	-0.00016072334465997484
0.2630260592266663	-0.00016072259955983575
0.2650411895227997	-0.00016072184709012505
0.26706639547041383	-0.000160721087151068
0.2691017274477658	-0.00016072031964080955
0.2711472360850044	-0.00016071954445598887
0.27320297226542956	-0.00016071876149124215
0.2752689871267568	-0.0001607179706392701
0.2773453320623904	-0.00016071717179090214
0.27943205872270227	-0.00016071636483505047
0.2815292190163157	-0.00016071554965837567
0.28363686511139713	-0.00016071472614562852
0.2857550494369543	-0.0001607138941795022
0.287883824684139	-0.00016071305364021398
0.2900232438075598	-0.0001607122044061493
0.29217336002659744	-0.0001607113463531229
0.2943342268267306	-0.0001607104793546717
0.2965058979608642	-0.00016070960328210134
0.2986884274506685	-0.00016070871800415065
0.3008818695879217	-0.00016070782338706223
0.3030862789358613	-0.0001607069192946212
0.3053017103305407	-0.00016070600558789832
0.30752821888219345	-0.0001607050821251988
0.3097658599766045	-0.0001607041487624077
0.31201468927648746	-0.00016070320535218515
0.3142747627228697	-0.00016070225174475206
0.31654613653648417	-0.00016070128778701977
0.31882886721916665	-0.0001607003133230418
0.32112301155526257	-0.0001606993281938375
0.3234286266130387	-0.0001606983322370868
0.325745769746104	-0.0001606973252874841
0.3280744985948343	-0.0001606963071760409
0.33041487108780826	-0.0001606952777307151
0.3327669454432473	-0.00016069423677577362
0.3351307801704635	-0.00016069318413194494
0.3375064340713156	-0.00016069211961638823
0.33989396624167195	-0.00016069104304209755
0.3422934360728803	-0.00016068995421887486
0.3447049032532445	-0.0001606888529519667
0.34712842776951053	-0.00016068773904294526
0.3495640699083581	-0.00016068661228889406
0.3520118902578999	-0.00016068547248285377
0.35447194970918944	-0.0001606843194134914
0.35694430945773536	-0.0001606831528647659
0.35942903100502394	-0.00016068197261624612
0.36192617616004885	-0.00016068077844264014
0.36443580704084905	-0.00016067957011378065
0.3669579860760533	-0.0001606783473944025
0.3694927760064337	-0.00016067711004433044
0.3720402398864656	-0.00016067585781822137
0.37460044108589774	-0.0001606745904647803
0.37717344329132724	-0.0001606733077276305
0.37975931050778367	-0.00016067200934453203
0.38235810706032236	-0.000160670695047313
0.3849698975956241	-0.0001606693645619751
0.38759474708360203	-0.00016066801760791395
0.39023272081902005	-0.00016066665389864124
0.39288388442311495	-0.0001606652731407928
0.3955483038452304	-0.00016066387503427544
0.39822604536445655	-0.00016066245927228026
0.40091717559127893	-0.0001606610255405692
0.4036217614692354	-0.00016065957351790784
0.4063398702765814	-0.00016065810287524583
0.40907156962796437	-0.00016065661327578176
0.4118169274761041	-0.00016065510437486113
0.41457601211348477	-0.00016065357581970907
0.41734889217405197	-0.00016065202724879126
0.42013563663492237	-0.0001606504582919847
0.4229363148180968	-0.00016064886857020363
0.4257509963921872	-0.0001606472576950993
0.4285797513741481	-0.00016064562526890727
0.431422650131019	-0.0001606439708840327
0.4342797633816742	-0.00016064229412259917
0.4371511621985827	-0.00016064059455630987
0.4400369180095757	-0.00016063887174651626
0.4429371025996235	-0.00016063712524311957
0.44585178811262155	-0.00016063535458483852
0.44878104705318456	-0.000160633559298353
0.4517249522884503	-0.00016063173889855416
0.4546835770498925	-0.00016062989288747486
0.4576569949351417	-0.00016062802075451167
0.4606452799098173	-0.00016062612197557808
0.46364850630936627	-0.00016062419601274127
0.46666674884091325	-0.00016062224231426161
0.46970008258511775	-0.0001606202603132114
0.4727485829980431	-0.00016061824942780126
0.47581232591303324	-0.00016061620906062096
0.47889138754259847	-0.00016061413859800634
0.4819858444803113	-0.00016061203740945365
0.48509577370271284	-0.00016060990484756746
0.48822125257122634	-0.00016060774024673557
0.4913623588340824	-0.0001606055429230548
0.49451917062825274	-0.0001606033121735007
0.49769176648139396	-0.00016060104727524138
0.5008802253138008	-0.00016059874748534347
0.50408462644037	-0.0001605964120392044
0.5073050495725719	-0.00016059404015071003
0.5105415748204347	-0.0001605916310109589
0.513794282694537	-0.0001605891837875895
0.5170632541080095	-0.00016058669762401804
0.5203485703785496	-0.00016058417163842054
0.5236503132304423	-0.00016058160492290883
0.5269685647965943	-0.00016057899654228398
0.530303407620577	-0.0001605763455338841
0.5336549246586798	-0.00016057365090530948
0.5370231992819733	-0.00016057091163453873
0.5404083152783831	-0.00016056812666784384
0.5438103568547752	-0.00016056529491921868
0.5472294086390488	-0.00016056241526889907
0.5506655556822441	-0.00016055948656194303
0.5541188834606553	-0.0001605565076073462
0.5575894778779587	-0.000160553477175965
0.5610774252673482	-0.00016055039399944876
0.5645828123936848	-0.00016054725676886562
0.5681057264556529	-0.0001605440641323507
0.5716462550879313	-0.00016054081469396296
0.575204486363371	-0.00016053750701221646
0.5787805087951877	-0.0001605341395969608
0.5823744113391636	-0.00016053071090879758
0.5859862833958592	-0.00016052721935591664
0.5896162148128385	-0.00016052366329272785
0.5932642958869029	-0.000160520041016787
0.5969306173663373	-0.0001605163507668727
0.6006152704531689	-0.0001605125907204504
0.6043183468054348	-0.00016050875899037388
0.6080399385394619	-0.0001605048536227106
0.6117801382321592	-0.0001605008725934608
0.6155390389233196	-0.0001604968138049943
0.6193167341179363	-0.00016049267508312038
0.623113317788526	-0.0001604884541734248
0.6269288843774687	-0.0001604841487369924
0.6307635287993559	-0.00016047975634708427
0.6346173464433525	-0.0001604752744838661
0.6384904331755692	-0.00016047070053065374
0.642382885341447	-0.0001604660317683222
0.6462947997681542	-0.00016046126537041407
0.6502262737669948	-0.0001604563983971837
0.6541774051358298	-0.00016045142778979435
0.6581482921615086	-0.00016044635036314075
0.6621390336223161	-0.00016044116279973275
0.6661497287904276	-0.0001604358616411991
0.6701804774343794	-0.0001604304432803589
0.6742313798215511	-0.0001604249039522143
0.678302536720659	-0.00016041923972433006
0.6823940494042624	-0.00016041344648562265
0.6865060196512838	-0.00016040751993569714
0.6906385497495403	-0.00016040145557124152
0.694791742498288	-0.00016039524867213377
0.6989657012107795	-0.00016038889428635723
0.7031605297168335	-0.00016038238721266458
0.7073763323654175	-0.00016037572198218333
0.7116132140272448	-0.00016036889283652193
0.7158712800973807	-0.0001603618937056442
0.7201506364978674	-0.00016035471818101737
0.7244513896803564	-0.00016034735948682117
0.728773646628758	-0.00016033981044774484
0.7331175148619017	-0.00016033206345158655
0.7374831024362114	-0.00016032411040863118
0.7418705179483922	-0.00016031594270522704
0.7462798705381343	-0.00016030755115082848
0.750711269890825	-0.0001602989259185505
0.7551648262402791	-0.00016029005647767244
0.7596406503714807	-0.00016028093151684725
0.7641388536233382	-0.00016027153885720235
0.7686595478914547	-0.0001602618653518974
0.773202845630912	-0.00016025189677373316
0.7777688598590664	-0.00016024161768458253
0.7823577041583616	-0.00016023101128858825
0.7869694926791535	-0.00016022005926206082
0.7916043401425493	-0.0001602087415607545
0.796262361843262	-0.00016019703619850014
0.8009436736524783	-0.00016018491899381446
0.8056483920207407	-0.00016017236328158267
0.8103766339808444	-0.000160159339580078
0.8151285171507487	-0.00016014581521354027
0.8199041597365022	-0.0001601317538781762
0.8247036805351848	-0.00016011711514669455
0.8295271989378608	-0.00016010185390193316
0.8343748349325502	-0.00016008591968955416
0.8392467091072129	-0.00016006925597874448
0.844142942652749	-0.0001600517993179087
0.8490636573660127	-0.00016003347836970706
0.8540089756528428	-0.00016001421281052735
0.8589790205311072	-0.00015999391207262894
0.8639739156337627	-0.0001599724739085022
0.8689739156337625	-0.00015994987403948065
0.8739739156337623	-0.0001599260236720717
0.878973915633762	-0.00015990079908500217
0.8839739156337618	-0.00015987406157855072
0.8889739156337617	-0.0001598456559521008
0.8939739156337615	-0.00015981540854000855
0.8989739156337613	-0.00015978312501277304
0.9039739156337611	-0.00015974858791628036
0.9089739156337608	-0.0001597115539103739
0.9139739156337606	-0.00015967175067265268
0.9189739156337604	-0.0001596288734189847
0.9239739156337602	-0.0001595825809910607
0.9289739156337601	-0.00015953249145319974
0.9339739156337599	-0.00015947817713291688
0.9389739156337596	-0.0001594191590263835
0.9439739156337594	-0.00015935490048956145
0.9489739156337592	-0.00015928480011070758
0.953973915633759	-0.00015920818365693605
0.9589739156337588	-0.00015912429496699431
0.9639739156337586	-0.0001590322856447139
0.9689739156337585	-0.00015893120338852248
0.9739739156337582	-0.0001588199787674629
0.978973915633758	-0.00015869741022575995
0.9839739156337578	-0.00015856214707134951
0.9889739156337576	-0.00015841267016047909
0.9939739156337574	-0.0001582472699534802
0.9989739156337571	-0.00015806402156776553
1.003973915633757	-0.00015786075639675682
1.0089739156337567	-0.00015763502979952238
1.0139739156337566	-0.0001573840842934595
1.0189739156337563	-0.00015710480759092385
1.0239739156337562	-0.0001567936847277153
1.028973915633756	-0.00015644674340909164
1.0339739156337557	-0.00015605949157335798
1.0389739156337556	-0.00015562684600918316
1.0439739156337553	-0.0001551430506953281
1.0489739156337552	-0.0001546015833161257
1.0539739156337549	-0.00015399504817523556
1.0589739156337548	-0.0001533150534503263
1.0639739156337544	-0.00015255207042127328
1.0689739156337543	-0.00015169527193490128
1.0739739156337542	-0.0001507323469552031
1.0789739156337539	-0.00014964928757061065
1.0839739156337538	-0.00014843014427672827
1.0889739156337535	-0.000147056744737735
1.0939739156337533	-0.00014550837051522433
1.098973915633753	-0.00014376138546005722
1.103973915633753	-0.0001417888085604197
1.1089739156337528	-0.0001395598230439657
1.1139739156337525	-0.00013703921242450367
1.1189739156337524	-0.00013418671297545854
1.123973915633752	-0.00013095627081070773
1.128973915633752	-0.00012729519037668225
1.1339739156337516	-0.00012314315973066333
1.1389739156337515	-0.00011843113656357375
1.1439739156337512	-0.00011308007756721206
1.148973915633751	-0.00010699949256494656
1.153973915633751	-0.00010008580394397255
1.1589739156337506	-9.222049152395891e-5
1.1639739156337505	-8.326800330686725e-5
1.1689739156337502	-7.307341386346418e-5
1.17397391563375	-6.145981477105865e-5
1.1789739156337498	-4.8225425956156794e-5
1.1839739156337497	-3.314042347701541e-5
1.1889739156337495	-1.5943488734733093e-5
1.1939739156337492	3.661903166815121e-6
1.197980436725312	2.133648782753451e-5
1.2019869578168745	4.0963178114191094e-5
1.2059934789084372	6.275534835909471e-5
1.21	8.694539156685227e-5
