0.0006999999999999628	-0.000161011120003846
0.001403500000000035	-0.00016100146318130917
0.0021105174999999296	-0.00016100131644825524
0.0028210700874998964	-0.0001610013051701085
0.003535175437937438	-0.00016100129575540863
0.004252851315127062	-0.00016100128631896683
0.004974115571702636	-0.00016100127683415713
0.005698986149561044	-0.00016100126730040728
0.006427481080308875	-0.00016100125771736424
0.007159618485710418	-0.00016100124808478245
0.007895416578138905	-0.00016100123840237052
0.008634893661029494	-0.00016100122866991587
0.00937806812933463	-0.0001610012188870387
0.010124958469981361	-0.0001610012090535795
0.010875583262331262	-0.00016100119916921058
0.01162996117864295	-0.00016100118923350332
0.012388110984536127	-0.00016100117924643464
0.013150051539458866	-0.00016100116920745967
0.013915801797156208	-0.00016100115911645525
0.014685380806142003	-0.00016100114897302803
0.015458807710172712	-0.00016100113877700332
0.01623610174872358	-0.00016100112852798003
0.017017282257467212	-0.00016100111822569258
0.017802368668754516	-0.00016100110786986538
0.01859138051209827	-0.00016100109746006473
0.019384337414658823	-0.0001610010869962444
0.020181259101732015	-0.00016100107647784947
0.020982165397240727	-0.00016100106590464846
0.02178707622422691	-0.0001610010552764153
0.02259601160534814	-0.0001610010445927493
0.02340899166337483	-0.00016100103385332883
0.024226036621691812	-0.00016100102305787652
0.02504716680480027	-0.00016100101220606374
0.025872402638824326	-0.0001610010012975758
0.02670176465201842	-0.0001610009903320263
0.02753527347527842	-0.00016100097930915955
0.028372949842654864	-0.0001610009682285873
0.0292148145918682	-0.0001610009570900817
0.03006088866482743	-0.000161000945893189
0.03091119310815165	-0.0001610009346376028
0.0317657490736924	-0.0001610009233230557
0.03262457781906081	-0.00016100091194912018
0.03348770070815601	-0.00016100090051548167
0.034355139211696875	-0.00016100088902178862
0.035226914907755424	-0.00016100087746767977
0.03610304948229413	-0.00016100086585283142
0.03698356472970569	-0.0001610008541768393
0.03786848255335419	-0.0001610008424394654
0.038757824966120964	-0.00016100083064015433
0.03965161409095162	-0.0001610008187787275
0.04054987216140643	-0.00016100080685477728
0.04145262152221345	-0.00016100079486786544
0.04235988462982453	-0.00016100078281763454
0.04327168405297366	-0.00016100077070372036
0.0441880424732386	-0.00016100075852579595
0.04510898268560485	-0.00016100074628343832
0.046034527599032954	-0.0001610007339762834
0.04696470023702812	-0.0001610007216039375
0.04789952373821329	-0.0001610007091659293
0.048839021356904266	-0.0001610006966619648
0.04978321646368884	-0.00016100068409171788
0.05073213254600732	-0.00016100067145462848
0.05168579320873729	-0.00016100065875034966
0.052644222174780875	-0.00016100064597854034
0.05360744328565471	-0.0001610006331386127
0.054575480502083065	-0.00016100062023040635
0.05554835790459365	-0.00016100060725336482
0.05652609969411678	-0.00016100059420708226
0.05750873019258755	-0.00016100058109110244
0.05849627384355038	-0.0001610005679050236
0.05948875521276831	-0.00016100055464853834
0.060486198988831924	-0.00016100054132104
0.061488629983776036	-0.00016100052792217677
0.062496073133695054	-0.0001610005144513763
0.06350855349936363	-0.00016100050090850867
0.06452609626686023	-0.00016100048729283438
0.06554872674819473	-0.00016100047360399932
0.0665764703819355	-0.0001610004598415342
0.06760935273384511	-0.00016100044600502272
0.06864739949751451	-0.000161000432093951
0.06969063649500218	-0.00016100041810790259
0.07073908967747725	-0.0001610004040463385
0.07179278512586448	-0.00016100038990882767
0.07285174905149387	-0.00016100037569490431
0.07391600779675113	-0.00016100036140407654
0.07498558783573481	-0.0001610003470358486
0.07606051577491364	-0.00016100033258970576
0.07714081835378801	-0.00016100031806514354
0.0782265224455569	-0.00016100030346174758
0.07931765505778446	-0.00016100028877887523
0.08041424333307354	-0.0001610002740162286
0.08151631454973869	-0.00016100025917307605
0.08262389612248718	-0.00016100024424893405
0.08373701560309972	-0.00016100022924345658
0.08485570068111534	-0.00016100021415586067
0.08597997918452092	-0.00016100019898579573
0.08710987908044335	-0.00016100018373277464
0.08824542847584554	-0.0001610001683959867
0.08938665561822474	-0.00016100015297508067
0.0905335888963159	-0.00016100013746947966
0.09168625684079766	-0.0001610001218786002
0.09284468812500156	-0.00016100010620192614
0.09400891156562662	-0.00016100009043882853
0.09517895612345495	-0.00016100007458867563
0.09635485090407213	-0.0001610000586510025
0.09753662515859228	-0.0001610000426252632
0.09872430828438533	-0.00016100002651072548
0.09991792982580742	-0.00016100001030684347
0.10111751947493633	-0.00016099999401306575
0.10232310707231096	-0.00016099997762864313
0.10353472260767245	-0.00016099996115309718
0.1047523962207106	-0.00016099994458578721
0.1059761582018141	-0.00016099992792609617
0.10720603899282295	-0.0001609999111732693
0.10844206918778705	-0.00016099989432676861
0.10968427953372589	-0.00016099987738588898
0.11093270093139453	-0.00016099986035010482
0.11218736443605157	-0.00016099984321864359
0.11344830125823162	-0.00016099982599083245
0.11471554276452282	-0.00016099980866605886
0.11598912047834534	-0.00016099979124353843
0.11726906608073716	-0.00016099977372266425
0.11855541141114084	-0.0001609997561026923
0.11984818846819666	-0.00016099973838304128
0.12114742941053756	-0.0001609997205628504
0.12245316655759021	-0.00016099970264143968
0.12376543239037813	-0.00016099968461805338
0.12508425955233007	-0.00016099966649212998
0.12640968085009188	-0.000160999648262705
0.12774172925434224	-0.00016099962992917
0.12908043790061416	-0.00016099961149058828
0.13042584009011704	-0.00016099959294648108
0.13177796929056776	-0.00016099957429581405
0.1331368591370207	-0.0001609995555379195
0.13450254343270562	-0.00016099953667200251
0.13587505614986897	-0.0001609995176972335
0.1372544314306183	-0.00016099949861285553
0.13864070358777136	-0.0001609994794179573
0.14003390710571012	-0.00016099946011173663
0.14143407664123844	-0.00016099944069330365
0.14284124702444484	-0.00016099942116196668
0.14425545325956707	-0.00016099940151677363
0.1456767305258648	-0.0001609993817567949
0.14710511417849395	-0.00016099936188122756
0.14854063974938644	-0.0001609993418892029
0.14998334294813345	-0.00016099932177968837
0.1514332596628742	-0.00016099930155192196
0.15289042596118857	-0.00016099928120491108
0.15435487809099444	-0.0001609992607376548
0.15582665248144925	-0.0001609992401493615
0.15730578574385642	-0.00016099921943895534
0.1587923146725756	-0.0001609991986055181
0.1602862762459386	-0.00016099917764803205
0.1617877076271685	-0.000160999156565513
0.16329664616530448	-0.00016099913535693998
0.16481312939613094	-0.00016099911402135344
0.16633719504311156	-0.00016099909255777142
0.16786888101832692	-0.00016099907096491203
0.16940822542341866	-0.00016099904924195117
0.17095526655053575	-0.0001609990273877319
0.17251004288328856	-0.00016099900540118028
0.1740725930977048	-0.00016099898328115496
0.1756429560631934	-0.00016099896102654906
0.17722117084350925	-0.0001609989386362631
0.17880727669772659	-0.00016099891610917315
0.18040131308121543	-0.00016099889344406456
0.18200331964662148	-0.0001609988706398024
0.18361333624485465	-0.0001609988476952036
0.18523140292607912	-0.00016099882460902834
0.18685755994070938	-0.00016099880138001235
0.18849184774041308	-0.0001609987780069905
0.19013430697911532	-0.0001609987544886875
0.19178497851401088	-0.00016099873082381008
0.19344390340658082	-0.00016099870701114205
0.19511112292361377	-0.00016099868304916612
0.1967866785382319	-0.00016099865893674434
0.19847061193092289	-0.00016099863467249282
0.2001629649905775	-0.0001609986102550576
0.20186377981553055	-0.0001609985856829603
0.20357309871460819	-0.00016099856095489753
0.2052909642081813	-0.00016099853606935314
0.207017419029222	-0.00016099851102493933
0.20875250612436788	-0.00016099848582022116
0.21049626865498966	-0.0001609984604536436
0.21224874999826462	-0.00016099843492358787
0.21400999374825602	-0.00016099840922871418
0.2157800437169973	-0.00016099838336733194
0.21755894393558234	-0.00016099835733800346
0.21934673865526005	-0.0001609983311389475
0.2211434723485364	-0.00016099830476867813
0.22294918971027902	-0.00016099827822543366
0.22476393565883038	-0.00016099825150750182
0.22658775533712455	-0.00016099822461335258
0.22842069411381005	-0.00016099819754104196
0.23026279758437915	-0.00016099817028904852
0.23211411157230094	-0.00016099814285527346
0.23397468213016254	-0.00016099811523814632
0.23584455554081346	-0.00016099808743577564
0.23772377831851751	-0.0001609980594462048
0.23961239721011024	-0.00016099803126762277
0.24151045919616082	-0.00016099800289793458
0.24341801149214168	-0.00016099797433540662
0.24533510154960245	-0.00016099794557776045
0.24726177705735047	-0.00016099791662322442
0.2491980859426373	-0.0001609978874695582
0.25114407637235053	-0.0001609978581147134
0.2530997967542124	-0.00016099782855660063
0.2550652957379834	-0.0001609977987929831
0.2570406222166734	-0.0001609977688216544
0.25902582532775686	-0.0001609977386403858
0.26102095445439577	-0.0001609977082467934
0.2630260592266676	-0.00016099767763879275
0.26504118952280104	-0.00016099764681372207
0.26706639547041516	-0.00016099761576937168
0.26910172744776706	-0.00016099758450326902
0.27114723608500574	-0.00016099755301282189
0.2732029722654309	-0.00016099752129553608
0.2752689871267581	-0.0001609974893488587
0.2773453320623917	-0.00016099745717014776
0.2794320587227036	-0.00016099742475676848
0.281529219016317	-0.00016099739210589386
0.2836368651113984	-0.00016099735921486214
0.28575504943695557	-0.00016099732608080216
0.28788382468414025	-0.00016099729270077154
0.2900232438075611	-0.0001609972590719581
0.29217336002659877	-0.0001609972251912763
0.29433422682673194	-0.0001609971910557309
0.29650589796086546	-0.00016099715666218904
0.29868842745066976	-0.00016099712200752902
0.30088186958792296	-0.0001609970870885398
0.30308627893586265	-0.0001609970519018562
0.305301710330542	-0.0001609970164443366
0.3075282188821948	-0.00016099698071227598
0.30976585997660583	-0.00016099694470251048
0.31201468927648873	-0.00016099690841133807
0.31427476272287097	-0.0001609968718350548
0.3165461365364855	-0.0001609968349702105
0.318828867219168	-0.00016099679781290312
0.3211230115552639	-0.00016099676035926744
0.32342862661304006	-0.0001609967226054816
0.3257457697461053	-0.00016099668454754395
0.32807449859483556	-0.00016099664618140542
0.33041487108780954	-0.00016099660750287637
0.3327669454432486	-0.00016099656850762108
0.33513078017046477	-0.00016099652919159089
0.33750643407131686	-0.00016099648955007035
0.33989396624167323	-0.0001609964495788055
0.3422934360728816	-0.00016099640927303772
0.34470490325324576	-0.0001609963686280669
0.3471284277695118	-0.00016099632763921256
0.34956406990835936	-0.0001609962863014286
0.3520118902579012	-0.00016099624460983472
0.3544719497091907	-0.00016099620255924073
0.35694430945773664	-0.00016099616014444748
0.3594290310050252	-0.00016099611736013227
0.36192617616005013	-0.00016099607420083433
0.3644358070408504	-0.00016099603066098889
0.36695798607605457	-0.0001609959867347488
0.36949277600643504	-0.0001609959424165326
0.37204023988646695	-0.0001609958977002055
0.374600441085899	-0.00016099585257976635
0.3771734432913285	-0.00016099580704895277
0.379759310507785	-0.00016099576110138354
0.3823581070603237	-0.00016099571473047602
0.3849698975956254	-0.00016099566792967886
0.3875947470836033	-0.00016099562069210534
0.39023272081902133	-0.0001609955730108378
0.3928838844231162	-0.00016099552487852995
0.39554830384523165	-0.00016099547628818794
0.3982260453644579	-0.00016099542723195417
0.4009171755912802	-0.0001609953777024469
0.4036217614692367	-0.0001609953276916382
0.4063398702765827	-0.000160995277191536
0.40907156962796565	-0.0001609952261940546
0.41181692747610543	-0.00016099517469048374
0.41457601211348605	-0.00016099512267238097
0.4173488921740533	-0.00016099507013080233
0.4201356366349237	-0.00016099501705674237
0.42293631481809807	-0.0001609949634407039
0.4257509963921885	-0.0001609949092733166
0.42857975137414944	-0.00016099485454472174
0.4314226501310203	-0.0001609947992449516
0.43427976338167545	-0.0001609947433636764
0.43715116219858396	-0.00016099468689036717
0.440036918009577	-0.000160994629814177
0.44293710259962477	-0.00016099457212403695
0.4458517881126228	-0.00016099451380848097
0.4487810470531859	-0.00016099445485583865
0.45172495228845155	-0.0001609943952542316
0.45468357704989376	-0.00016099433499109262
0.45765699493514306	-0.00016099427405391812
0.46064527990981863	-0.00016099421242974526
0.4636485063093676	-0.00016099415010510705
0.4666667488409145	-0.00016099408706644972
0.4697000825851191	-0.00016099402329945543
0.4727485829980444	-0.00016099395878988796
0.4758123259130346	-0.00016099389352270044
0.47889138754259974	-0.00016099382748266557
0.4819858444803126	-0.0001609937606541149
0.4850957737027142	-0.00016099369302081842
0.48822125257122767	-0.00016099362456614572
0.49136235883408375	-0.00016099355527290988
0.49451917062825407	-0.0001609934851237209
0.49769176648139524	-0.0001609934141004401
0.5008802253138022	-0.00016099334218430333
0.5040846264403713	-0.00016099326935621036
0.5073050495725733	-0.00016099319559638236
0.510541574820436	-0.00016099312088458423
0.5137942826945383	-0.000160993045199781
0.5170632541080108	-0.00016099296852041441
0.520348570378551	-0.00016099289082447258
0.5236503132304436	-0.0001609928120888226
0.5269685647965956	-0.00016099273228995864
0.5303034076205784	-0.00016099265140359395
0.5336549246586811	-0.0001609925694046377
0.5370231992819746	-0.0001609924862673022
0.5404083152783844	-0.00016099240196482527
0.5438103568547764	-0.0001609923164696595
0.5472294086390501	-0.00016099222975358605
0.5506655556822453	-0.00016099214178721773
0.5541188834606565	-0.0001609920525402386
0.5575894778779599	-0.00016099196198167022
0.5610774252673494	-0.00016099187007898155
0.564582812393686	-0.0001609917767991692
0.5681057264556543	-0.00016099168210754545
0.5716462550879327	-0.00016099158596871773
0.5752044863633723	-0.00016099148834587462
0.578780508795189	-0.00016099138920120206
0.5823744113391649	-0.00016099128849518827
0.5859862833958606	-0.00016099118618724068
0.5896162148128399	-0.00016099108223541998
0.5932642958869042	-0.00016099097659623592
0.5969306173663387	-0.0001609908692245824
0.6006152704531702	-0.00016099076007387327
0.6043183468054361	-0.00016099064909581116
0.6080399385394633	-0.00016099053624060201
0.6117801382321605	-0.00016099042145611712
0.615539038923321	-0.00016099030468897358
0.6193167341179376	-0.00016099018588325675
0.6231133177885273	-0.00016099006498154682
0.6269288843774701	-0.00016098994192367109
0.6307635287993573	-0.0001609898166477889
0.6346173464433539	-0.00016098968908934244
0.6384904331755705	-0.0001609895591814681
0.6423828853414483	-0.00016098942685468612
0.6462947997681555	-0.00016098929203687038
0.6502262737669962	-0.00016098915465311283
0.6541774051358311	-0.0001609890146252331
0.6581482921615099	-0.00016098887187272187
0.6621390336223173	-0.00016098872631093851
0.6661497287904288	-0.0001609885778524625
0.6701804774343807	-0.00016098842640606197
0.6742313798215525	-0.00016098827187668754
0.6783025367206603	-0.00016098811416567546
0.6823940494042636	-0.00016098795316997182
0.6865060196512851	-0.00016098778878242536
0.6906385497495416	-0.00016098762089100083
0.6947917424982893	-0.00016098744937903336
0.6989657012107808	-0.00016098727412511212
0.7031605297168348	-0.0001609870950019729
0.7073763323654189	-0.000160986911877286
0.7116132140272461	-0.00016098672461235488
0.715871280097382	-0.0001609865330628254
0.7201506364978687	-0.00016098633707715152
0.7244513896803577	-0.00016098613649744308
0.7287736466287593	-0.00016098593115814467
0.733117514861903	-0.00016098572088617258
0.7374831024362126	-0.00016098550550026645
0.7418705179483935	-0.00016098528481049592
0.7462798705381356	-0.00016098505861776775
0.7507112698908263	-0.00016098482671352574
0.7551648262402804	-0.0001609845888786871
0.759640650371482	-0.00016098434488354599
0.7641388536233394	-0.000160984094486539
0.7686595478914561	-0.00016098383743417234
0.7732028456309133	-0.000160983573460022
0.7777688598590677	-0.00016098330228335548
0.7823577041583629	-0.0001609830236093236
0.7869694926791548	-0.00016098273712685107
0.7916043401425507	-0.000160982442508517
0.7962623618432633	-0.000160982139408848
0.8009436736524796	-0.00016098182746347917
0.805648392020742	-0.0001609815062877144
0.8103766339808457	-0.0001609811754749464
0.81512851715075	-0.00016098083459542328
0.8199041597365035	-0.00016098048319450851
0.8247036805351862	-0.000160980120790415
0.8295271989378621	-0.00016097974687313152
0.8343748349325514	-0.00016097936090132375
0.8392467091072142	-0.00016097896230076077
0.8441429426527504	-0.00016097855046068283
0.849063657366014	-0.00016097812473248475
0.8540089756528442	-0.00016097768442534387
0.8589790205311084	-0.00016097722880323826
0.863973915633764	-0.00016097675708087554
0.8689739156337638	-0.00016097626944496367
0.8739739156337636	-0.00016097576634683318
0.8789739156337634	-0.00016097524732741557
0.8839739156337632	-0.00016097471164931392
0.8889739156337629	-0.00016097415852900392
0.8939739156337627	-0.00016097358713399037
0.8989739156337626	-0.00016097299657806096
0.9039739156337624	-0.00016097238591746612
0.9089739156337622	-0.00016097175414502953
0.913973915633762	-0.00016097110018525377
0.9189739156337617	-0.00016097042288692456
0.9239739156337615	-0.00016096972101700314
0.9289739156337613	-0.00016096899325170218
0.9339739156337611	-0.00016096823816790952
0.938973915633761	-0.0001609674542324646
0.9439739156337608	-0.00016096663979057012
0.9489739156337605	-0.0001609657930527804
0.9539739156337603	-0.00016096491207947015
0.9589739156337601	-0.00016096399476256024
0.9639739156337599	-0.00016096303880743727
0.9689739156337597	-0.00016096204170757528
0.9739739156337595	-0.00016096100071989953
0.9789739156337594	-0.00016095991283230507
0.9839739156337591	-0.00016095877472880102
0.9889739156337589	-0.00016095758274734616
0.9939739156337587	-0.00016095633283153923
0.9989739156337585	-0.0001609550204735896
1.0039739156337584	-0.000160953640647649
1.008973915633758	-0.00016095218773102204
1.013973915633758	-0.00016095065541360976
1.0189739156337576	-0.00016094903658783662
1.0239739156337575	-0.00016094732322110907
1.0289739156337572	-0.0001609455062045103
1.033973915633757	-0.00016094357517250392
1.038973915633757	-0.00016094151829027293
1.0439739156337566	-0.00016093932200027253
1.0489739156337565	-0.00016093697072018913
1.0539739156337562	-0.00016093444648475686
1.058973915633756	-0.0001609317285167249
1.0639739156337558	-0.0001609287927147471
1.0689739156337557	-0.00016092561104295448
1.0739739156337553	-0.00016092215079844513
1.0789739156337552	-0.00016091837373487594
1.0839739156337551	-0.00016091423501309054
1.0889739156337548	-0.0001609096819413543
1.0939739156337547	-0.00016090465246378443
1.0989739156337544	-0.00016089907334527537
1.1039739156337542	-0.00016089285799116178
1.108973915633754	-0.0001608859038241454
1.1139739156337538	-0.000160878089131721
1.1189739156337537	-0.00016086926927124845
1.1239739156337534	-0.0001608592721019129
1.1289739156337533	-0.00016084789248472513
1.133973915633753	-0.0001608348856576995
1.1389739156337528	-0.00016081995925226397
1.1439739156337525	-0.00016080276367506354
1.1489739156337524	-0.00016078288051294285
1.153973915633752	-0.00016075980855465016
1.158973915633752	-0.00016073294693955448
1.1639739156337519	-0.00016070157483739583
1.1689739156337515	-0.00016066482694747047
1.1739739156337514	-0.00016062166395359412
1.178973915633751	-0.00016057083690097646
1.183973915633751	-0.00016051084424298584
1.1889739156337507	-0.00016043988005688678
1.1939739156337505	-0.00016035577161841556
1.1989739156337504	-0.00016025590416118604
1.2039739156337501	-0.00016013713020280443
1.20897391563375	-0.00015999566029254827
1.2139739156337497	-0.00015982693139973003
1.2189739156337496	-0.00015962544839538963
1.2239739156337492	-0.00015938459316218348
1.2289739156337491	-0.0001590963947565926
1.2339739156337488	-0.00015875125271459315
1.2389739156337487	-0.00015833760397287192
1.2439739156337486	-0.00015784152192935687
1.2489739156337483	-0.00015724623380286654
1.2539739156337482	-0.00015653153959418564
1.2589739156337478	-0.00015567311250417413
1.2639739156337477	-0.00015464165650398888
1.2689739156337474	-0.00015340189179230223
1.2739739156337473	-0.0001519113329592292
1.2789739156337472	-0.00015011881774904873
1.2839739156337469	-0.00014796273628009312
1.2889739156337467	-0.0001453689014205228
1.2939739156337464	-0.00014224799081263107
1.2989739156337463	-0.00013849247992391527
1.303973915633746	-0.00013397297379937092
1.3089739156337459	-0.00012853383339483636
1.3139739156337455	-0.00012198798129617383
1.3189739156337454	-0.0001141107624739161
1.3239739156337453	-0.00010463273035993595
1.328973915633745	-9.323122967356241e-5
1.333973915633745	-7.952065897461566e-5
1.3389739156337446	-6.304132328365514e-5
1.3439739156337445	-4.3246837390597184e-5
1.3489739156337441	-1.949012252173296e-5
1.353973915633744	8.991836883855598e-6
1.358973915633744	4.309413284687006e-5
1.3639739156337436	8.386038836713356e-5
1.3689739156337435	0.0001324986419148336
1.3739739156337432	0.00019039541552172155
1.378973915633743	0.00025912632443725065
1.3839739156337427	0.0003404612051717872
1.3879804367253072	0.00041616758513515615
1.3919869578168715	0.0005021989450312558
1.395993478908436	0.0005998279015254693
1.4	0.0007102703168317365
