0.0006999999999999628	-0.00016115081105437894
0.001403500000000035	-0.00016114113132907395
0.0021105174999999296	-0.0001611409839881814
0.0028210700874998964	-0.00016114097215713148
0.003535175437937438	-0.00016114096218386618
0.004252851315127062	-0.00016114095218636965
0.004974115571702636	-0.00016114094213782323
0.005698986149561044	-0.00016114093203776749
0.006427481080308875	-0.00016114092188596125
0.007159618485710418	-0.0001611409116819721
0.007895416578138905	-0.00016114090142559985
0.008634893661029494	-0.00016114089111659845
0.00937806812933463	-0.0001611408807546179
0.010124958469981361	-0.0001611408703393244
0.010875583262331262	-0.00016114085987050476
0.01162996117864295	-0.00016114084934789572
0.012388110984536127	-0.000161140838771102
0.013150051539458866	-0.00016114082813985256
0.013915801797156208	-0.00016114081745383408
0.014685380806142003	-0.00016114080671279232
0.015458807710172712	-0.00016114079591640436
0.01623610174872358	-0.00016114078506434664
0.017017282257467212	-0.00016114077415627594
0.017802368668754516	-0.0001611407631919998
0.01859138051209827	-0.00016114075217112632
0.019384337414658823	-0.00016114074109329035
0.020181259101732015	-0.00016114072995826245
0.020982165397240727	-0.0001611407187656759
0.02178707622422691	-0.00016114070751521866
0.02259601160534814	-0.0001611406962065854
0.02340899166337483	-0.0001611406848393833
0.024226036621691812	-0.0001611406734133511
0.02504716680480027	-0.00016114066192819514
0.025872402638824326	-0.00016114065038346932
0.02670176465201842	-0.00016114063877888666
0.02753527347527842	-0.00016114062711412999
0.028372949842654864	-0.0001611406153887933
0.0292148145918682	-0.0001611406036027119
0.03006088866482743	-0.00016114059175533494
0.03091119310815165	-0.00016114057984637696
0.0317657490736924	-0.00016114056787549768
0.03262457781906081	-0.0001611405558423716
0.03348770070815601	-0.00016114054374668564
0.034355139211696875	-0.0001611405315878758
0.035226914907755424	-0.00016114051936583597
0.03610304948229413	-0.00016114050708003862
0.03698356472970569	-0.00016114049473017186
0.03786848255335419	-0.00016114048231584207
0.038757824966120964	-0.0001611404698367184
0.03965161409095162	-0.00016114045729240375
0.04054987216140643	-0.00016114044468251877
0.04145262152221345	-0.00016114043200665646
0.04235988462982453	-0.00016114041926450546
0.04327168405297366	-0.00016114040645566285
0.0441880424732386	-0.00016114039357963253
0.04510898268560485	-0.00016114038063610455
0.046034527599032954	-0.00016114036762481055
0.04696470023702812	-0.00016114035454508756
0.04789952373821329	-0.00016114034139674355
0.048839021356904266	-0.00016114032817934253
0.04978321646368884	-0.00016114031489231453
0.05073213254600732	-0.00016114030153551267
0.05168579320873729	-0.00016114028810828838
0.052644222174780875	-0.00016114027461033124
0.05360744328565471	-0.00016114026104125151
0.054575480502083065	-0.00016114024740055755
0.05554835790459365	-0.00016114023368785123
0.05652609969411678	-0.0001611402199027478
0.05750873019258755	-0.00016114020604470503
0.05849627384355038	-0.0001611401921134209
0.05948875521276831	-0.00016114017810829427
0.060486198988831924	-0.00016114016402900424
0.061488629983776036	-0.00016114014987510516
0.062496073133695054	-0.0001611401356460789
0.06350855349936363	-0.00016114012134147202
0.06452609626686023	-0.00016114010696085697
0.06554872674819473	-0.0001611400925038291
0.0665764703819355	-0.00016114007796977974
0.06760935273384511	-0.0001611400633583588
0.06864739949751451	-0.00016114004866905942
0.06969063649500218	-0.00016114003390136773
0.07073908967747725	-0.0001611400190548386
0.07179278512586448	-0.0001611400041290112
0.07285174905149387	-0.00016113998912329749
0.07391600779675113	-0.00016113997403725732
0.07498558783573481	-0.00016113995887044022
0.07606051577491364	-0.00016113994362224285
0.07714081835378801	-0.00016113992829231287
0.0782265224455569	-0.0001611399128799148
0.07931765505778446	-0.00016113989738472006
0.08041424333307354	-0.000161139881806056
0.08151631454973869	-0.00016113986614356817
0.08262389612248718	-0.000161139850396695
0.08373701560309972	-0.0001611398345647367
0.08485570068111534	-0.0001611398186472434
0.08597997918452092	-0.0001611398026437411
0.08710987908044335	-0.00016113978655361925
0.08824542847584554	-0.00016113977037626685
0.08938665561822474	-0.00016113975411122825
0.0905335888963159	-0.00016113973775790002
0.09168625684079766	-0.00016113972131564014
0.09284468812500156	-0.00016113970478403238
0.09400891156562662	-0.00016113968816229622
0.09517895612345495	-0.0001611396714499742
0.09635485090407213	-0.00016113965464644456
0.09753662515859228	-0.00016113963775112391
0.09872430828438533	-0.0001611396207633707
0.09991792982580742	-0.00016113960368260765
0.10111751947493633	-0.0001611395865081949
0.10232310707231096	-0.00016113956923946948
0.10353472260767245	-0.00016113955187592335
0.1047523962207106	-0.00016113953441678532
0.1059761582018141	-0.00016113951686149027
0.10720603899282295	-0.00016113949920936732
0.10844206918778705	-0.00016113948145982275
0.10968427953372589	-0.0001611394636121482
0.11093270093139453	-0.00016113944566562493
0.11218736443605157	-0.00016113942761968242
0.11344830125823162	-0.00016113940947354711
0.11471554276452282	-0.00016113939122658653
0.11598912047834534	-0.00016113937287813018
0.11726906608073716	-0.00016113935442746674
0.11855541141114084	-0.0001611393358737271
0.11984818846819666	-0.0001611393172164647
0.12114742941053756	-0.00016113929845474858
0.12245316655759021	-0.00016113927958789125
0.12376543239037813	-0.00016113926061524252
0.12508425955233007	-0.0001611392415359688
0.12640968085009188	-0.00016113922234930325
0.12774172925434224	-0.00016113920305459557
0.12908043790061416	-0.00016113918365089815
0.13042584009011704	-0.00016113916413764426
0.13177796929056776	-0.0001611391445137316
0.1331368591370207	-0.00016113912477871533
0.13450254343270562	-0.00016113910493159236
0.13587505614986897	-0.00016113908497155776
0.1372544314306183	-0.00016113906489785687
0.13864070358777136	-0.00016113904470959595
0.14003390710571012	-0.00016113902440592103
0.14143407664123844	-0.0001611390039860953
0.14284124702444484	-0.00016113898344907414
0.14425545325956707	-0.00016113896279412897
0.1456767305258648	-0.00016113894202035017
0.14710511417849395	-0.00016113892112673417
0.14854063974938644	-0.00016113890011257818
0.14998334294813345	-0.00016113887897670096
0.1514332596628742	-0.00016113885771848886
0.15289042596118857	-0.00016113883633683097
0.15435487809099444	-0.00016113881483065845
0.15582665248144925	-0.00016113879319923626
0.15730578574385642	-0.0001611387714415646
0.1587923146725756	-0.00016113874955653895
0.1602862762459386	-0.00016113872754318874
0.1617877076271685	-0.0001611387054006112
0.16329664616530448	-0.00016113868312773847
0.16481312939613094	-0.000161138660723494
0.16633719504311156	-0.0001611386381868951
0.16786888101832692	-0.00016113861551684858
0.16940822542341866	-0.00016113859271222355
0.17095526655053575	-0.00016113856977205112
0.17251004288328856	-0.000161138546695167
0.1740725930977048	-0.00016113852348051088
0.1756429560631934	-0.00016113850012687447
0.17722117084350925	-0.00016113847663315662
0.17880727669772659	-0.00016113845299819125
0.18040131308121543	-0.00016113842922083844
0.18200331964662148	-0.00016113840529981968
0.18361333624485465	-0.00016113838123407874
0.18523140292607912	-0.0001611383570223188
0.18685755994070938	-0.0001611383326632508
0.18849184774041308	-0.00016113830815571838
0.19013430697911532	-0.00016113828349835163
0.19178497851401088	-0.00016113825868993461
0.19344390340658082	-0.00016113823372913567
0.19511112292361377	-0.00016113820861461735
0.1967866785382319	-0.00016113818334505584
0.19847061193092289	-0.0001611381579190728
0.2001629649905775	-0.00016113813233533007
0.20186377981553055	-0.00016113810659243658
0.20357309871460819	-0.00016113808068885852
0.2052909642081813	-0.00016113805462323434
0.207017419029222	-0.0001611380283941611
0.20875250612436788	-0.0001611380020000506
0.21049626865498966	-0.0001611379754394444
0.21224874999826462	-0.0001611379487108614
0.21400999374825602	-0.0001611379218125914
0.2157800437169973	-0.00016113789474332224
0.21755894393558234	-0.00016113786750121103
0.21934673865526005	-0.00016113784008475293
0.2211434723485364	-0.0001611378124923424
0.22294918971027902	-0.00016113778472217404
0.22476393565883038	-0.00016113775677271687
0.22658775533712455	-0.00016113772864209653
0.22842069411381005	-0.0001611377003286394
0.23026279758437915	-0.0001611376718306046
0.23211411157230094	-0.00016113764314616355
0.23397468213016254	-0.00016113761427345198
0.23584455554081346	-0.00016113758521062868
0.23772377831851751	-0.000161137555955809
0.23961239721011024	-0.0001611375265071418
0.24151045919616082	-0.00016113749686252495
0.24341801149214168	-0.00016113746702009295
0.24533510154960245	-0.00016113743697779084
0.24726177705735047	-0.00016113740673352983
0.2491980859426373	-0.00016113737628537867
0.25114407637235053	-0.0001611373456309792
0.2530997967542124	-0.00016113731476845184
0.2550652957379834	-0.00016113728369533006
0.2570406222166734	-0.00016113725240969145
0.25902582532775686	-0.00016113722090905719
0.26102095445439577	-0.00016113718919113465
0.2630260592266676	-0.00016113715725377147
0.26504118952280104	-0.00016113712509436686
0.26706639547041516	-0.00016113709271046346
0.26910172744776706	-0.00016113706009982938
0.27114723608500574	-0.00016113702725991747
0.2732029722654309	-0.00016113699418800456
0.2752689871267581	-0.00016113696088156261
0.2773453320623917	-0.00016113692733810142
0.2794320587227036	-0.00016113689355473653
0.281529219016317	-0.00016113685952878298
0.2836368651113984	-0.00016113682525751975
0.28575504943695557	-0.00016113679073803553
0.28788382468414025	-0.000161136755967466
0.2900232438075611	-0.00016113672094291117
0.29217336002659877	-0.00016113668566123792
0.29433422682673194	-0.0001611366501195023
0.29650589796086546	-0.00016113661431461723
0.29868842745066976	-0.00016113657824330476
0.30088186958792296	-0.00016113654190243643
0.30308627893586265	-0.00016113650528863617
0.305301710330542	-0.00016113646839859087
0.3075282188821948	-0.00016113643122890503
0.30976585997660583	-0.00016113639377598167
0.31201468927648873	-0.00016113635603637753
0.31427476272287097	-0.00016113631800648658
0.3165461365364855	-0.00016113627968250468
0.318828867219168	-0.00016113624106069282
0.3211230115552639	-0.00016113620213725703
0.32342862661304006	-0.00016113616290824458
0.3257457697461053	-0.00016113612336964603
0.32807449859483556	-0.00016113608351731842
0.33041487108780954	-0.00016113604334727017
0.3327669454432486	-0.00016113600285510703
0.33513078017046477	-0.00016113596203645917
0.33750643407131686	-0.0001611359208869475
0.33989396624167323	-0.00016113587940223056
0.3422934360728816	-0.000161135837577402
0.34470490325324576	-0.0001611357954078696
0.3471284277695118	-0.00016113575288882254
0.34956406990835936	-0.000161135710015383
0.3520118902579012	-0.00016113566678255945
0.3544719497091907	-0.00016113562318503604
0.35694430945773664	-0.00016113557921772575
0.3594290310050252	-0.00016113553487527249
0.36192617616005013	-0.00016113549015215402
0.3644358070408504	-0.0001611354450427299
0.36695798607605457	-0.00016113539954143178
0.36949277600643504	-0.0001611353536422959
0.37204023988646695	-0.00016113530733936248
0.374600441085899	-0.00016113526062646455
0.3771734432913285	-0.0001611352134975324
0.379759310507785	-0.00016113516594598153
0.3823581070603237	-0.00016113511796541103
0.3849698975956254	-0.0001611350695490961
0.3875947470836033	-0.00016113502068997634
0.39023272081902133	-0.00016113497138145095
0.3928838844231162	-0.00016113492161614753
0.39554830384523165	-0.00016113487138666894
0.3982260453644579	-0.00016113482068556647
0.4009171755912802	-0.0001611347695050584
0.4036217614692367	-0.00016113471783747548
0.4063398702765827	-0.0001611346656744613
0.40907156962796565	-0.00016113461300812316
0.41181692747610543	-0.00016113455982975664
0.41457601211348605	-0.00016113450613062277
0.4173488921740533	-0.00016113445190202438
0.4201356366349237	-0.00016113439713472694
0.42293631481809807	-0.00016113434181952123
0.4257509963921885	-0.00016113428594669943
0.42857975137414944	-0.0001611342295066657
0.4314226501310203	-0.00016113417248903025
0.43427976338167545	-0.00016113411488384555
0.43715116219858396	-0.00016113405668024056
0.440036918009577	-0.00016113399786753086
0.44293710259962477	-0.00016113393843452542
0.4458517881126228	-0.00016113387836990499
0.4487810470531859	-0.0001611338176617614
0.45172495228845155	-0.000161133756298185
0.45468357704989376	-0.00016113369426673472
0.45765699493514306	-0.00016113363155487368
0.46064527990981863	-0.00016113356814932044
0.4636485063093676	-0.00016113350403699556
0.4666667488409145	-0.00016113343920402522
0.4697000825851191	-0.0001611333736362065
0.4727485829980444	-0.00016113330731912107
0.4758123259130346	-0.00016113324023790752
0.47889138754259974	-0.00016113317237706555
0.4819858444803126	-0.00016113310372082494
0.4850957737027142	-0.00016113303425327458
0.48822125257122767	-0.00016113296395761165
0.49136235883408375	-0.000161132892816606
0.49451917062825407	-0.00016113282081264762
0.49769176648139524	-0.00016113274792760882
0.5008802253138022	-0.00016113267414291144
0.5040846264403713	-0.00016113259943926139
0.5073050495725733	-0.00016113252379684634
0.510541574820436	-0.0001611324471953545
0.5137942826945383	-0.00016113236961368374
0.5170632541080108	-0.00016113229103044521
0.520348570378551	-0.00016113221142331283
0.5236503132304436	-0.00016113213076924109
0.5269685647965956	-0.00016113204904459377
0.5303034076205784	-0.00016113196622510482
0.5336549246586811	-0.00016113188228566658
0.5370231992819746	-0.00016113179720028703
0.5404083152783844	-0.00016113171094224424
0.5438103568547764	-0.00016113162348402291
0.5472294086390501	-0.00016113153479718845
0.5506655556822453	-0.0001611314448523765
0.5541188834606565	-0.0001611313536192682
0.5575894778779599	-0.00016113126106665352
0.5610774252673494	-0.00016113116716210416
0.564582812393686	-0.00016113107187237127
0.5681057264556543	-0.00016113097516285677
0.5716462550879327	-0.00016113087699816847
0.5752044863633723	-0.00016113077734119548
0.578780508795189	-0.00016113067615412216
0.5823744113391649	-0.00016113057339746666
0.5859862833958606	-0.00016113046903045155
0.5896162148128399	-0.00016113036301131716
0.5932642958869042	-0.00016113025529599138
0.5969306173663387	-0.00016113014583971414
0.6006152704531702	-0.00016113003459570572
0.6043183468054361	-0.00016112992151557165
0.6080399385394633	-0.00016112980654911814
0.6117801382321605	-0.00016112968964471415
0.615539038923321	-0.00016112957074844108
0.6193167341179376	-0.00016112944980454903
0.6231133177885273	-0.00016112932675524033
0.6269288843774701	-0.00016112920154066952
0.6307635287993573	-0.00016112907409845793
0.6346173464433539	-0.0001611289443640678
0.6384904331755705	-0.0001611288122705738
0.6423828853414483	-0.00016112867774847043
0.6462947997681555	-0.00016112854072531207
0.6502262737669962	-0.00016112840112616914
0.6541774051358311	-0.00016112825887298473
0.6581482921615099	-0.00016112811388468285
0.6621390336223173	-0.00016112796607676698
0.6661497287904288	-0.00016112781536166298
0.6701804774343807	-0.00016112766164787533
0.6742313798215525	-0.00016112750484067347
0.6783025367206603	-0.0001611273448407148
0.6823940494042636	-0.00016112718154499028
0.6865060196512851	-0.00016112701484616293
0.6906385497495416	-0.00016112684463204675
0.6947917424982893	-0.00016112667078624647
0.6989657012107808	-0.0001611264931865069
0.7031605297168348	-0.00016112631170593866
0.7073763323654189	-0.0001611261262118054
0.7116132140272461	-0.00016112593656535408
0.715871280097382	-0.00016112574262199046
0.7201506364978687	-0.00016112554423016096
0.7244513896803577	-0.00016112534123158934
0.7287736466287593	-0.0001611251334606845
0.733117514861903	-0.00016112492074436634
0.7374831024362126	-0.00016112470290085198
0.7418705179483935	-0.0001611244797404044
0.7462798705381356	-0.00016112425106344923
0.7507112698908263	-0.00016112401666141038
0.7551648262402804	-0.00016112377631490848
0.759640650371482	-0.00016112352979421392
0.7641388536233394	-0.00016112327685762214
0.7686595478914561	-0.00016112301725160587
0.7732028456309133	-0.00016112275070909337
0.7777688598590677	-0.0001611224769497512
0.7823577041583629	-0.000161122195678197
0.7869694926791548	-0.00016112190658323144
0.7916043401425507	-0.00016112160933752712
0.7962623618432633	-0.00016112130359534316
0.8009436736524796	-0.00016112098899224398
0.805648392020742	-0.0001611206651433253
0.8103766339808457	-0.0001611203316420429
0.81512851715075	-0.0001611199880583769
0.8199041597365035	-0.00016111963393773335
0.8247036805351862	-0.00016111926879827234
0.8295271989378621	-0.0001611188921300575
0.8343748349325514	-0.00016111850339149846
0.8392467091072142	-0.00016111810200864852
0.8441429426527504	-0.00016111768737077497
0.849063657366014	-0.0001611172588293356
0.8540089756528442	-0.00016111681569359082
0.8589790205311084	-0.0001611163572277589
0.863973915633764	-0.00016111588264708113
0.8689739156337638	-0.00016111539214536198
0.8739739156337636	-0.00016111488618082568
0.8789739156337634	-0.00016111436429570774
0.8839739156337632	-0.00016111382575347553
0.8889739156337629	-0.0001611132697713238
0.8939739156337627	-0.0001611126955169178
0.8989739156337626	-0.00016111210210565535
0.9039739156337624	-0.00016111148859411975
0.9089739156337622	-0.00016111085397667194
0.913973915633762	-0.00016111019717864384
0.9189739156337617	-0.00016110951705038901
0.9239739156337615	-0.00016110881236000994
0.9289739156337613	-0.0001611080817854317
0.9339739156337611	-0.00016110732390536996
0.938973915633761	-0.00016110653718841072
0.9439739156337608	-0.0001611057199823328
0.9489739156337605	-0.00016110487049969424
0.9539739156337603	-0.00016110398680338714
0.9589739156337601	-0.00016110306678865624
0.9639739156337599	-0.00016110210816394583
0.9689739156337597	-0.00016110110842611572
0.9739739156337595	-0.00016110006483606773
0.9789739156337594	-0.00016109897438623617
0.9839739156337591	-0.0001610978337650744
0.9889739156337589	-0.00016109663931619387
0.9939739156337587	-0.00016109538698884295
0.9989739156337585	-0.0001610940722815146
1.0039739156337584	-0.00016109269017574047
1.008973915633758	-0.00016109123505703962
1.013973915633758	-0.00016108970062353513
1.0189739156337576	-0.00016108807977792235
1.0239739156337575	-0.00016108636449823957
1.0289739156337572	-0.00016108454568777413
1.033973915633757	-0.00016108261299441906
1.038973915633757	-0.0001610805545983829
1.0439739156337566	-0.0001610783569586933
1.0489739156337565	-0.0001610760045123295
1.0539739156337562	-0.00016107347931490555
1.058973915633756	-0.00016107076061232226
1.0639739156337558	-0.0001610678243302013
1.0689739156337557	-0.00016106464246224694
1.0739739156337553	-0.00016106118233933444
1.0789739156337552	-0.0001610574057529402
1.0839739156337551	-0.0001610532679071703
1.0889739156337548	-0.00016104871615831533
1.0939739156337547	-0.00016104368850655337
1.0989739156337544	-0.00016103811177970914
1.1039739156337542	-0.00016103189945397363
1.108973915633754	-0.00016102494903505847
1.1139739156337538	-0.00016101713890401734
1.1189739156337537	-0.00016100832452604487
1.1239739156337534	-0.00016099833388431915
1.1289739156337533	-0.00016098696198297592
1.133973915633753	-0.00016097396422450072
1.1389739156337528	-0.00016095904843182828
1.1439739156337525	-0.00016094186523321467
1.1489739156337524	-0.0001609219964727205
1.153973915633752	-0.00016089894123963357
1.158973915633752	-0.00016087209902293756
1.1639739156337519	-0.00016084074940257438
1.1689739156337515	-0.00016080402755752661
1.1739739156337514	-0.00016076089473568452
1.178973915633751	-0.00016071010264562857
1.183973915633751	-0.00016065015052174787
1.1889739156337507	-0.00016057923336395495
1.1939739156337505	-0.00016049517953768726
1.1989739156337504	-0.00016039537556672792
1.2039739156337501	-0.00016027667549552184
1.20897391563375	-0.0001601352916833746
1.2139739156337497	-0.00015996666324398186
1.2189739156337496	-0.00015976529758857246
1.2239739156337492	-0.00015952457960525482
1.2289739156337491	-0.00015923654190057662
1.2339739156337488	-0.00015889158819126952
1.2389739156337487	-0.00015847816031887226
1.2439739156337486	-0.00015798233740480904
1.2489739156337483	-0.00015738735329903536
1.2539739156337482	-0.00015667301561502516
1.2589739156337478	-0.00015581500618627896
1.2639739156337477	-0.00015478403862084623
1.2689739156337474	-0.00015354484364510484
1.2739739156337473	-0.0001520549470092795
1.2789739156337472	-0.00015026319777098723
1.2839739156337469	-0.00014810799669784833
1.2889739156337467	-0.0001455151653271555
1.2939739156337464	-0.0001423953859197392
1.2989739156337463	-0.0001386411313093918
1.303973915633746	-0.00013412299175613918
1.3089739156337459	-0.0001286852938472171
1.3139739156337455	-0.00012214089502128668
1.3189739156337454	-0.00011426502760671629
1.3239739156337453	-0.00010478806016837709
1.328973915633745	-9.338704411215623e-5
1.333973915633745	-7.967592376055778e-5
1.3389739156337446	-6.319431379400996e-5
1.3439739156337445	-4.339479612205906e-5
1.3489739156337441	-1.962876774234008e-5
1.353973915633744	8.869007696928778e-6
1.358973915633744	4.2996818261056304e-5
1.3639739156337436	8.38028300717393e-5
1.3689739156337435	0.00013250145765200376
1.3739739156337432	0.00019048805119010085
1.378973915633743	0.000259350271595314
1.3839739156337427	0.0003408741295623374
1.3879804367253072	0.0004167888426067046
1.3919869578168715	0.000503091993637597
1.395993478908436	0.0006010739664684619
1.4	0.0007119706357422805
