0.0006999999999999628	-0.00017510816396350737
0.001403500000000035	-0.0001750971322965809
0.0021105174999999296	-0.00017509633996469866
0.0028210700874998964	-0.00017509568135324585
0.003535175437937438	-0.0001750950207231259
0.004252851315127062	-0.00017509435619660388
0.004974115571702636	-0.00017509368772091838
0.005698986149561044	-0.000175093015268604
0.006427481080308875	-0.0001750923388123468
0.007159618485710418	-0.00017509165832456808
0.007895416578138905	-0.00017509097377743852
0.008634893661029494	-0.00017509028514290593
0.00937806812933463	-0.00017508959239277477
0.010124958469981361	-0.00017508889549850592
0.010875583262331262	-0.00017508819443125257
0.01162996117864295	-0.00017508748916213158
0.012388110984536127	-0.00017508677966182026
0.013150051539458866	-0.00017508606590082565
0.013915801797156208	-0.00017508534784942218
0.014685380806142003	-0.00017508462547753868
0.015458807710172712	-0.0001750838987549775
0.01623610174872358	-0.00017508316765117954
0.017017282257467212	-0.0001750824321353083
0.017802368668754516	-0.00017508169217633526
0.01859138051209827	-0.0001750809477429268
0.019384337414658823	-0.00017508019880347177
0.020181259101732015	-0.00017507944532606427
0.020982165397240727	-0.00017507868727856217
0.02178707622422691	-0.0001750779246285408
0.02259601160534814	-0.00017507715734316014
0.02340899166337483	-0.00017507638538953797
0.024226036621691812	-0.00017507560873429636
0.02504716680480027	-0.00017507482734383114
0.025872402638824326	-0.00017507404118423126
0.02670176465201842	-0.00017507325022126833
0.02753527347527842	-0.00017507245442049043
0.028372949842654864	-0.0001750716537470286
0.0292148145918682	-0.00017507084816572986
0.03006088866482743	-0.00017507003764120937
0.03091119310815165	-0.0001750692221376378
0.0317657490736924	-0.00017506840161895626
0.03262457781906081	-0.0001750675760487171
0.03348770070815601	-0.0001750667453901672
0.034355139211696875	-0.00017506590960624448
0.035226914907755424	-0.00017506506865953955
0.03610304948229413	-0.00017506422251223165
0.03698356472970569	-0.00017506337112632063
0.03786848255335419	-0.00017506251446324137
0.038757824966120964	-0.00017506165248426563
0.03965161409095162	-0.00017506078515009993
0.04054987216140643	-0.0001750599124213142
0.04145262152221345	-0.00017505903425800036
0.04235988462982453	-0.00017505815061987572
0.04327168405297366	-0.00017505726146623216
0.0441880424732386	-0.0001750563667561928
0.04510898268560485	-0.00017505546644819433
0.046034527599032954	-0.00017505456050050864
0.04696470023702812	-0.00017505364887098225
0.04789952373821329	-0.00017505273151700542
0.048839021356904266	-0.00017505180839551604
0.04978321646368884	-0.00017505087946317755
0.05073213254600732	-0.00017504994467624149
0.05168579320873729	-0.00017504900399038992
0.052644222174780875	-0.0001750480573610016
0.05360744328565471	-0.00017504710474306771
0.054575480502083065	-0.0001750461460909426
0.055548357904593434	-0.00017504518135876882
0.056526099694116344	-0.00017504421050018747
0.0575087301925869	-0.0001750432334682707
0.05849627384354973	-0.00017504225021587784
0.05948875521276744	-0.0001750412606950495
0.06048619898883127	-0.0001750402648576861
0.061488629983775384	-0.00017503926265520272
0.06249607313369419	-0.00017503825403828252
0.06350855349936275	-0.00017503723895733204
0.06452609626685958	-0.00017503621736229033
0.06554872674819387	-0.00017503518920239798
0.06657647038193484	-0.00017503415442659108
0.06760935273384447	-0.00017503311298324185
0.06864739949751365	-0.00017503206482019287
0.0696906364950013	-0.00017503100988482608
0.07073908967747639	-0.000175029948123819
0.07179278512586384	-0.00017502887948361092
0.07285174905149322	-0.00017502780390974985
0.0739160077967507	-0.00017502672134756816
0.07498558783573436	-0.00017502563174166485
0.07606051577491299	-0.00017502453503604254
0.07714081835378758	-0.000175023431174235
0.07822652244555647	-0.00017502232009923192
0.07931765505778425	-0.00017502120175332312
0.0804142433330731	-0.0001750200760782534
0.08151631454973848	-0.00017501894301523958
0.08262389612248718	-0.00017501780250468157
0.0837370156030995	-0.00017501665448667016
0.0848557006811149	-0.00017501549890044558
0.0859799791845205	-0.00017501433568473015
0.08710987908044313	-0.00017501316477748453
0.08824542847584534	-0.00017501198611623986
0.08938665561822454	-0.00017501079963760924
0.09053358889631567	-0.00017500960527776381
0.09168625684079722	-0.00017500840297207036
0.09284468812500112	-0.0001750071926552143
0.09400891156562617	-0.00017500597426126858
0.0951789561234543	-0.00017500474772351918
0.09635485090407148	-0.0001750035129746885
0.09753662515859184	-0.00017500226994657538
0.0987243082843847	-0.00017500101857038054
0.09991792982580656	-0.00017499975877656354
0.10111751947493569	-0.0001749984904947738
0.10232310707231031	-0.00017499721365392333
0.1035347226076718	-0.0001749959281822424
0.10475239622071016	-0.00017499463400699733
0.10597615820181366	-0.00017499333105479295
0.10720603899282274	-0.00017499201925149627
0.10844206918778684	-0.00017499069852198792
0.10968427953372567	-0.00017498936879043527
0.1109327009313943	-0.00017498802998016242
0.11218736443605135	-0.0001749866820135274
0.11344830125823162	-0.00017498532481222446
0.11471554276452282	-0.00017498395829692906
0.11598912047834534	-0.00017498258238752467
0.11726906608073695	-0.000174981197002902
0.11855541141114062	-0.00017497980206115262
0.11984818846819621	-0.00017497839747929614
0.12114742941053713	-0.00017497698317350512
0.12245316655758978	-0.00017497555905912276
0.1237654323903777	-0.000174974125050296
0.12508425955232963	-0.00017497268106039516
0.12640968085009122	-0.00017497122700160797
0.1277417292543416	-0.00017496976278523339
0.1290804379006133	-0.0001749682883215944
0.13042584009011637	-0.0001749668035199454
0.1317779692905669	-0.0001749653082882672
0.13313685913701961	-0.00017496380253393095
0.13450254343270476	-0.00017496228616278728
0.13587505614986833	-0.00017496075907985674
0.13725443143061763	-0.00017495922118889446
0.13864070358777073	-0.0001749576723926155
0.14003390710570945	-0.00017495611259261742
0.14143407664123803	-0.00017495454168917692
0.1428412470244442	-0.00017495295958149012
0.1442554532595664	-0.00017495136616758167
0.14567673052586416	-0.00017494976134425439
0.1471051141784935	-0.0001749481450070304
0.14854063974938603	-0.00017494651705017577
0.149983342948133	-0.00017494487736659928
0.15143325966287374	-0.00017494322584815826
0.15289042596118813	-0.00017494156238524248
0.15435487809099402	-0.00017493988686676835
0.15582665248144906	-0.0001749381991805397
0.1573057857438562	-0.0001749364992128628
0.15879231467257537	-0.00017493478684868963
0.16028627624593816	-0.00017493306197149795
0.16178770762716785	-0.00017493132446341246
0.16329664616530362	-0.000174929574204987
0.16481312939613008	-0.0001749278110752761
0.1663371950431107	-0.00017492603495204877
0.16786888101832628	-0.0001749242457112092
0.1694082254234178	-0.0001749224432272981
0.1709552665505349	-0.00017492062737333575
0.17251004288328747	-0.00017491879802053258
0.17407259309770393	-0.00017491695503853684
0.17564295606319252	-0.0001749150982954726
0.17722117084350858	-0.00017491322765763017
0.17880727669772617	-0.00017491134298949502
0.18040131308121476	-0.00017490944415408298
0.18200331964662084	-0.00017490753101238055
0.18361333624485401	-0.00017490560342369826
0.18523140292607826	-0.00017490366124548154
0.18685755994070874	-0.00017490170433328564
0.1884918477404122	-0.00017489973254087535
0.19013430697911424	-0.00017489774571999127
0.1917849785140098	-0.0001748957437203278
0.19344390340657974	-0.00017489372638984974
0.19511112292361268	-0.00017489169357426715
0.1967866785382308	-0.00017488964511733188
0.19847061193092203	-0.0001748875808607303
0.20016296499057665	-0.00017488550064384979
0.20186377981552947	-0.0001748834043041738
0.2035730987146071	-0.0001748812916767202
0.20529096420818022	-0.0001748791625944498
0.20701741902922113	-0.0001748770168879846
0.20875250612436722	-0.0001748748543856474
0.210496268654989	-0.00017487267491339515
0.21224874999826396	-0.0001748704782946437
0.21400999374825516	-0.0001748682643506847
0.21578004371699644	-0.00017486603290001773
0.21755894393558148	-0.00017486378375875097
0.2193467386552594	-0.00017486151674038166
0.22114347234853576	-0.00017485923165583712
0.22294918971027836	-0.00017485692831347522
0.2247639356588297	-0.00017485460651853302
0.2265877553371239	-0.00017485226607401254
0.2284206941138094	-0.0001748499067797643
0.23026279758437848	-0.00017484752843294413
0.23211411157230027	-0.0001748451308275839
0.23397468213016168	-0.00017484271375502584
0.23584455554081238	-0.00017484027700337878
0.23772377831851643	-0.00017483782035773268
0.23961239721010893	-0.0001748353436000791
0.24151045919615952	-0.0001748328465093494
0.24341801149214037	-0.0001748303288608523
0.24533510154960114	-0.00017482779042694385
0.24726177705734917	-0.00017482523097640863
0.24919808594263598	-0.0001748226502747152
0.2511440763723492	-0.00017482004808375845
0.2530997967542111	-0.0001748174241618707
0.25506529573798215	-0.00017481477826378872
0.2570406222166721	-0.00017481211014047028
0.25902582532775553	-0.000174809419539268
0.2610209544543945	-0.0001748067062034288
0.2630260592266663	-0.00017480396987258883
0.2650411895227997	-0.00017480121028200403
0.26706639547041383	-0.0001747984271632844
0.2691017274477658	-0.0001747956202436553
0.2711472360850044	-0.00017479278924595896
0.27320297226542956	-0.00017478993388910416
0.2752689871267568	-0.0001747870538872529
0.2773453320623904	-0.00017478414895029203
0.27943205872270227	-0.00017478121878344665
0.2815292190163157	-0.00017477826308722236
0.28363686511139713	-0.00017477528155746322
0.2857550494369543	-0.00017477227388507148
0.287883824684139	-0.0001747692397561214
0.2900232438075598	-0.0001747661788515223
0.29217336002659744	-0.00017476309084686237
0.2943342268267306	-0.00017475997541289311
0.2965058979608642	-0.00017475683221461504
0.2986884274506685	-0.00017475366091176825
0.3008818695879217	-0.00017475046115826174
0.3030862789358613	-0.00017474723260252592
0.3053017103305407	-0.0001747439748870608
0.30752821888219345	-0.00017474068764840057
0.3097658599766045	-0.0001747373705169986
0.31201468927648746	-0.00017473402311727988
0.3142747627228697	-0.00017473064506693677
0.31654613653648417	-0.00017472723597756546
0.31882886721916665	-0.00017472379545390975
0.32112301155526257	-0.00017472032309415045
0.3234286266130387	-0.00017471681848953583
0.325745769746104	-0.00017471328122401313
0.3280744985948343	-0.0001747097108746198
0.33041487108780826	-0.00017470610701098127
0.3327669454432473	-0.00017470246919504387
0.3351307801704635	-0.0001746987969812116
0.3375064340713156	-0.000174695089916108
0.33989396624167195	-0.00017469134753800002
0.3422934360728803	-0.0001746875693772981
0.3447049032532445	-0.0001746837549558715
0.34712842776951053	-0.00017467990378695742
0.3495640699083581	-0.00017467601537509886
0.3520118902578999	-0.0001746720892158611
0.35447194970918944	-0.00017466812479547897
0.35694430945773536	-0.00017466412159097976
0.35942903100502394	-0.00017466007906976447
0.36192617616004885	-0.0001746559966892266
0.36443580704084905	-0.00017465187389692857
0.3669579860760533	-0.00017464771012996
0.3694927760064337	-0.00017464350481488
0.3720402398864656	-0.0001746392573677012
0.37460044108589774	-0.0001746349671929195
0.37717344329132724	-0.0001746306336842958
0.37975931050778367	-0.00017462625622367825
0.38235810706032236	-0.00017462183418100367
0.3849698975956241	-0.00017461736691430806
0.38759474708360203	-0.00017461285376890373
0.39023272081902005	-0.000174608294077719
0.39288388442311495	-0.00017460368716034667
0.3955483038452304	-0.00017459903232304366
0.39822604536445655	-0.00017459432885857907
0.40091717559127893	-0.00017458957604531557
0.4036217614692354	-0.0001745847731475986
0.4063398702765814	-0.00017457991941476796
0.40907156962796437	-0.0001745750140810471
0.4118169274761041	-0.00017457005636524448
0.41457601211348477	-0.00017456504547033814
0.41734889217405197	-0.00017455998058273154
0.42013563663492237	-0.00017455486087216606
0.4229363148180968	-0.00017454968549139889
0.4257509963921872	-0.0001745444535753787
0.4285797513741481	-0.00017453916424104733
0.431422650131019	-0.00017453381658666286
0.4342797633816742	-0.00017452840969173252
0.4371511621985827	-0.00017452294261589217
0.4400369180095757	-0.00017451741439878252
0.4429371025996235	-0.0001745118240595378
0.44585178811262155	-0.00017450617059594015
0.44878104705318456	-0.0001745004529842127
0.4517249522884503	-0.00017449467017805568
0.4546835770498925	-0.0001744888211083081
0.4576569949351417	-0.00017448290468216992
0.4606452799098173	-0.000174476919782583
0.46364850630936627	-0.00017447086526751573
0.46666674884091325	-0.0001744647399693429
0.46970008258511775	-0.00017445854269414107
0.4727485829980431	-0.00017445227222069536
0.47581232591303324	-0.0001744459273000396
0.47889138754259847	-0.00017443950665460296
0.4819858444803113	-0.000174433008976925
0.48509577370271284	-0.00017442643292953948
0.48822125257122634	-0.00017441977714348358
0.4913623588340824	-0.00017441304021766047
0.49451917062825274	-0.00017440622071768105
0.49769176648139396	-0.0001743993171754388
0.5008802253138008	-0.00017439232808688732
0.50408462644037	-0.00017438525191243437
0.5073050495725719	-0.00017437808707467287
0.5105415748204347	-0.0001743708319581197
0.513794282694537	-0.0001743634849070574
0.5170632541080095	-0.00017435604422529318
0.5203485703785496	-0.0001743485081740818
0.5236503132304423	-0.00017434087497146392
0.5269685647965943	-0.0001743331427903171
0.530303407620577	-0.00017432530975724898
0.5336549246586798	-0.0001743173739507321
0.5370231992819733	-0.00017430933340041918
0.5404083152783831	-0.000174301186084343
0.5438103568547752	-0.00017429292992796928
0.5472294086390488	-0.0001742845628025134
0.5506655556822441	-0.00017427608252262793
0.5541188834606553	-0.000174267486844989
0.5575894778779587	-0.00017425877346582987
0.5610774252673482	-0.00017424994001937976
0.5645828123936848	-0.00017424098407542503
0.5681057264556529	-0.00017423190313697068
0.5716462550879313	-0.00017422269463807883
0.575204486363371	-0.00017421335594169042
0.5787805087951877	-0.00017420388433614172
0.5823744113391636	-0.0001741942770335729
0.5859862833958592	-0.00017418453116654486
0.5896162148128385	-0.00017417464378487356
0.5932642958869029	-0.00017416461185340486
0.5969306173663373	-0.00017415443224780527
0.6006152704531689	-0.00017414410175169433
0.6043183468054348	-0.00017413361705341605
0.6080399385394619	-0.00017412297474154803
0.6117801382321592	-0.00017411217130107248
0.6155390389233196	-0.00017410120311030434
0.6193167341179363	-0.00017409006643496163
0.623113317788526	-0.00017407875742469516
0.6269288843774687	-0.00017406727210785575
0.6307635287993559	-0.0001740556063863249
0.6346173464433525	-0.00017404375603012728
0.6384904331755692	-0.0001740317166716795
0.642382885341447	-0.0001740194837996762
0.6462947997681542	-0.00017400705275239713
0.6502262737669948	-0.0001739944187112037
0.6541774051358298	-0.00017398157669300254
0.6581482921615086	-0.00017396852154182344
0.6621390336223161	-0.000173955247921494
0.6661497287904276	-0.00017394175030543748
0.6701804774343794	-0.00017392802296808051
0.6742313798215511	-0.00017391405997353886
0.678302536720659	-0.00017389985516463516
0.6823940494042624	-0.00017388540215164448
0.6865060196512838	-0.00017387069429813202
0.6906385497495403	-0.00017385572470712823
0.694791742498288	-0.00017384048620621643
0.6989657012107795	-0.00017382497133018235
0.7031605297168335	-0.00017380917230300417
0.7073763323654175	-0.0001737930810184962
0.7116132140272448	-0.00017377668901783858
0.7158712800973807	-0.00017375998746572177
0.7201506364978674	-0.00017374296712517997
0.7244513896803564	-0.00017372561832714446
0.728773646628758	-0.00017370793093978289
0.7331175148619017	-0.00017368989433318692
0.7374831024362114	-0.00017367149733966335
0.7418705179483922	-0.00017365272821120113
0.7462798705381343	-0.0001736335745712733
0.750711269890825	-0.00017361402336083504
0.7551648262402791	-0.00017359406077910905
0.7596406503714807	-0.00017357367221562843
0.7641388536233382	-0.0001735528421768223
0.7686595478914547	-0.00017353155420033944
0.773202845630912	-0.0001735097907613976
0.7777688598590664	-0.00017348753316603376
0.7823577041583616	-0.00017346476143021865
0.7869694926791535	-0.00017344145414536252
0.7916043401425493	-0.00017341758832285886
0.796262361843262	-0.00017339313922122896
0.8009436736524783	-0.00017336808014769184
0.8056483920207407	-0.00017334238223306635
0.8103766339808444	-0.0001733160141760765
0.8151285171507487	-0.00017328894195200293
0.8199041597365022	-0.00017326112847932334
0.8247036805351848	-0.0001732325332403647
0.8295271989378608	-0.0001732031118461253
0.8343748349325502	-0.00017317281554013697
0.8392467091072129	-0.00017314159062824765
0.844142942652749	-0.00017310937782683306
0.8490636573660127	-0.00017307611151342055
0.8540089756528428	-0.00017304171886953863
0.8589790205311072	-0.00017300611889236095
0.8639739156337627	-0.00017296922126217224
0.8689739156337625	-0.00017293107769274292
0.8739739156337623	-0.00017289163427397438
0.878973915633762	-0.00017285078896844852
0.8839739156337618	-0.00017280842772515154
0.8889739156337617	-0.00017276442340050707
0.8939739156337615	-0.00017271863413252533
0.8989739156337613	-0.00017267090150916684
0.9039739156337611	-0.0001726210485103135
0.9089739156337608	-0.00017256887719207303
0.9139739156337606	-0.00017251416608070634
0.9189739156337604	-0.0001724566672398954
0.9239739156337602	-0.00017239610296669933
0.9289739156337601	-0.00017233216206850649
0.9339739156337599	-0.0001722644956638919
0.9389739156337596	-0.00017219271244254132
0.9439739156337594	-0.0001721163733101083
0.9489739156337592	-0.00017203498533299009
0.953973915633759	-0.0001719479948821796
0.9589739156337588	-0.00017185477986523612
0.9639739156337586	-0.0001717546409142342
0.9689739156337585	-0.00017164679137926425
0.9739739156337582	-0.00017153034595268705
0.978973915633758	-0.00017140430772625688
0.9839739156337578	-0.00017126755344558486
0.9889739156337576	-0.000171118816698886
0.9939739156337574	-0.0001709566687284874
0.9989739156337571	-0.00017077949650843728
1.003973915633757	-0.0001705854776772868
1.0089739156337567	-0.00017037255184421617
1.0139739156337566	-0.00017013838771554602
1.0189739156337563	-0.00016988034540106741
1.0239739156337562	-0.0001695954331482866
1.028973915633756	-0.00016928025764338355
1.0339739156337557	-0.00016893096686738634
1.0389739156337556	-0.00016854318433823448
1.0439739156337553	-0.0001681119333744227
1.0489739156337552	-0.000167631549793558
1.0539739156337549	-0.0001670955811995884
1.0589739156337548	-0.0001664966707035514
1.0639739156337544	-0.00016582642257633592
1.0689739156337543	-0.00016507524690913524
1.0739739156337542	-0.00016423217988388578
1.0789739156337539	-0.00016328467569358735
1.0839739156337538	-0.00016221836550404725
1.0889739156337535	-0.00016101677809849023
1.0939739156337533	-0.0001596610159780086
1.098973915633753	-0.00015812937968288893
1.103973915633753	-0.00015639693196332785
1.1089739156337528	-0.000154434992093426
1.1139739156337525	-0.00015221054913357955
1.1189739156337524	-0.00014968558123989
1.123973915633752	-0.00014681626620146148
1.128973915633752	-0.00014355206624876016
1.1339739156337516	-0.0001398346678055288
1.1389739156337515	-0.0001355967542665986
1.1439739156337512	-0.00013076058708886987
1.148973915633751	-0.00012523636753207523
1.153973915633751	-0.00011892034832259134
1.1589739156337506	-0.00011169266146288487
1.1639739156337505	-0.00010341482547678234
1.1689739156337502	-9.392689276239466e-5
1.17397391563375	-8.304419564815164e-5
1.1789739156337498	-7.055364849648898e-5
1.1839739156337497	-5.6209563100097234e-5
1.1889739156337495	-3.972893605615453e-5
1.1939739156337492	-2.0786170155097813e-5
1.197980436725312	-3.57824604895241e-6
1.2019869578168745	1.5665703138544466e-5
1.2059934789084372	3.7189914340116525e-5
1.21	6.126447666950732e-5
