0.0006999999999999628	-0.00017501667180652388
0.001403500000000035	-0.00017500620338447407
0.0021105174999999296	-0.00017500601394601734
0.0028210700874998964	-0.00017500596559768
0.003535175437937438	-0.00017500591898275252
0.004252851315127062	-0.00017500587217737098
0.004974115571702636	-0.00017500582515377752
0.005698986149561044	-0.00017500577791070918
0.006427481080308875	-0.00017500573044707535
0.007159618485710418	-0.0001750056827620453
0.007895416578138905	-0.00017500563485462874
0.008634893661029494	-0.00017500558672385388
0.00937806812933463	-0.00017500553836872573
0.010124958469981361	-0.0001750054897882913
0.010875583262331262	-0.0001750054409815355
0.01162996117864295	-0.00017500539194758498
0.012388110984536127	-0.0001750053426853349
0.013150051539458866	-0.00017500529319386854
0.013915801797156208	-0.00017500524347215565
0.014685380806142003	-0.00017500519351925308
0.015458807710172712	-0.00017500514333404867
0.01623610174872358	-0.00017500509291565382
0.017017282257467212	-0.00017500504226303665
0.017802368668754516	-0.0001750049913751645
0.01859138051209827	-0.0001750049402510336
0.019384337414658823	-0.00017500488888962784
0.020181259101732015	-0.00017500483728985706
0.020982165397240727	-0.000175004785450818
0.02178707622422691	-0.00017500473337143835
0.02259601160534814	-0.0001750046810505763
0.02340899166337483	-0.00017500462848736654
0.024226036621691812	-0.00017500457568067
0.02504716680480027	-0.0001750045226294413
0.025872402638824326	-0.0001750044693326444
0.02670176465201842	-0.00017500441578924473
0.02753527347527842	-0.00017500436199816336
0.028372949842654864	-0.00017500430795834286
0.0292148145918682	-0.00017500425366870294
0.03006088866482743	-0.00017500419912821742
0.03091119310815165	-0.0001750041443357863
0.0317657490736924	-0.00017500408929031278
0.03262457781906081	-0.0001750040339907157
0.03348770070815601	-0.0001750039784359617
0.034355139211696875	-0.00017500392262495242
0.035226914907755424	-0.00017500386655648205
0.03610304948229413	-0.00017500381022967628
0.03698356472970569	-0.00017500375364320767
0.03786848255335419	-0.00017500369679606775
0.038757824966120964	-0.00017500363968715827
0.03965161409095162	-0.00017500358231534
0.04054987216140643	-0.00017500352467951706
0.04145262152221345	-0.00017500346677849885
0.04235988462982453	-0.00017500340861126472
0.04327168405297366	-0.0001750033501766275
0.0441880424732386	-0.00017500329147341563
0.04510898268560485	-0.0001750032325005313
0.046034527599032954	-0.00017500317325683126
0.04696470023702812	-0.0001750031137411599
0.04789952373821329	-0.00017500305395242704
0.048839021356904266	-0.0001750029938893487
0.04978321646368884	-0.00017500293355082942
0.05073213254600732	-0.00017500287293572748
0.05168579320873729	-0.00017500281204279933
0.052644222174780875	-0.0001750027508709947
0.05360744328565471	-0.00017500268941901106
0.054575480502083065	-0.00017500262768568772
0.05554835790459365	-0.00017500256566989285
0.05652609969411678	-0.00017500250337039095
0.05750873019258755	-0.00017500244078595892
0.05849627384355038	-0.00017500237791548995
0.05948875521276831	-0.000175002314757692
0.060486198988831924	-0.0001750022513113447
0.061488629983776036	-0.00017500218757530723
0.062496073133695054	-0.00017500212354831394
0.06350855349936363	-0.00017500205922907458
0.06452609626686023	-0.00017500199461642778
0.06554872674819473	-0.0001750019297091516
0.0665764703819355	-0.0001750018645059827
0.06760935273384511	-0.00017500179900570135
0.06864739949751451	-0.0001750017332070437
0.06969063649500218	-0.000175001667108662
0.07073908967747725	-0.00017500160070942327
0.07179278512586448	-0.00017500153400804784
0.07285174905149387	-0.0001750014670032209
0.07391600779675113	-0.00017500139969364308
0.07498558783573481	-0.00017500133207804384
0.07606051577491364	-0.00017500126415527346
0.07714081835378801	-0.0001750011959238386
0.0782265224455569	-0.00017500112738256382
0.07931765505778446	-0.0001750010585300745
0.08041424333307354	-0.00017500098936511148
0.08151631454973869	-0.00017500091988639004
0.08262389612248718	-0.0001750008500925534
0.08373701560309972	-0.00017500077998226766
0.08485570068111534	-0.0001750007095542182
0.08597997918452092	-0.00017500063880707958
0.08710987908044335	-0.00017500056773949888
0.08824542847584554	-0.0001750004963501171
0.08938665561822474	-0.00017500042463757507
0.0905335888963159	-0.00017500035260060035
0.09168625684079766	-0.00017500028023774452
0.09284468812500156	-0.00017500020754766227
0.09400891156562662	-0.0001750001345289521
0.09517895612345495	-0.00017500006118027246
0.09635485090407213	-0.00017499998750020342
0.09753662515859228	-0.00017499991348739495
0.09872430828438533	-0.00017499983914044413
0.09991792982580742	-0.00017499976445787803
0.10111751947493633	-0.00017499968943832927
0.10232310707231096	-0.0001749996140803828
0.10353472260767245	-0.00017499953838264756
0.1047523962207106	-0.000174999462343621
0.1059761582018141	-0.0001749993859619052
0.10720603899282295	-0.00017499930923606783
0.10844206918778705	-0.0001749992321646022
0.10968427953372589	-0.00017499915474612743
0.11093270093139453	-0.00017499907697912182
0.11218736443605157	-0.00017499899886214438
0.11344830125823162	-0.00017499892039365904
0.11471554276452282	-0.00017499884157227722
0.11598912047834534	-0.0001749987623964184
0.11726906608073716	-0.00017499868286458467
0.11855541141114084	-0.00017499860297536058
0.11984818846819666	-0.0001749985227271621
0.12114742941053756	-0.00017499844211844748
0.12245316655759021	-0.0001749983611477403
0.12376543239037813	-0.00017499827981341462
0.12508425955233007	-0.00017499819811403055
0.12640968085009188	-0.0001749981160480417
0.12774172925434224	-0.00017499803361373467
0.12908043790061416	-0.00017499795080973474
0.13042584009011704	-0.00017499786763428715
0.13177796929056776	-0.00017499778408587596
0.1331368591370207	-0.00017499770016298562
0.13450254343270562	-0.00017499761586386422
0.13587505614986897	-0.0001749975311870202
0.1372544314306183	-0.00017499744613079586
0.13864070358777136	-0.00017499736069348843
0.14003390710571012	-0.00017499727487358538
0.14143407664123844	-0.00017499718866939204
0.14284124702444484	-0.0001749971020791866
0.14425545325956707	-0.00017499701510140738
0.1456767305258648	-0.00017499692773424564
0.14710511417849395	-0.00017499683997611375
0.14854063974938644	-0.00017499675182524444
0.14998334294813345	-0.0001749966632800069
0.1514332596628742	-0.00017499657433862127
0.15289042596118857	-0.00017499648499947089
0.15435487809099444	-0.00017499639526069537
0.15582665248144925	-0.00017499630512050505
0.15730578574385642	-0.00017499621457730389
0.1587923146725756	-0.00017499612362919511
0.1602862762459386	-0.0001749960322744163
0.1617877076271685	-0.00017499594051123996
0.16329664616530448	-0.0001749958483377945
0.16481312939613094	-0.0001749957557522501
0.16633719504311156	-0.00017499566275283176
0.16786888101832692	-0.00017499556933763124
0.16940822542341866	-0.0001749954755048922
0.17095526655053575	-0.00017499538125256375
0.17251004288328856	-0.00017499528657896255
0.1740725930977048	-0.0001749951914821736
0.1756429560631934	-0.00017499509596011494
0.17722117084350925	-0.0001749950000110692
0.17880727669772659	-0.00017499490363298358
0.18040131308121543	-0.0001749948068238722
0.18200331964662148	-0.00017499470958189334
0.18361333624485465	-0.00017499461190500465
0.18523140292607912	-0.00017499451379120707
0.18685755994070938	-0.0001749944152384394
0.18849184774041308	-0.00017499431624481328
0.19013430697911532	-0.00017499421680817906
0.19178497851401088	-0.00017499411692644022
0.19344390340658082	-0.00017499401659770128
0.19511112292361377	-0.00017499391581967232
0.1967866785382319	-0.0001749938145903084
0.19847061193092289	-0.00017499371290758883
0.2001629649905775	-0.00017499361076923312
0.20186377981553055	-0.00017499350817305908
0.20357309871460819	-0.0001749934051170294
0.2052909642081813	-0.00017499330159885879
0.207017419029222	-0.00017499319761623593
0.20875250612436788	-0.00017499309316709556
0.21049626865498966	-0.0001749929882490939
0.21224874999826462	-0.00017499288285991596
0.21400999374825602	-0.00017499277699732226
0.2157800437169973	-0.00017499267065893643
0.21755894393558234	-0.00017499256384240422
0.21934673865526005	-0.00017499245654541498
0.2211434723485364	-0.00017499234876551517
0.22294918971027902	-0.00017499224050032114
0.22476393565883038	-0.0001749921317474032
0.22658775533712455	-0.00017499202250420513
0.22842069411381005	-0.00017499191276829768
0.23026279758437915	-0.00017499180253728217
0.23211411157230094	-0.0001749916918084726
0.23397468213016254	-0.0001749915805792364
0.23584455554081346	-0.0001749914688471612
0.23772377831851751	-0.000174991356609502
0.23961239721011024	-0.00017499124386360286
0.24151045919616082	-0.00017499113060681092
0.24341801149214168	-0.00017499101683643464
0.24533510154960245	-0.00017499090254961827
0.24726177705735047	-0.00017499078774369154
0.2491980859426373	-0.00017499067241582084
0.25114407637235053	-0.0001749905565631877
0.2530997967542124	-0.0001749904401827774
0.2550652957379834	-0.00017499032327183013
0.2570406222166734	-0.00017499020582735058
0.25902582532775686	-0.00017499008784629236
0.26102095445439577	-0.00017498996932576767
0.2630260592266676	-0.00017498985026256257
0.26504118952280104	-0.00017498973065374065
0.26706639547041516	-0.00017498961049601958
0.26910172744776706	-0.00017498948978629544
0.27114723608500574	-0.00017498936852122112
0.2732029722654309	-0.0001749892466977054
0.2752689871267581	-0.00017498912431237806
0.2773453320623917	-0.0001749890013617734
0.2794320587227036	-0.00017498887784268204
0.281529219016317	-0.00017498875375150736
0.2836368651113984	-0.00017498862908474567
0.28575504943695557	-0.0001749885038389142
0.28788382468414025	-0.00017498837801047172
0.2900232438075611	-0.00017498825159560348
0.29217336002659877	-0.00017498812459071603
0.29433422682673194	-0.00017498799699198665
0.29650589796086546	-0.0001749878687956776
0.29868842745066976	-0.00017498773999776316
0.30088186958792296	-0.00017498761059445673
0.30308627893586265	-0.00017498748058165944
0.305301710330542	-0.00017498734995541587
0.3075282188821948	-0.00017498721871149497
0.30976585997660583	-0.00017498708684571317
0.31201468927648873	-0.00017498695435391203
0.31427476272287097	-0.00017498682123164163
0.3165461365364855	-0.00017498668747445976
0.318828867219168	-0.00017498655307811648
0.3211230115552639	-0.0001749864180378551
0.32342862661304006	-0.00017498628234910622
0.3257457697461053	-0.00017498614600713886
0.32807449859483556	-0.00017498600900723712
0.33041487108780954	-0.00017498587134444541
0.3327669454432486	-0.00017498573301382716
0.33513078017046477	-0.00017498559401033683
0.33750643407131686	-0.00017498545432880603
0.33989396624167323	-0.00017498531396406208
0.3422934360728816	-0.00017498517291069743
0.34470490325324576	-0.00017498503116336874
0.3471284277695118	-0.00017498488871645133
0.34956406990835936	-0.00017498474556435726
0.3520118902579012	-0.00017498460170131206
0.3544719497091907	-0.00017498445712148632
0.35694430945773664	-0.00017498431181882138
0.3594290310050252	-0.00017498416578747887
0.36192617616005013	-0.00017498401902097698
0.3644358070408504	-0.00017498387151314705
0.36695798607605457	-0.0001749837232573853
0.36949277600643504	-0.00017498357424722508
0.37204023988646695	-0.00017498342447589205
0.374600441085899	-0.00017498327393663764
0.3771734432913285	-0.0001749831226222733
0.379759310507785	-0.00017498297052568118
0.3823581070603237	-0.00017498281763965895
0.3849698975956254	-0.00017498266395674046
0.3875947470836033	-0.000174982509469218
0.39023272081902133	-0.00017498235416934038
0.3928838844231162	-0.0001749821980491434
0.39554830384523165	-0.00017498204110049376
0.3982260453644579	-0.000174981883315083
0.4009171755912802	-0.00017498172468455403
0.4036217614692367	-0.00017498156519992977
0.4063398702765827	-0.00017498140485250249
0.40907156962796565	-0.00017498124363321755
0.41181692747610543	-0.00017498108153267186
0.41457601211348605	-0.00017498091854140527
0.4173488921740533	-0.00017498075464959844
0.4201356366349237	-0.00017498058984739985
0.42293631481809807	-0.0001749804241245186
0.4257509963921885	-0.00017498025747051676
0.42857975137414944	-0.00017498008987471234
0.4314226501310203	-0.0001749799213261311
0.43427976338167545	-0.00017497975181337384
0.43715116219858396	-0.0001749795813252825
0.440036918009577	-0.00017497940984977667
0.44293710259962477	-0.00017497923737478375
0.4458517881126228	-0.00017497906388807134
0.4487810470531859	-0.00017497888937684932
0.45172495228845155	-0.00017497871382778798
0.45468357704989376	-0.0001749785372279395
0.45765699493514306	-0.00017497835956343478
0.46064527990981863	-0.00017497818082009837
0.4636485063093676	-0.00017497800098356238
0.4666667488409145	-0.00017497782003894104
0.4697000825851191	-0.00017497763797093554
0.4727485829980444	-0.00017497745476398742
0.4758123259130346	-0.00017497727040218896
0.47889138754259974	-0.0001749770848687783
0.4819858444803126	-0.00017497689814685875
0.4850957737027142	-0.00017497671021897177
0.48822125257122767	-0.0001749765210673937
0.49136235883408375	-0.00017497633067355963
0.49451917062825407	-0.00017497613901844175
0.49769176648139524	-0.00017497594608276225
0.5008802253138022	-0.0001749757518464346
0.5040846264403713	-0.00017497555628875867
0.5073050495725733	-0.00017497535938861678
0.510541574820436	-0.00017497516112418334
0.5137942826945383	-0.00017497496147295732
0.5170632541080108	-0.0001749747604117739
0.520348570378551	-0.00017497455791692812
0.5236503132304436	-0.00017497435396386424
0.5269685647965956	-0.00017497414852712495
0.5303034076205784	-0.0001749739415809463
0.5336549246586811	-0.00017497373309819527
0.5370231992819746	-0.00017497352305145087
0.5404083152783844	-0.00017497331141200787
0.5438103568547764	-0.00017497309815055534
0.5472294086390501	-0.00017497288323668766
0.5506655556822453	-0.00017497266663923206
0.5541188834606565	-0.00017497244832565358
0.5575894778779599	-0.0001749722282628055
0.5610774252673494	-0.0001749720064160377
0.564582812393686	-0.000174971782750155
0.5681057264556543	-0.000174971557228159
0.5716462550879327	-0.00017497132981217326
0.5752044863633723	-0.00017497110046316473
0.578780508795189	-0.00017497086914045325
0.5823744113391649	-0.0001749706358022429
0.5859862833958606	-0.0001749704004052378
0.5896162148128399	-0.0001749701629047467
0.5932642958869042	-0.00017496992325437334
0.5969306173663387	-0.0001749696814062197
0.6006152704531702	-0.00017496943731073095
0.6043183468054361	-0.0001749691909165037
0.6080399385394633	-0.00017496894217043974
0.6117801382321605	-0.00017496869101760792
0.615539038923321	-0.00017496843740068873
0.6193167341179376	-0.00017496818126077907
0.6231133177885273	-0.00017496792253646036
0.6269288843774701	-0.00017496766116435015
0.6307635287993573	-0.0001749673970786264
0.6346173464433539	-0.00017496713021071102
0.6384904331755705	-0.00017496686048987313
0.6423828853414483	-0.0001749665878425827
0.6462947997681555	-0.00017496631219215522
0.6502262737669962	-0.00017496603345940113
0.6541774051358311	-0.00017496575156195638
0.6581482921615099	-0.00017496546641389363
0.6621390336223173	-0.0001749651779264431
0.6661497287904288	-0.00017496488600683978
0.6701804774343807	-0.00017496459055868708
0.6742313798215525	-0.0001749642914820769
0.6783025367206603	-0.000174963988672411
0.6823940494042636	-0.0001749636820211665
0.6865060196512851	-0.00017496337141523728
0.6906385497495416	-0.00017496305673697085
0.6947917424982893	-0.00017496273786342736
0.6989657012107808	-0.00017496241466646915
0.7031605297168348	-0.00017496208701268048
0.7073763323654189	-0.00017496175476271273
0.7116132140272461	-0.0001749614177711903
0.715871280097382	-0.00017496107588630595
0.7201506364978687	-0.00017496072894939162
0.7244513896803577	-0.00017496037679475717
0.7287736466287593	-0.00017496001924920533
0.733117514861903	-0.0001749596561315906
0.7374831024362126	-0.00017495928725203163
0.7418705179483935	-0.00017495891241252128
0.7462798705381356	-0.0001749585314050741
0.7507112698908263	-0.0001749581440118349
0.7551648262402804	-0.00017495775000497758
0.759640650371482	-0.00017495734914484446
0.7641388536233394	-0.00017495694118054519
0.7686595478914561	-0.0001749565258486818
0.7732028456309133	-0.00017495610287203902
0.7777688598590677	-0.00017495567196023699
0.7823577041583629	-0.00017495523280719127
0.7869694926791548	-0.0001749547850912818
0.7916043401425507	-0.00017495432847388365
0.7962623618432633	-0.00017495386259836962
0.8009436736524796	-0.00017495338708880864
0.805648392020742	-0.0001749529015489966
0.8103766339808457	-0.00017495240556052462
0.81512851715075	-0.00017495189868179742
0.8199041597365035	-0.00017495138044641028
0.8247036805351862	-0.00017495085036065648
0.8295271989378621	-0.00017495030790243805
0.8343748349325514	-0.00017494975251851236
0.8392467091072142	-0.00017494918362306883
0.8441429426527504	-0.0001749486005939986
0.849063657366014	-0.0001749480027712581
0.8540089756528442	-0.00017494738945336876
0.8589790205311084	-0.0001749467598938588
0.863973915633764	-0.00017494611329802858
0.8689739156337638	-0.00017494545029178907
0.8739739156337636	-0.000174944771690096
0.8789739156337634	-0.00017494407709807753
0.8839739156337632	-0.00017494336577880218
0.8889739156337629	-0.00017494263695063233
0.8939739156337627	-0.0001749418897851548
0.8989739156337626	-0.00017494112340225368
0.9039739156337624	-0.00017494033686580657
0.9089739156337622	-0.00017493952917990686
0.913973915633762	-0.00017493869928205825
0.9189739156337617	-0.00017493784603830057
0.9239739156337615	-0.00017493696823571097
0.9289739156337613	-0.00017493606457469563
0.9339739156337611	-0.00017493513366107375
0.938973915633761	-0.00017493417399542662
0.9439739156337608	-0.00017493318396247308
0.9489739156337605	-0.0001749321618179942
0.9539739156337603	-0.00017493110567483192
0.9589739156337601	-0.00017493001348601578
0.9639739156337599	-0.000174928883024906
0.9689739156337597	-0.0001749277118646693
0.9739739156337595	-0.00017492649735052827
0.9789739156337594	-0.00017492523657296156
0.9839739156337591	-0.00017492392633067837
0.9889739156337589	-0.00017492256309184387
0.9939739156337587	-0.0001749211429470785
0.9989739156337585	-0.0001749196615544513
1.0039739156337584	-0.0001749181140747544
1.008973915633758	-0.0001749164950963608
1.013973915633758	-0.0001749147985455384
1.0189739156337576	-0.00017491301758127718
1.0239739156337575	-0.000174911144470496
1.0289739156337572	-0.0001749091704406102
1.033973915633757	-0.00017490708550411805
1.038973915633757	-0.0001749048782508067
1.0439739156337566	-0.00017490253559967396
1.0489739156337565	-0.00017490004250416473
1.0539739156337562	-0.0001748973816002327
1.058973915633756	-0.00017489453278630562
1.0639739156337558	-0.0001748914727200387
1.0689739156337557	-0.00017488817421802228
1.0739739156337553	-0.0001748846055363916
1.0789739156337552	-0.00017488072950714838
1.0839739156337551	-0.00017487650250394936
1.0889739156337548	-0.00017487187320086608
1.0939739156337547	-0.00017486678108007145
1.0989739156337544	-0.00017486115464034917
1.1039739156337542	-0.0001748549092426788
1.108973915633754	-0.00017484794451809408
1.1139739156337538	-0.00017484014124927405
1.1189739156337537	-0.00017483135761639106
1.1239739156337534	-0.00017482142467587988
1.1289739156337533	-0.00017481014091484117
1.133973915633753	-0.00017479726568930554
1.1389739156337528	-0.00017478251131605474
1.1439739156337525	-0.00017476553354145764
1.1489739156337524	-0.00017474592004907568
1.153973915633752	-0.00017472317660686905
1.158973915633752	-0.00017469671036076265
1.1639739156337519	-0.00017466580969145156
1.1689739156337515	-0.00017462961992616337
1.1739739156337514	-0.00017458711405037938
1.178973915633751	-0.00017453705739724242
1.183973915633751	-0.0001744779650754705
1.1889739156337507	-0.0001744080506495891
1.1939739156337505	-0.0001743251642862334
1.1989739156337504	-0.0001742267182079414
1.2039739156337501	-0.00017410959687099424
1.20897391563375	-0.0001739700487474051
1.2139739156337497	-0.00017380355596203817
1.2189739156337496	-0.00017360467726774536
1.2239739156337492	-0.00017336685891767046
1.2289739156337491	-0.00017308220686827557
1.2339739156337488	-0.00017274121238457826
1.2389739156337487	-0.00017233242146754376
1.2439739156337486	-0.00017184203649829797
1.2489739156337483	-0.00017125343604537093
1.2539739156337482	-0.00017054659579198187
1.2589739156337478	-0.0001696973899185591
1.2639739156337477	-0.00016867674789118776
1.2689739156337474	-0.00016744963633809904
1.2739739156337473	-0.00016597382938725018
1.2789739156337472	-0.00016419842334273633
1.2839739156337469	-0.00016206204272493175
1.2889739156337467	-0.00015949067431052588
1.2939739156337464	-0.0001563950536935078
1.2989739156337463	-0.00015266751484466803
1.303973915633746	-0.00014817819699784862
1.3089739156337459	-0.0001427704847806964
1.3139739156337455	-0.0001362555368197345
1.3189739156337454	-0.00012840573525545627
1.3239739156337453	-0.00011894686419227164
1.328973915633745	-0.00010754880011338351
1.333973915633745	-9.381447343748283e-5
1.3389739156337446	-7.72668404576783e-5
1.3439739156337445	-5.7333593061516056e-5
1.3489739156337441	-3.3329335883741616e-5
1.353973915633744	-4.434985300270992e-6
1.358973915633744	3.032579679032484e-5
1.3639739156337436	7.211321457818109e-5
1.3689739156337435	0.00012230090244390388
1.3739739156337432	0.00018250808897613338
1.378973915633743	0.00025463364118443653
1.3839739156337427	0.00034089077741151217
1.3879804367253072	0.0004220737513909079
1.3919869578168715	0.0005153147023580955
1.395993478908436	0.0006224112681401317
1.4	0.0007451892562449932
