0.0006999999999999628	-0.00017468150988786591
0.001403500000000035	-0.0001746705040844813
0.0021105174999999296	-0.00017466982837485782
0.0028210700874998964	-0.0001746692902785705
0.003535175437937438	-0.00017466875090864017
0.004252851315127062	-0.000174668208332994
0.004974115571702636	-0.0001746676625025269
0.005698986149561044	-0.00017466711339414744
0.006427481080308875	-0.00017466656098497654
0.007159618485710418	-0.00017466600525209148
0.007895416578138905	-0.00017466544617199826
0.008634893661029494	-0.00017466488372132894
0.00937806812933463	-0.00017466431787641057
0.010124958469981361	-0.00017466374861334607
0.010875583262331262	-0.0001746631759080967
0.01162996117864295	-0.00017466259973630317
0.012388110984536127	-0.0001746620200735514
0.013150051539458866	-0.00017466143689503046
0.013915801797156208	-0.0001746608501758472
0.014685380806142003	-0.00017466025989076276
0.015458807710172712	-0.00017465966601454123
0.01623610174872358	-0.00017465906852152935
0.017017282257467212	-0.00017465846738580468
0.017802368668754516	-0.0001746578625814304
0.01859138051209827	-0.00017465725408203644
0.019384337414658823	-0.00017465664186116416
0.020181259101732015	-0.00017465602589196615
0.020982165397240727	-0.0001746554061475675
0.02178707622422691	-0.000174654782600657
0.02259601160534814	-0.0001746541552236989
0.02340899166337483	-0.00017465352398909252
0.024226036621691812	-0.00017465288886877122
0.02504716680480027	-0.00017465224983451448
0.025872402638824326	-0.00017465160685780238
0.02670176465201842	-0.00017465095990996577
0.02753527347527842	-0.00017465030896188038
0.028372949842654864	-0.00017464965398436357
0.0292148145918682	-0.00017464899494783437
0.03006088866482743	-0.00017464833182249365
0.03091119310815165	-0.0001746476645782301
0.0317657490736924	-0.00017464699318466055
0.03262457781906081	-0.0001746463176112239
0.03348770070815601	-0.00017464563782691758
0.034355139211696875	-0.00017464495380048348
0.035226914907755424	-0.00017464426550050602
0.03610304948229413	-0.00017464357289518142
0.03698356472970569	-0.00017464287595232448
0.03786848255335419	-0.0001746421746396429
0.038757824966120964	-0.00017464146892433787
0.03965161409095162	-0.00017464075877343652
0.04054987216140643	-0.00017464004415362574
0.04145262152221345	-0.00017463932503123034
0.04235988462982453	-0.00017463860137234742
0.04327168405297366	-0.00017463787314268538
0.0441880424732386	-0.00017463714030763097
0.04510898268560485	-0.00017463640283220543
0.046034527599032954	-0.00017463566068116385
0.04696470023702812	-0.0001746349138188803
0.04789952373821329	-0.00017463416220950555
0.048839021356904266	-0.00017463340581652326
0.04978321646368884	-0.00017463264460353115
0.05073213254600732	-0.00017463187853331827
0.05168579320873729	-0.0001746311075686329
0.052644222174780875	-0.00017463033167168098
0.05360744328565471	-0.00017462955080440364
0.054575480502083065	-0.00017462876492833437
0.055548357904593434	-0.00017462797400460013
0.056526099694116344	-0.000174627177993935
0.0575087301925869	-0.00017462637685675917
0.05849627384354973	-0.00017462557055303768
0.05948875521276744	-0.0001746247590424094
0.06048619898883127	-0.0001746239422839126
0.061488629983775384	-0.00017462312023650253
0.06249607313369419	-0.0001746222928584666
0.06350855349936275	-0.0001746214601077383
0.06452609626685958	-0.00017462062194186255
0.06554872674819387	-0.0001746197783180192
0.06657647038193484	-0.00017461892919273136
0.06760935273384447	-0.00017461807452219901
0.06864739949751365	-0.00017461721426237112
0.0696906364950013	-0.00017461634836848746
0.07073908967747639	-0.00017461547679548437
0.07179278512586384	-0.00017461459949760167
0.07285174905149322	-0.00017461371642896192
0.0739160077967507	-0.00017461282754292323
0.07498558783573436	-0.00017461193279245694
0.07606051577491299	-0.00017461103213030243
0.07714081835378758	-0.0001746101255081386
0.07822652244555647	-0.00017460921287759676
0.07931765505778425	-0.000174608294189719
0.0804142433330731	-0.0001746073693949693
0.08151631454973848	-0.00017460643844332134
0.08262389612248718	-0.00017460550128418586
0.0837370156030995	-0.0001746045578664945
0.0848557006811149	-0.00017460360813860537
0.0859799791845205	-0.00017460265204828705
0.08710987908044313	-0.0001746016895429052
0.08824542847584534	-0.00017460072056904913
0.08938665561822454	-0.00017459974507292428
0.09053358889631567	-0.00017459876300003762
0.09168625684079722	-0.0001745977742953545
0.09284468812500112	-0.00017459677890331035
0.09400891156562617	-0.0001745957767675324
0.0951789561234543	-0.00017459476783125255
0.09635485090407148	-0.00017459375203705824
0.09753662515859184	-0.00017459272932678492
0.0987243082843847	-0.00017459169964174816
0.09991792982580656	-0.00017459066292251774
0.10111751947493569	-0.00017458961910914032
0.10232310707231031	-0.00017458856814085206
0.1035347226076718	-0.00017458750995626894
0.10475239622071016	-0.00017458644449347996
0.10597615820181366	-0.00017458537168959536
0.10720603899282274	-0.00017458429148128172
0.10844206918778684	-0.0001745832038042617
0.10968427953372567	-0.00017458210859384665
0.1109327009313943	-0.00017458100578424845
0.11218736443605135	-0.00017457989530925152
0.11344830125823162	-0.00017457877710172674
0.11471554276452282	-0.00017457765109376986
0.11598912047834534	-0.00017457651721671584
0.11726906608073695	-0.0001745753754012688
0.11855541141114062	-0.00017457422557707998
0.11984818846819621	-0.00017457306767316142
0.12114742941053713	-0.00017457190161766775
0.12245316655758978	-0.00017457072733789673
0.1237654323903777	-0.00017456954476039143
0.12508425955232963	-0.00017456835381069613
0.12640968085009122	-0.00017456715441345827
0.1277417292543416	-0.00017456594649281545
0.1290804379006133	-0.0001745647299714336
0.13042584009011637	-0.00017456350477155954
0.1317779692905669	-0.00017456227081424328
0.13313685913701961	-0.00017456102801967856
0.13450254343270476	-0.00017455977630716422
0.13587505614986833	-0.00017455851559488572
0.13725443143061763	-0.00017455724580023565
0.13864070358777073	-0.00017455596683948828
0.14003390710570945	-0.000174554678627924
0.14143407664123803	-0.0001745533810797867
0.1428412470244442	-0.00017455207410840942
0.1442554532595664	-0.00017455075762578002
0.14567673052586416	-0.00017454943154317944
0.1471051141784935	-0.00017454809577044483
0.14854063974938603	-0.00017454675021660626
0.149983342948133	-0.0001745453947894782
0.15143325966287374	-0.00017454402939555722
0.15289042596118813	-0.00017454265394029362
0.15435487809099402	-0.0001745412683281154
0.15582665248144906	-0.00017453987246209517
0.1573057857438562	-0.00017453846624403276
0.15879231467257537	-0.00017453704957465108
0.16028627624593816	-0.00017453562235333165
0.16178770762716785	-0.00017453418447818507
0.16329664616530362	-0.00017453273584598915
0.16481312939613008	-0.00017453127635240964
0.1663371950431107	-0.00017452980589139716
0.16786888101832628	-0.00017452832435595108
0.1694082254234178	-0.00017452683163740297
0.1709552665505349	-0.00017452532762583534
0.17251004288328747	-0.00017452381220985227
0.17407259309770393	-0.0001745222852766065
0.17564295606319252	-0.00017452074671170425
0.17722117084350858	-0.00017451919639941614
0.17880727669772617	-0.00017451763422240003
0.18040131308121476	-0.0001745160600617624
0.18200331964662084	-0.0001745144737969952
0.18361333624485401	-0.0001745128753060987
0.18523140292607826	-0.0001745112644653684
0.18685755994070874	-0.00017450964114951013
0.1884918477404122	-0.00017450800523145844
0.19013430697911424	-0.0001745063565824517
0.1917849785140098	-0.0001745046950721365
0.19344390340657974	-0.00017450302056814143
0.19511112292361268	-0.0001745013329365392
0.1967866785382308	-0.0001744996320413706
0.19847061193092203	-0.00017449791774498213
0.20016296499057665	-0.00017449618990765214
0.20186377981552947	-0.00017449444838796627
0.2035730987146071	-0.00017449269304232312
0.20529096420818022	-0.00017449092372522692
0.20701741902922113	-0.00017448914028921625
0.20875250612436722	-0.00017448734258458925
0.210496268654989	-0.00017448553045968843
0.21224874999826396	-0.00017448370376061707
0.21400999374825516	-0.0001744818623315396
0.21578004371699644	-0.00017448000601401808
0.21755894393558148	-0.00017447813464769964
0.2193467386552594	-0.00017447624806971054
0.22114347234853576	-0.00017447434611497138
0.22294918971027836	-0.00017447242861590373
0.2247639356588297	-0.00017447049540274517
0.2265877553371239	-0.0001744685463029085
0.2284206941138094	-0.00017446658114162516
0.23026279758437848	-0.00017446459974131495
0.23211411157230027	-0.0001744626019219942
0.23397468213016168	-0.00017446058750098095
0.23584455554081238	-0.00017445855629269998
0.23772377831851643	-0.0001744565081091412
0.23961239721010893	-0.00017445444275913165
0.24151045919615952	-0.00017445236004892046
0.24341801149214037	-0.00017445025978179534
0.24533510154960114	-0.0001744481417579551
0.24726177705734917	-0.00017444600577465094
0.24919808594263598	-0.00017444385162605097
0.2511440763723492	-0.00017444167910324042
0.2530997967542111	-0.0001744394879940033
0.25506529573798215	-0.0001744372780829791
0.2570406222166721	-0.0001744350491512742
0.25902582532775553	-0.00017443280097675693
0.2610209544543945	-0.0001744305333340121
0.2630260592266663	-0.00017442824599368567
0.2650411895227997	-0.0001744259387231277
0.26706639547041383	-0.00017442361128598761
0.2691017274477658	-0.00017442126344217673
0.2711472360850044	-0.00017441889494765496
0.27320297226542956	-0.0001744165055546471
0.2752689871267568	-0.00017441409501139468
0.2773453320623904	-0.00017441166306208605
0.27943205872270227	-0.0001744092094466399
0.2815292190163157	-0.00017440673390103662
0.28363686511139713	-0.00017440423615681103
0.2857550494369543	-0.00017440171594099323
0.287883824684139	-0.0001743991729764308
0.2900232438075598	-0.0001743966069810915
0.29217336002659744	-0.00017439401766847153
0.2943342268267306	-0.00017439140474737768
0.2965058979608642	-0.00017438876792154632
0.2986884274506685	-0.00017438610688990037
0.3008818695879217	-0.0001743834213463005
0.3030862789358613	-0.0001743807109792373
0.3053017103305407	-0.00017437797547227015
0.30752821888219345	-0.00017437521450336938
0.3097658599766045	-0.0001743724277449043
0.31201468927648746	-0.000174369614863847
0.3142747627228697	-0.0001743667755212257
0.31654613653648417	-0.00017436390937235438
0.31882886721916665	-0.00017436101606635673
0.32112301155526257	-0.00017435809524645826
0.3234286266130387	-0.0001743551465493759
0.325745769746104	-0.00017435216960581595
0.3280744985948343	-0.00017434916403942472
0.33041487108780826	-0.00017434612946742607
0.3327669454432473	-0.00017434306550043064
0.3351307801704635	-0.000174339971741585
0.3375064340713156	-0.00017433684778722506
0.33989396624167195	-0.00017433369322620635
0.3422934360728803	-0.00017433050764017116
0.3447049032532445	-0.00017432729060264896
0.34712842776951053	-0.00017432404167991
0.3495640699083581	-0.000174320760429696
0.3520118902578999	-0.00017431744640196398
0.35447194970918944	-0.00017431409913801403
0.35694430945773536	-0.0001743107181708117
0.35942903100502394	-0.00017430730302433475
0.36192617616004885	-0.00017430385321367894
0.36443580704084905	-0.00017430036824477856
0.3669579860760533	-0.00017429684761404669
0.3694927760064337	-0.0001742932908084891
0.3720402398864656	-0.00017428969730491595
0.37460044108589774	-0.00017428606657033554
0.37717344329132724	-0.0001742823980612301
0.37975931050778367	-0.00017427869122337562
0.38235810706032236	-0.00017427494549210245
0.3849698975956241	-0.00017427116029115563
0.38759474708360203	-0.00017426733503314769
0.39023272081902005	-0.00017426346911889235
0.39288388442311495	-0.00017425956193729817
0.3955483038452304	-0.0001742556128649865
0.39822604536445655	-0.00017425162126586104
0.40091717559127893	-0.00017424758649104436
0.4036217614692354	-0.0001742435078784147
0.4063398702765814	-0.0001742393847523356
0.40907156962796437	-0.00017423521642319378
0.4118169274761041	-0.00017423100218695201
0.41457601211348477	-0.0001742267413251162
0.41734889217405197	-0.00017422243310416042
0.42013563663492237	-0.0001742180767749557
0.4229363148180968	-0.0001742136715728446
0.4257509963921872	-0.00017420921671659542
0.4285797513741481	-0.0001742047114083146
0.431422650131019	-0.0001742001548332398
0.4342797633816742	-0.00017419554615882298
0.4371511621985827	-0.00017419088453454138
0.4400369180095757	-0.00017418616909104466
0.4429371025996235	-0.00017418139894026426
0.44585178811262155	-0.00017417657317432856
0.44878104705318456	-0.00017417169086526334
0.4517249522884503	-0.00017416675106447102
0.4546835770498925	-0.00017416175280195992
0.4576569949351417	-0.0001741566950859858
0.4606452799098173	-0.00017415157690210307
0.46364850630936627	-0.00017414639721286869
0.46666674884091325	-0.00017414115495718795
0.46970008258511775	-0.00017413584904904866
0.4727485829980431	-0.00017413047837788577
0.47581232591303324	-0.00017412504180632765
0.47889138754259847	-0.00017411953817127727
0.4819858444803113	-0.0001741139662813751
0.48509577370271284	-0.00017410832491737322
0.48822125257122634	-0.00017410261283092932
0.4913623588340824	-0.0001740968287432156
0.49451917062825274	-0.00017409097134509868
0.49769176648139396	-0.00017408503929513294
0.5008802253138008	-0.0001740790312192015
0.50408462644037	-0.00017407294570942
0.5073050495725719	-0.00017406678132269104
0.5105415748204347	-0.00017406053658019987
0.513794282694537	-0.00017405420996586898
0.5170632541080095	-0.00017404779992546838
0.5203485703785496	-0.00017404130486507223
0.5236503132304423	-0.00017403472314996745
0.5269685647965943	-0.00017402805310341558
0.530303407620577	-0.000174021293005131
0.5336549246586798	-0.00017401444108997366
0.5370231992819733	-0.00017400749554631834
0.5404083152783831	-0.00017400045451463334
0.5438103568547752	-0.00017399331608592217
0.5472294086390488	-0.00017398607829980557
0.5506655556822441	-0.00017397873914308252
0.5541188834606553	-0.00017397129654755182
0.5575894778779587	-0.00017396374838873652
0.5610774252673482	-0.00017395609248296222
0.5645828123936848	-0.0001739483265861711
0.5681057264556529	-0.0001739404483913028
0.5716462550879313	-0.0001739324555262763
0.575204486363371	-0.00017392434555133925
0.5787805087951877	-0.00017391611595680902
0.5823744113391636	-0.00017390776416067124
0.5859862833958592	-0.0001738992875052735
0.5896162148128385	-0.00017389068325515436
0.5932642958869029	-0.0001738819485938874
0.5969306173663373	-0.00017387308062055928
0.6006152704531689	-0.00017386407634702264
0.6043183468054348	-0.00017385493269465272
0.6080399385394619	-0.00017384564648949898
0.6117801382321592	-0.00017383621445988772
0.6155390389233196	-0.00017382663323180255
0.6193167341179363	-0.00017381689932461101
0.623113317788526	-0.00017380700914658857
0.6269288843774687	-0.00017379695899029623
0.6307635287993559	-0.00017378674502781802
0.6346173464433525	-0.00017377636330479906
0.6384904331755692	-0.00017376580973549267
0.642382885341447	-0.00017375508009663334
0.6462947997681542	-0.00017374417002038407
0.6502262737669948	-0.00017373307498883
0.6541774051358298	-0.00017372179032585072
0.6581482921615086	-0.00017371031118913603
0.6621390336223161	-0.0001736986325629816
0.6661497287904276	-0.00017368674924849679
0.6701804774343794	-0.00017367465585437387
0.6742313798215511	-0.00017366234678650724
0.678302536720659	-0.00017364981623718665
0.6823940494042624	-0.00017363705817303275
0.6865060196512838	-0.00017362406632149917
0.6906385497495403	-0.00017361083415756132
0.694791742498288	-0.00017359735488783881
0.6989657012107795	-0.00017358362143427353
0.7031605297168335	-0.0001735696264159379
0.7073763323654175	-0.00017355536212837277
0.7116132140272448	-0.00017354082052287398
0.7158712800973807	-0.00017352599318146188
0.7201506364978674	-0.0001735108712912029
0.7244513896803564	-0.0001734954456141896
0.728773646628758	-0.0001734797064557903
0.7331175148619017	-0.00017346364362913862
0.7374831024362114	-0.0001734472464148037
0.7418705179483922	-0.00017343050351675756
0.7462798705381343	-0.00017341340301343393
0.750711269890825	-0.00017339593230297204
0.7551648262402791	-0.00017337807804081827
0.7596406503714807	-0.000173359826072009
0.7641388536233382	-0.0001733411613534746
0.7686595478914547	-0.00017332206786673716
0.773202845630912	-0.0001733025285208918
0.7777688598590664	-0.00017328252504208695
0.7823577041583616	-0.00017326203784904487
0.7869694926791535	-0.00017324104591187668
0.7916043401425493	-0.00017321952659326328
0.796262361843262	-0.00017319745546735176
0.8009436736524783	-0.00017317480611353812
0.8056483920207407	-0.00017315154988452094
0.8103766339808444	-0.00017312765563872414
0.8151285171507487	-0.00017310308943851912
0.8199041597365022	-0.00017307781420349545
0.8247036805351848	-0.00017305178931671032
0.8295271989378608	-0.00017302497017252554
0.8343748349325502	-0.0001729973076605437
0.8392467091072129	-0.0001729687475745985
0.844142942652749	-0.00017293922993551677
0.8490636573660127	-0.00017290868821405472
0.8540089756528428	-0.00017287704844042682
0.8589790205311072	-0.00017284422818188817
0.8639739156337627	-0.00017281013536692141
0.8689739156337625	-0.00017277480853979354
0.8739739156337623	-0.00017273818812173447
0.878973915633762	-0.00017270016896068236
0.8839739156337618	-0.0001726606335063888
0.8889739156337617	-0.000172619450642443
0.8939739156337615	-0.00017257647400830613
0.8989739156337613	-0.0001725315401092544
0.9039739156337611	-0.0001724844661960681
0.9089739156337608	-0.00017243504787760132
0.9139739156337606	-0.00017238305643661855
0.9189739156337604	-0.00017232823581107864
0.9239739156337602	-0.00017227029919362642
0.9289739156337601	-0.00017220892520213824
0.9339739156337599	-0.0001721437535619537
0.9389739156337596	-0.0001720743802350846
0.9439739156337594	-0.00017200035191828038
0.9489739156337592	-0.0001719211598249306
0.953973915633759	-0.00017183623265041678
0.9589739156337588	-0.00017174492860318118
0.9639739156337586	-0.0001716465263715193
0.9689739156337585	-0.00017154021487128697
0.9739739156337582	-0.000171425081600891
0.978973915633758	-0.00017130009939680295
0.9839739156337578	-0.0001711641113612544
0.9889739156337576	-0.00017101581368824425
0.9939739156337574	-0.00017085373607730235
0.9989739156337571	-0.00017067621937987522
1.003973915633757	-0.00017048139005579858
1.0089739156337567	-0.00017026713096741168
1.0139739156337566	-0.0001700310479491333
1.0189739156337563	-0.00016977043151246093
1.0239739156337562	-0.00016948221293591517
1.028973915633756	-0.00016916291387762252
1.0339739156337557	-0.00016880858850283045
1.0389739156337556	-0.00016841475695647624
1.0439739156337553	-0.00016797632882762945
1.0489739156337552	-0.00016748751502416897
1.0539739156337549	-0.0001669417262233037
1.0589739156337548	-0.00016633145576402066
1.0639739156337544	-0.00016564814449606722
1.0689739156337543	-0.00016488202469718252
1.0739739156337542	-0.0001640219396962448
1.0789739156337539	-0.00016305513529477048
1.0839739156337538	-0.00016196701844356225
1.0889739156337535	-0.0001607408778971428
1.0939739156337533	-0.0001593575607220369
1.098973915633753	-0.000157795097562618
1.103973915633753	-0.00015602826844561627
1.1089739156337528	-0.00015402809962940367
1.1139739156337525	-0.0001517612805545106
1.1189739156337524	-0.00014918948830296426
1.123973915633752	-0.00014626860513618673
1.128973915633752	-0.00014294781261952818
1.1339739156337516	-0.0001391685435923598
1.1389739156337515	-0.00013486327074936004
1.1439739156337512	-0.00012995410799520286
1.148973915633751	-0.0001243511979173895
1.153973915633751	-0.00011795085591476065
1.1589739156337506	-0.00011063343869688071
1.1639739156337505	-0.00010226090225260699
1.1689739156337502	-9.267401213479607e-5
1.17397391563375	-8.16891672652731e-5
1.1789739156337498	-6.909479774645032e-5
1.1839739156337497	-5.464729771607628e-5
1.1889739156337495	-3.8066456520969103e-5
1.1939739156337492	-1.90303558443791e-5
1.197980436725312	-1.7557870665632522e-6
1.2019869578168745	1.7544271304409067e-5
1.2059934789084372	3.9110314600189436e-5
1.21	6.320790721851463e-5
