0.0006999999999999628	-0.00016565481141961604
0.001403500000000035	-0.00016564475171078222
0.0021105174999999296	-0.000165644417411621
0.0028210700874998964	-0.00016564421894296188
0.003535175437937438	-0.00016564402115727233
0.004252851315127062	-0.00016564382215943495
0.004974115571702636	-0.00016564362191420702
0.005698986149561044	-0.00016564342041184023
0.006427481080308875	-0.00016564321764310643
0.007159618485710418	-0.0001656430135983494
0.007895416578138905	-0.0001656428082681563
0.008634893661029494	-0.00016564260164286305
0.00937806812933463	-0.00016564239371267745
0.010124958469981361	-0.00016564218446788294
0.010875583262331262	-0.00016564197389854504
0.01162996117864295	-0.00016564176199457948
0.012388110984536127	-0.00016564154874597087
0.013150051539458866	-0.0001656413341425618
0.013915801797156208	-0.0001656411181739623
0.014685380806142003	-0.00016564090082981446
0.015458807710172712	-0.00016564068209963865
0.01623610174872358	-0.00016564046197287217
0.017017282257467212	-0.00016564024043881132
0.017802368668754516	-0.0001656400174866464
0.01859138051209827	-0.00016563979310547813
0.019384337414658823	-0.00016563956728437123
0.020181259101732015	-0.00016563934001214138
0.020982165397240727	-0.00016563911127764108
0.02178707622422691	-0.0001656388810694728
0.02259601160534814	-0.00016563864937631925
0.02340899166337483	-0.00016563841618651178
0.024226036621691812	-0.00016563818148848726
0.02504716680480027	-0.00016563794527041874
0.025872402638824326	-0.00016563770752046845
0.02670176465201842	-0.0001656374682265549
0.02753527347527842	-0.00016563722737661496
0.028372949842654864	-0.00016563698495845885
0.0292148145918682	-0.00016563674095956623
0.03006088866482743	-0.0001656364953676051
0.03091119310815165	-0.00016563624816992402
0.0317657490736924	-0.00016563599935373282
0.03262457781906081	-0.00016563574890625423
0.03348770070815601	-0.0001656354968143666
0.034355139211696875	-0.00016563524306504126
0.035226914907755424	-0.0001656349876450779
0.03610304948229413	-0.0001656347305409497
0.03698356472970569	-0.00016563447173919356
0.03786848255335419	-0.00016563421122615683
0.038757824966120964	-0.00016563394898804783
0.03965161409095162	-0.0001656336850108618
0.04054987216140643	-0.00016563341928055493
0.04145262152221345	-0.00016563315178292005
0.04235988462982453	-0.00016563288250355513
0.04327168405297366	-0.00016563261142786727
0.0441880424732386	-0.00016563233854125414
0.04510898268560485	-0.00016563206382882778
0.046034527599032954	-0.0001656317872757085
0.04696470023702812	-0.00016563150886668643
0.04789952373821329	-0.0001656312285864611
0.048839021356904266	-0.00016563094641951063
0.04978321646368884	-0.00016563066235038095
0.05073213254600732	-0.00016563037636309604
0.05168579320873729	-0.00016563008844183385
0.052644222174780875	-0.0001656297985704285
0.05360744328565471	-0.00016562950673252005
0.054575480502083065	-0.00016562921291179107
0.055548357904593434	-0.00016562891709153682
0.056526099694116344	-0.0001656286192548335
0.0575087301925869	-0.00016562831938481386
0.05849627384354973	-0.00016562801746421087
0.05948875521276744	-0.0001656277134756768
0.06048619898883127	-0.00016562740740166032
0.061488629983775384	-0.00016562709922441146
0.06249607313369419	-0.00016562678892596705
0.06350855349936275	-0.0001656264764882036
0.06452609626685958	-0.00016562616189279712
0.06554872674819387	-0.00016562584512117465
0.06657647038193484	-0.0001656255261546105
0.06760935273384447	-0.0001656252049741746
0.06864739949751365	-0.00016562488156071135
0.0696906364950013	-0.00016562455589483636
0.07073908967747639	-0.0001656242279569012
0.07179278512586384	-0.0001656238977271438
0.07285174905149322	-0.00016562356518562952
0.0739160077967507	-0.0001656232303119705
0.07498558783573436	-0.0001656228930858091
0.07606051577491299	-0.00016562255348621843
0.07714081835378758	-0.00016562221149256026
0.07822652244555647	-0.00016562186708337647
0.07931765505778425	-0.00016562152023742027
0.0804142433330731	-0.00016562117093297678
0.08151631454973848	-0.00016562081914807799
0.08262389612248718	-0.0001656204648606339
0.0837370156030995	-0.0001656201080481488
0.0848557006811149	-0.000165619748687949
0.0859799791845205	-0.00016561938675717085
0.08710987908044313	-0.00016561902223262732
0.08824542847584534	-0.00016561865509058144
0.08938665561822454	-0.00016561828530750912
0.09053358889631567	-0.00016561791285941757
0.09168625684079722	-0.00016561753772181676
0.09284468812500112	-0.00016561715987024287
0.09400891156562617	-0.0001656167792796783
0.0951789561234543	-0.0001656163959250511
0.09635485090407148	-0.00016561600978084876
0.09753662515859184	-0.0001656156208212776
0.0987243082843847	-0.00016561522902013985
0.09991792982580656	-0.0001656148343511534
0.10111751947493569	-0.00016561443678757165
0.10232310707231031	-0.0001656140363022998
0.1035347226076718	-0.00016561363286797778
0.10475239622071016	-0.00016561322645691198
0.10597615820181366	-0.00016561281704107622
0.10720603899282274	-0.000165612404591937
0.10844206918778684	-0.00016561198908096188
0.10968427953372567	-0.00016561157047890473
0.1109327009313943	-0.00016561114875639582
0.11218736443605135	-0.00016561072388364425
0.11344830125823162	-0.00016561029583040627
0.11471554276452282	-0.00016560986456612406
0.11598912047834534	-0.0001656094300598707
0.11726906608073695	-0.0001656089922804269
0.11855541141114062	-0.00016560855119590286
0.11984818846819621	-0.00016560810677423418
0.12114742941053713	-0.00016560765898299704
0.12245316655758978	-0.00016560720778911148
0.1237654323903777	-0.00016560675315939417
0.12508425955232963	-0.00016560629505992688
0.12640968085009122	-0.00016560583345655083
0.1277417292543416	-0.00016560536831456763
0.1290804379006133	-0.00016560489959894777
0.13042584009011637	-0.0001656044272741721
0.1317779692905669	-0.00016560395130420713
0.13313685913701961	-0.0001656034716524862
0.13450254343270476	-0.00016560298828218736
0.13587505614986833	-0.000165602501155773
0.13725443143061763	-0.0001656020102354606
0.13864070358777073	-0.00016560151548264035
0.14003390710570945	-0.000165601016858489
0.14143407664123803	-0.000165600514323623
0.1428412470244442	-0.0001656000078379367
0.1442554532595664	-0.00016559949736102704
0.14567673052586416	-0.00016559898285178892
0.1471051141784935	-0.00016559846426865524
0.14854063974938603	-0.00016559794156943903
0.149983342948133	-0.00016559741471152762
0.15143325966287374	-0.00016559688365147413
0.15289042596118813	-0.00016559634834546261
0.15435487809099402	-0.00016559580874902745
0.15582665248144906	-0.0001655952648169462
0.1573057857438562	-0.00016559471650372376
0.15879231467257537	-0.00016559416376280884
0.16028627624593816	-0.000165593606547221
0.16178770762716785	-0.0001655930448094
0.16329664616530362	-0.00016559247850104746
0.16481312939613008	-0.00016559190757312687
0.1663371950431107	-0.00016559133197611495
0.16786888101832628	-0.00016559075165946432
0.1694082254234178	-0.0001655901665720414
0.1709552665505349	-0.00016558957666230423
0.17251004288328747	-0.00016558898187755088
0.17407259309770393	-0.0001655883821645134
0.17564295606319252	-0.00016558777746923984
0.17722117084350858	-0.00016558716773670994
0.17880727669772617	-0.00016558655291157087
0.18040131308121476	-0.0001655859329371665
0.18200331964662084	-0.00016558530775643914
0.18361333624485401	-0.00016558467731117208
0.18523140292607826	-0.00016558404154260665
0.18685755994070874	-0.0001655834003908267
0.1884918477404122	-0.0001655827537952742
0.19013430697911424	-0.00016558210169425745
0.1917849785140098	-0.00016558144402544113
0.19344390340657974	-0.00016558078072536454
0.19511112292361268	-0.00016558011172971947
0.1967866785382308	-0.00016557943697309422
0.19847061193092203	-0.00016557875638933666
0.20016296499057665	-0.00016557806991109725
0.20186377981552947	-0.00016557737746997434
0.2035730987146071	-0.00016557667899672233
0.20529096420818022	-0.00016557597442087637
0.20701741902922113	-0.0001655752636710438
0.20875250612436722	-0.00016557454667451727
0.210496268654989	-0.00016557382335766527
0.21224874999826396	-0.00016557309364559873
0.21400999374825516	-0.00016557235746226425
0.21578004371699644	-0.00016557161473055362
0.21755894393558148	-0.0001655708653719561
0.2193467386552594	-0.0001655701093069454
0.22114347234853576	-0.0001655693464545335
0.22294918971027836	-0.00016556857673254383
0.2247639356588297	-0.00016556780005753523
0.2265877553371239	-0.0001655670163446826
0.2284206941138094	-0.00016556622550774078
0.23026279758437848	-0.00016556542745922083
0.23211411157230027	-0.00016556462211005825
0.23397468213016168	-0.00016556380936987486
0.23584455554081238	-0.0001655629891468253
0.23772377831851643	-0.0001655621613473664
0.23961239721010893	-0.00016556132587673258
0.24151045919615952	-0.00016556048263825692
0.24341801149214037	-0.00016555963153405613
0.24533510154960114	-0.00016555877246436724
0.24726177705734917	-0.00016555790532755095
0.24919808594263598	-0.0001655570300208529
0.2511440763723492	-0.00016555614643928827
0.2530997967542111	-0.00016555525447637005
0.25506529573798215	-0.0001655543540236563
0.2570406222166721	-0.00016555344497089661
0.25902582532775553	-0.0001655525272061244
0.2610209544543945	-0.0001655516006151935
0.2630260592266663	-0.00016555066508215047
0.2650411895227997	-0.00016554972048901008
0.26706639547041383	-0.0001655487667156276
0.2691017274477658	-0.00016554780364007635
0.2711472360850044	-0.0001655468311379337
0.27320297226542956	-0.00016554584908286645
0.2752689871267568	-0.00016554485734594708
0.2773453320623904	-0.00016554385579643972
0.27943205872270227	-0.00016554284430109109
0.2815292190163157	-0.00016554182272403975
0.28363686511139713	-0.00016554079092722946
0.2857550494369543	-0.00016553974877013628
0.287883824684139	-0.00016553869610948997
0.2900232438075598	-0.00016553763279964002
0.29217336002659744	-0.0001655365586922275
0.2943342268267306	-0.0001655354736360437
0.2965058979608642	-0.00016553437747718875
0.2986884274506685	-0.00016553327005883528
0.3008818695879217	-0.00016553215122151228
0.3030862789358613	-0.00016553102080238736
0.3053017103305407	-0.00016552987863591807
0.30752821888219345	-0.00016552872455317114
0.3097658599766045	-0.0001655275583820887
0.31201468927648746	-0.0001655263799476743
0.3142747627228697	-0.00016552518907104853
0.31654613653648417	-0.00016552398557029364
0.31882886721916665	-0.00016552276925987366
0.32112301155526257	-0.0001655215399506142
0.3234286266130387	-0.000165520297449758
0.325745769746104	-0.00016551904156068538
0.3280744985948343	-0.00016551777208313056
0.33041487108780826	-0.00016551648881262394
0.3327669454432473	-0.0001655151915407276
0.3351307801704635	-0.00016551388005489511
0.3375064340713156	-0.00016551255413856827
0.33989396624167195	-0.00016551121357027043
0.3422934360728803	-0.00016550985812457814
0.3447049032532445	-0.00016550848757146815
0.34712842776951053	-0.0001655071016757963
0.3495640699083581	-0.00016550570019810155
0.3520118902578999	-0.00016550428289381113
0.35447194970918944	-0.0001655028495132709
0.35694430945773536	-0.00016550139980165825
0.35942903100502394	-0.00016549993349892524
0.36192617616004885	-0.00016549845033943212
0.36443580704084905	-0.00016549695005212077
0.3669579860760533	-0.00016549543236004248
0.3694927760064337	-0.00016549389698048995
0.3720402398864656	-0.00016549234362459828
0.37460044108589774	-0.00016549077199741263
0.37717344329132724	-0.00016548918179756892
0.37975931050778367	-0.00016548757271710117
0.38235810706032236	-0.00016548594444141607
0.3849698975956241	-0.00016548429664904284
0.38759474708360203	-0.00016548262901136827
0.39023272081902005	-0.00016548094119257068
0.39288388442311495	-0.00016547923284928752
0.3955483038452304	-0.00016547750363049858
0.39822604536445655	-0.00016547575317736273
0.40091717559127893	-0.0001654739811228972
0.4036217614692354	-0.0001654721870917773
0.4063398702765814	-0.00016547037069999
0.40907156962796437	-0.00016546853155504805
0.4118169274761041	-0.0001654666692550459
0.41457601211348477	-0.0001654647833889106
0.41734889217405197	-0.00016546287353607776
0.42013563663492237	-0.00016546093926584775
0.4229363148180968	-0.00016545898013769735
0.4257509963921872	-0.0001654569957005535
0.4285797513741481	-0.00016545498549243456
0.431422650131019	-0.0001654529490405397
0.4342797633816742	-0.00016545088586033673
0.4371511621985827	-0.00016544879545611968
0.4400369180095757	-0.00016544667731954033
0.4429371025996235	-0.00016544453093011137
0.44585178811262155	-0.00016544235575442995
0.44878104705318456	-0.00016544015124589115
0.4517249522884503	-0.00016543791684432282
0.4546835770498925	-0.00016543565197539776
0.4576569949351417	-0.0001654333560504408
0.4606452799098173	-0.00016543102846593128
0.46364850630936627	-0.0001654286686026627
0.46666674884091325	-0.00016542627582584116
0.46970008258511775	-0.00016542384948416204
0.4727485829980431	-0.00016542138890950572
0.47581232591303324	-0.0001654188934161827
0.47889138754259847	-0.0001654163623006537
0.4819858444803113	-0.0001654137948406818
0.48509577370271284	-0.00016541119029492456
0.48822125257122634	-0.0001654085479021315
0.4913623588340824	-0.0001654058668805483
0.49451917062825274	-0.0001654031464274156
0.49769176648139396	-0.00016540038571791714
0.5008802253138008	-0.0001653975839047612
0.50408462644037	-0.00016539474011708114
0.5073050495725719	-0.00016539185346017547
0.5105415748204347	-0.00016538892301390712
0.513794282694537	-0.00016538594783254782
0.5170632541080095	-0.00016538292694354804
0.5203485703785496	-0.00016537985934660945
0.5236503132304423	-0.0001653767440126044
0.5269685647965943	-0.0001653735798829054
0.530303407620577	-0.0001653703658678689
0.5336549246586798	-0.0001653671008460842
0.5370231992819733	-0.00016536378366309004
0.5404083152783831	-0.00016536041312998433
0.5438103568547752	-0.00016535698802263237
0.5472294086390488	-0.00016535350707953548
0.5506655556822441	-0.00016534996900133698
0.5541188834606553	-0.0001653463724489195
0.5575894778779587	-0.00016534271604184332
0.5610774252673482	-0.0001653389983567271
0.5645828123936848	-0.00016533521792623954
0.5681057264556529	-0.00016533137323615312
0.5716462550879313	-0.00016532746272487602
0.575204486363371	-0.000165323484780436
0.5787805087951877	-0.0001653194377389886
0.5823744113391636	-0.00016531531988280923
0.5859862833958592	-0.00016531112943791423
0.5896162148128385	-0.00016530686457145427
0.5932642958869029	-0.00016530252338974288
0.5969306173663373	-0.00016529810393564297
0.6006152704531689	-0.00016529360418536347
0.6043183468054348	-0.0001652890220460946
0.6080399385394619	-0.00016528435535267936
0.6117801382321592	-0.00016527960186493154
0.6155390389233196	-0.0001652747592634292
0.6193167341179363	-0.00016526982514641995
0.623113317788526	-0.0001652647970263573
0.6269288843774687	-0.000165259672325206
0.6307635287993559	-0.0001652544483705023
0.6346173464433525	-0.00016524912239067983
0.6384904331755692	-0.00016524369151064668
0.642382885341447	-0.00016523815274570796
0.6462947997681542	-0.00016523250299741292
0.6502262737669948	-0.00016522673904579692
0.6541774051358298	-0.0001652208575448025
0.6581482921615086	-0.0001652148550145767
0.6621390336223161	-0.0001652087278336586
0.6661497287904276	-0.00016520247223227976
0.6701804774343794	-0.0001651960842829638
0.6742313798215511	-0.0001651895598910779
0.678302536720659	-0.00016518289478526248
0.6823940494042624	-0.0001651760845063446
0.6865060196512838	-0.00016516912439490077
0.6906385497495403	-0.0001651620095788355
0.694791742498288	-0.00016515473495838434
0.6989657012107795	-0.00016514729519081413
0.7031605297168335	-0.00016513968467261696
0.7073763323654175	-0.0001651318975206055
0.7116132140272448	-0.00016512392755042632
0.7158712800973807	-0.00016511576825296463
0.7201506364978674	-0.0001651074127678112
0.7244513896803564	-0.00016509885385492315
0.728773646628758	-0.00016509008386032074
0.7331175148619017	-0.0001650810946807272
0.7374831024362114	-0.0001650718777212062
0.7418705179483922	-0.00016506242384975981
0.7462798705381343	-0.00016505272334450124
0.750711269890825	-0.0001650427658341166
0.7551648262402791	-0.00016503254023270643
0.7596406503714807	-0.00016502203466224464
0.7641388536233382	-0.00016501123636761828
0.7686595478914547	-0.00016500013161964636
0.773202845630912	-0.00016498870560349425
0.7777688598590664	-0.00016497694229321622
0.7823577041583616	-0.00016496482430790457
0.7869694926791535	-0.00016495233274750777
0.7916043401425493	-0.00016493944700741168
0.796262361843262	-0.00016492614456410746
0.8009436736524783	-0.00016491240073335467
0.8056483920207407	-0.00016489818839111596
0.8103766339808444	-0.0001648834776578339
0.8151285171507487	-0.00016486823553449253
0.8199041597365022	-0.00016485242549073596
0.8247036805351848	-0.00016483600698984722
0.8295271989378608	-0.00016481893494900258
0.8343748349325502	-0.00016480115912189815
0.8392467091072129	-0.00016478262339168534
0.844142942652749	-0.00016476326496396273
0.8490636573660127	-0.00016474301344471482
0.8540089756528428	-0.0001647217897840858
0.8589790205311072	-0.0001646995050700365
0.8639739156337627	-0.00016467605914791022
0.8689739156337625	-0.0001646514383416672
0.8739739156337623	-0.0001646255592338693
0.878973915633762	-0.00016459830192862488
0.8839739156337618	-0.00016456953210044323
0.8889739156337617	-0.00016453909952761348
0.8939739156337615	-0.00016450683617919717
0.8989739156337613	-0.00016447255406914604
0.9039739156337611	-0.00016443604285383472
0.9089739156337608	-0.00016439706713529262
0.9139739156337606	-0.00016435536343526914
0.9189739156337604	-0.00016431063679557325
0.9239739156337602	-0.00016426255695587235
0.9289739156337601	-0.00016421075405265382
0.9339739156337599	-0.00016415481377481233
0.9389739156337596	-0.0001640942719032111
0.9439739156337594	-0.0001640286081496044
0.9489739156337592	-0.00016395723920082102
0.953973915633759	-0.00016387951085743
0.9589739156337588	-0.00016379468914360157
0.9639739156337586	-0.00016370195024339613
0.9689739156337585	-0.00016360036910422065
0.9739739156337582	-0.0001634889065145618
0.978973915633758	-0.0001633663944494571
0.9839739156337578	-0.0001632315194309703
0.9889739156337576	-0.00016308280362751173
0.9939739156337574	-0.00016291858336524604
0.9989739156337571	-0.00016273698468190247
1.003973915633757	-0.00016253589549355025
1.0089739156337567	-0.00016231293388534675
1.0139739156337566	-0.000162065411954196
1.0189739156337563	-0.00016179029455532401
1.0239739156337562	-0.00016148415219561444
1.028973915633756	-0.00016114310720361918
1.0339739156337557	-0.00016076277217507898
1.0389739156337556	-0.00016033817952866894
1.0439739156337553	-0.00015986370083582562
1.0489739156337552	-0.00015933295437142023
1.0539739156337549	-0.00015873869909596738
1.0589739156337548	-0.00015807271299752255
1.0639739156337544	-0.00015732565339824956
1.0689739156337543	-0.0001564868964607122
1.0739739156337542	-0.00015554435269605406
1.0789739156337539	-0.00015448425478593815
1.0839739156337538	-0.0001532909134608425
1.0889739156337535	-0.00015194643653160866
1.0939739156337533	-0.0001504304054291051
1.098973915633753	-0.00014871950277428554
1.103973915633753	-0.00014678708354119347
1.1089739156337528	-0.0001446026813236426
1.1139739156337525	-0.00014213144001692043
1.1189739156337524	-0.0001393334599209242
1.123973915633752	-0.00013616304583125184
1.128973915633752	-0.00013256784314391026
1.1339739156337516	-0.00012848784636045228
1.1389739156337515	-0.00012385426269677296
1.1439739156337512	-0.00011858821181492738
1.148973915633751	-0.0001125992411045322
1.153973915633751	-0.000105783634551836
1.1589739156337506	-9.802249220574077e-5
1.1639739156337505	-8.917955680046856e-5
1.1689739156337502	-7.909876447766182e-5
1.17397391563375	-6.760149811359061e-5
1.1789739156337498	-5.448352489060854e-5
1.1839739156337497	-3.951160493531035e-5
1.1889739156337495	-2.2419765600846104e-5
1.1939739156337492	-2.905246843496109e-6
1.197980436725312	1.4712278948008193e-5
1.2019869578168745	3.4301655741336504e-5
1.2059934789084372	5.608290544950143e-5
1.21	8.02965413670297e-5
