0.0006999999999999628	-0.00017588146308791333
0.001403500000000035	-0.000175874770000423
0.0021105174999999296	-0.0001758732124204321
0.0028210700874998964	-0.00017587169654251434
0.003535175437937438	-0.00017587017205663598
0.004252851315127062	-0.0001758686383930695
0.004974115571702636	-0.00017586709548305133
0.005698986149561044	-0.00017586554326235831
0.006427481080308875	-0.00017586398166645115
0.007159618485710418	-0.00017586241063029907
0.007895416578138905	-0.00017586083008812846
0.008634893661029494	-0.0001758592399738448
0.00937806812933463	-0.0001758576402207247
0.010124958469981361	-0.000175856030761292
0.010875583262331262	-0.00017585441152790821
0.01162996117864295	-0.00017585278245205342
0.012388110984536127	-0.00017585114346470583
0.013150051539458866	-0.00017584949449640357
0.013915801797156208	-0.0001758478354768407
0.014685380806142003	-0.00017584616633539387
0.015458807710172712	-0.0001758444870007517
0.01623610174872358	-0.00017584279740096232
0.017017282257467212	-0.00017584109746345174
0.017802368668754516	-0.0001758393871151265
0.01859138051209827	-0.00017583766628218416
0.019384337414658823	-0.00017583593489032905
0.020181259101732015	-0.00017583419286439452
0.020982165397240727	-0.00017583244012893268
0.02178707622422691	-0.0001758306766075739
0.02259601160534814	-0.00017582890222327634
0.02340899166337483	-0.00017582711689859238
0.024226036621691812	-0.00017582532055522403
0.02504716680480027	-0.0001758235131142617
0.025872402638824326	-0.0001758216944960792
0.02670176465201842	-0.00017581986462045517
0.02753527347527842	-0.00017581802340644676
0.028372949842654864	-0.0001758161707723998
0.0292148145918682	-0.0001758143066359316
0.03006088866482743	-0.00017581243091404519
0.03091119310815165	-0.0001758105435228233
0.0317657490736924	-0.0001758086443779525
0.03262457781906081	-0.00017580673339416533
0.03348770070815601	-0.00017580481048533683
0.034355139211696875	-0.00017580287556501846
0.035226914907755424	-0.00017580092854558907
0.03610304948229413	-0.00017579896933890226
0.03698356472970569	-0.00017579699785593968
0.03786848255335419	-0.00017579501400696344
0.038757824966120964	-0.00017579301770155858
0.03965161409095162	-0.00017579100884823767
0.04054987216140643	-0.0001757889873549005
0.04145262152221345	-0.0001757869531286634
0.04235988462982453	-0.00017578490607584173
0.04327168405297366	-0.0001757828461018051
0.0441880424732386	-0.00017578077311117464
0.04510898268560485	-0.00017577868700769953
0.046034527599032954	-0.0001757765876943977
0.04696470023702812	-0.00017577447507328636
0.04789952373821329	-0.00017577234904554378
0.048839021356904266	-0.00017577020951154833
0.04978321646368884	-0.000175768056370723
0.05073213254600732	-0.00017576588952162274
0.05168579320873729	-0.00017576370886204692
0.052644222174780875	-0.00017576151428856247
0.05360744328565471	-0.0001757593056970636
0.054575480502083065	-0.0001757570829824793
0.055548357904593434	-0.00017575484603886933
0.056526099694116344	-0.00017575259475913744
0.0575087301925869	-0.00017575032903547152
0.05849627384354973	-0.00017574804875892145
0.05948875521276744	-0.00017574575381959048
0.06048619898883127	-0.00017574344410668422
0.061488629983775384	-0.0001757411195083812
0.06249607313369419	-0.00017573877991169034
0.06350855349936275	-0.00017573642520295364
0.06452609626685958	-0.00017573405526715444
0.06554872674819387	-0.00017573166998840245
0.06657647038193484	-0.0001757292692496829
0.06760935273384447	-0.00017572685293303146
0.06864739949751365	-0.00017572442091934822
0.0696906364950013	-0.00017572197308838935
0.07073908967747639	-0.00017571950931898165
0.07179278512586384	-0.00017571702948866917
0.07285174905149322	-0.00017571453347399221
0.0739160077967507	-0.00017571202115043965
0.07498558783573436	-0.00017570949239215417
0.07606051577491299	-0.00017570694707228895
0.07714081835378758	-0.0001757043850628271
0.07822652244555647	-0.0001757018062345589
0.07931765505778425	-0.0001756992104569717
0.0804142433330731	-0.0001756965975985289
0.08151631454973848	-0.00017569396752651397
0.08262389612248718	-0.00017569132010681444
0.0837370156030995	-0.00017568865520418042
0.0848557006811149	-0.00017568597268208017
0.0859799791845205	-0.00017568327240285816
0.08710987908044313	-0.00017568055422735845
0.08824542847584534	-0.00017567781801527057
0.08938665561822454	-0.00017567506362507678
0.09053358889631567	-0.0001756722909137241
0.09168625684079722	-0.00017566949973699749
0.09284468812500112	-0.0001756666899493213
0.09400891156562617	-0.00017566386140371087
0.0951789561234543	-0.00017566101395180282
0.09635485090407148	-0.00017565814744398452
0.09753662515859184	-0.00017565526172913024
0.0987243082843847	-0.00017565235665467448
0.09991792982580656	-0.00017564943206671004
0.10111751947493569	-0.0001756464878098458
0.10232310707231031	-0.0001756435237272286
0.1035347226076718	-0.00017564053966051654
0.10475239622071016	-0.00017563753544991978
0.10597615820181366	-0.00017563451093412818
0.10720603899282274	-0.00017563146595037758
0.10844206918778684	-0.00017562840033407865
0.10968427953372567	-0.00017562531391960307
0.1109327009313943	-0.00017562220653921366
0.11218736443605135	-0.00017561907802391327
0.11344830125823162	-0.00017561592820303213
0.11471554276452282	-0.00017561275690422027
0.11598912047834534	-0.00017560956395353057
0.11726906608073695	-0.00017560634917537375
0.11855541141114062	-0.000175603112392355
0.11984818846819621	-0.000175599853425598
0.12114742941053713	-0.0001755965720943966
0.12245316655758978	-0.00017559326821624412
0.1237654323903777	-0.000175589941606998
0.12508425955232963	-0.00017558659208065554
0.12640968085009122	-0.00017558321944951237
0.1277417292543416	-0.00017557982352400288
0.1290804379006133	-0.00017557640411269132
0.13042584009011637	-0.00017557296102235648
0.1317779692905669	-0.00017556949405787248
0.13313685913701961	-0.0001755660030222565
0.13450254343270476	-0.00017556248771651348
0.13587505614986833	-0.0001755589479396714
0.13725443143061763	-0.00017555538348907032
0.13864070358777073	-0.00017555179415980907
0.14003390710570945	-0.000175548179745049
0.14143407664123803	-0.00017554454003599268
0.1428412470244442	-0.00017554087482163632
0.1442554532595664	-0.00017553718388900997
0.14567673052586416	-0.00017553346702292428
0.1471051141784935	-0.00017552972400630741
0.14854063974938603	-0.0001755259546197621
0.149983342948133	-0.00017552215864157113
0.15143325966287374	-0.0001755183358480638
0.15289042596118813	-0.0001755144860132394
0.15435487809099402	-0.00017551060890879587
0.15582665248144906	-0.00017550670430414647
0.1573057857438562	-0.0001755027719664768
0.15879231467257537	-0.00017549881166054274
0.16028627624593816	-0.00017549482314867772
0.16178770762716785	-0.00017549080619097405
0.16329664616530362	-0.00017548676054499613
0.16481312939613008	-0.00017548268596571275
0.1663371950431107	-0.00017547858220584572
0.16786888101832628	-0.00017547444901536822
0.1694082254234178	-0.00017547028614185405
0.1709552665505349	-0.00017546609333012788
0.17251004288328747	-0.0001754618703224949
0.17407259309770393	-0.00017545761685852933
0.17564295606319252	-0.0001754533326751194
0.17722117084350858	-0.00017544901750647955
0.17880727669772617	-0.0001754446710838955
0.18040131308121476	-0.00017544029313605887
0.18200331964662084	-0.00017543588338860472
0.18361333624485401	-0.00017543144156437288
0.18523140292607826	-0.00017542696738325131
0.18685755994070874	-0.00017542246056218626
0.1884918477404122	-0.00017541792081502184
0.19013430697911424	-0.00017541334785265239
0.1917849785140098	-0.0001754087413827652
0.19344390340657974	-0.00017540410111002095
0.19511112292361268	-0.00017539942673579697
0.1967866785382308	-0.0001753947179582553
0.19847061193092203	-0.0001753899744722708
0.20016296499057665	-0.00017538519596938294
0.20186377981552947	-0.00017538038213776318
0.2035730987146071	-0.00017537553266204083
0.20529096420818022	-0.00017537064722363438
0.20701741902922113	-0.00017536572550009037
0.20875250612436722	-0.00017536076716542898
0.210496268654989	-0.00017535577189026251
0.21224874999826396	-0.0001753507393412376
0.21400999374825516	-0.0001753456691813131
0.21578004371699644	-0.00017534056106952375
0.21755894393558148	-0.00017533541466129764
0.2193467386552594	-0.00017533022960774253
0.22114347234853576	-0.00017532500555615373
0.22294918971027836	-0.00017531974214984977
0.2247639356588297	-0.00017531443902773057
0.2265877553371239	-0.00017530909582471775
0.2284206941138094	-0.00017530371217115443
0.23026279758437848	-0.00017529828769332706
0.23211411157230027	-0.00017529282201295915
0.23397468213016168	-0.00017528731474728527
0.23584455554081238	-0.00017528176550882897
0.23772377831851643	-0.00017527617390563838
0.23961239721010893	-0.00017527053954079013
0.24151045919615952	-0.00017526486201286935
0.24341801149214037	-0.00017525914091510696
0.24533510154960114	-0.00017525337583608512
0.24726177705734917	-0.00017524756635908063
0.24919808594263598	-0.00017524171206214872
0.2511440763723492	-0.0001752358125183916
0.2530997967542111	-0.00017522986729513819
0.25506529573798215	-0.00017522387595444124
0.2570406222166721	-0.00017521783805272802
0.25902582532775553	-0.00017521175314078754
0.2610209544543945	-0.00017520562076351367
0.2630260592266663	-0.00017519944045998604
0.2650411895227997	-0.0001751932117632617
0.26706639547041383	-0.00017518693420026562
0.2691017274477658	-0.00017518060729165036
0.2711472360850044	-0.0001751742305517935
0.27320297226542956	-0.00017516780348851316
0.2752689871267568	-0.00017516132560289243
0.2773453320623904	-0.00017515479638963738
0.27943205872270227	-0.00017514821533622354
0.2815292190163157	-0.00017514158192326792
0.28363686511139713	-0.0001751348956242238
0.2857550494369543	-0.0001751281559052015
0.287883824684139	-0.0001751213622249155
0.2900232438075598	-0.00017511451403455147
0.29217336002659744	-0.0001751076107775431
0.2943342268267306	-0.00017510065188927162
0.2965058979608642	-0.00017509363679719624
0.2986884274506685	-0.00017508656492050634
0.3008818695879217	-0.00017507943566994117
0.3030862789358613	-0.0001750722484479757
0.3053017103305407	-0.00017506500264783293
0.30752821888219345	-0.0001750576976542801
0.3097658599766045	-0.0001750503328425555
0.31201468927648746	-0.00017504290757901767
0.3142747627228697	-0.00017503542122016528
0.31654613653648417	-0.00017502787311296606
0.31882886721916665	-0.0001750202625944332
0.32112301155526257	-0.0001750125889914533
0.3234286266130387	-0.00017500485162050622
0.325745769746104	-0.00017499704978766412
0.3280744985948343	-0.00017498918278815924
0.33041487108780826	-0.00017498124990610723
0.3327669454432473	-0.00017497325041441485
0.3351307801704635	-0.00017496518357441933
0.3375064340713156	-0.00017495704863588872
0.33989396624167195	-0.00017494884483634175
0.3422934360728803	-0.0001749405714011914
0.3447049032532445	-0.0001749322275431436
0.34712842776951053	-0.000174923812462134
0.3495640699083581	-0.00017491532534505107
0.3520118902578999	-0.0001749067653652569
0.35447194970918944	-0.00017489813168247064
0.35694430945773536	-0.00017488942344237365
0.35942903100502394	-0.0001748806397763314
0.36192617616004885	-0.00017487177980096303
0.36443580704084905	-0.00017486284261802334
0.3669579860760533	-0.00017485382731379154
0.3694927760064337	-0.00017484473295898887
0.3720402398864656	-0.0001748355586082989
0.37460044108589774	-0.00017482630329988377
0.37717344329132724	-0.00017481696605520656
0.37975931050778367	-0.0001748075458784646
0.38235810706032236	-0.00017479804175643917
0.3849698975956241	-0.00017478845265774318
0.38759474708360203	-0.00017477877753274218
0.39023272081902005	-0.00017476901531293304
0.39288388442311495	-0.0001747591649103276
0.3955483038452304	-0.0001747492252175779
0.39822604536445655	-0.00017473919510681746
0.40091717559127893	-0.00017472907342969344
0.4036217614692354	-0.0001747188590166095
0.4063398702765814	-0.00017470855067625054
0.40907156962796437	-0.0001746981471951989
0.4118169274761041	-0.00017468764733733215
0.41457601211348477	-0.00017467704984302511
0.41734889217405197	-0.00017466635342907114
0.42013563663492237	-0.00017465555678767666
0.4229363148180968	-0.00017464465858610886
0.4257509963921872	-0.00017463365746592135
0.4285797513741481	-0.00017462255204239735
0.431422650131019	-0.00017461134090406341
0.4342797633816742	-0.00017460002261171834
0.4371511621985827	-0.00017458859569776056
0.4400369180095757	-0.0001745770586657936
0.4429371025996235	-0.00017456540998970335
0.44585178811262155	-0.000174553648112797
0.44878104705318456	-0.00017454177144721005
0.4517249522884503	-0.0001745297783729795
0.4546835770498925	-0.00017451766723740393
0.4576569949351417	-0.00017450543635396217
0.4606452799098173	-0.00017449308400154586
0.46364850630936627	-0.00017448060842364813
0.46666674884091325	-0.00017446800782728764
0.46970008258511775	-0.00017445528038217652
0.4727485829980431	-0.00017444242421966745
0.47581232591303324	-0.00017442943743169013
0.47889138754259847	-0.00017441631806987178
0.4819858444803113	-0.00017440306414436883
0.48509577370271284	-0.0001743896736225148
0.48822125257122634	-0.00017437614442801746
0.4913623588340824	-0.0001743624744397431
0.49451917062825274	-0.00017434866149007396
0.49769176648139396	-0.00017433470336426438
0.5008802253138008	-0.00017432059779854404
0.50408462644037	-0.0001743063424791704
0.5073050495725719	-0.0001742919350407296
0.5105415748204347	-0.00017427737306505451
0.513794282694537	-0.00017426265407909924
0.5170632541080095	-0.0001742477755542095
0.5203485703785496	-0.00017423273490376704
0.5236503132304423	-0.0001742175294819757
0.5269685647965943	-0.00017420215658195217
0.530303407620577	-0.0001741866134341317
0.5336549246586798	-0.00017417089720384282
0.5370231992819733	-0.0001741550049905281
0.5404083152783831	-0.0001741389338243653
0.5438103568547752	-0.00017412268066530978
0.5472294086390488	-0.00017410624240029893
0.5506655556822441	-0.00017408961584135983
0.5541188834606553	-0.00017407279772323875
0.5575894778779587	-0.0001740557847010218
0.5610774252673482	-0.000174038573347336
0.5645828123936848	-0.00017402116015044738
0.5681057264556529	-0.0001740035415107717
0.5716462550879313	-0.00017398571373865128
0.575204486363371	-0.00017396767305133957
0.5787805087951877	-0.00017394941556964083
0.5823744113391636	-0.00017393093731508583
0.5859862833958592	-0.00017391223420651445
0.5896162148128385	-0.00017389330205674796
0.5932642958869029	-0.00017387413656881973
0.5969306173663373	-0.0001738547333323143
0.6006152704531689	-0.00017383508781954605
0.6043183468054348	-0.00017381519538118358
0.6080399385394619	-0.0001737950512424264
0.6117801382321592	-0.00017377465049791285
0.6155390389233196	-0.00017375398810754562
0.6193167341179363	-0.00017373305889130795
0.623113317788526	-0.00017371185752407974
0.6269288843774687	-0.00017369037853026177
0.6307635287993559	-0.00017366861627798945
0.6346173464433525	-0.00017364656497328765
0.6384904331755692	-0.00017362421865323708
0.642382885341447	-0.00017360157117991942
0.6462947997681542	-0.0001735786162329346
0.6502262737669948	-0.0001735553473018904
0.6541774051358298	-0.00017353175767877342
0.6581482921615086	-0.0001735078404492527
0.6621390336223161	-0.0001734835884839225
0.6661497287904276	-0.000173458994428945
0.6701804774343794	-0.0001734340506953851
0.6742313798215511	-0.00017340874944955917
0.678302536720659	-0.0001733830826004244
0.6823940494042624	-0.00017335704178794354
0.6865060196512838	-0.0001733306183698448
0.6906385497495403	-0.0001733038034073197
0.694791742498288	-0.0001732765876503108
0.6989657012107795	-0.00017324896152037418
0.7031605297168335	-0.00017322091509400654
0.7073763323654175	-0.0001731924380831159
0.7116132140272448	-0.0001731635198138342
0.7158712800973807	-0.00017313414920545108
0.7201506364978674	-0.00017310431474430138
0.7244513896803564	-0.00017307400445869977
0.728773646628758	-0.00017304320588854835
0.7331175148619017	-0.000173011906054622
0.7374831024362114	-0.00017298009142241482
0.7418705179483922	-0.0001729477478644807
0.7462798705381343	-0.00017291486061735253
0.750711269890825	-0.0001728814142347289
0.7551648262402791	-0.00017284739253534327
0.7596406503714807	-0.00017281277854473915
0.7641388536233382	-0.0001727775544312438
0.7686595478914547	-0.0001727417014331956
0.773202845630912	-0.00017270519977893154
0.7777688598590664	-0.00017266802859634034
0.7823577041583616	-0.0001726301658105792
0.7869694926791535	-0.00017259158803058485
0.7916043401425493	-0.0001725522704186604
0.796262361843262	-0.00017251218654569636
0.8009436736524783	-0.00017247130822456346
0.8056483920207407	-0.0001724296053222047
0.8103766339808444	-0.00017238704554623952
0.8151285171507487	-0.0001723435942013086
0.8199041597365022	-0.00017229921391060903
0.8247036805351848	-0.00017225386429907004
0.8295271989378608	-0.000172207501629307
0.8343748349325502	-0.00017216007838602817
0.8392467091072129	-0.00017211154279792097
0.844142942652749	-0.0001720618382905135
0.8490636573660127	-0.0001720109028550614
0.8540089756528428	-0.00017195866832524638
0.8589790205311072	-0.00017190505954250458
0.8639739156337627	-0.0001718499933956434
0.8689739156337625	-0.00017179359954341315
0.8739739156337623	-0.00017173585684525494
0.878973915633762	-0.00017167667745563532
0.8839739156337618	-0.0001716159624206259
0.8889739156337617	-0.00017155360169101078
0.8939739156337615	-0.00017148947271638555
0.8989739156337613	-0.00017142343885729187
0.9039739156337611	-0.0001713553475942274
0.9089739156337608	-0.00017128502850610882
0.9139739156337606	-0.00017121229099215852
0.9189739156337604	-0.0001711369216974735
0.9239739156337602	-0.00017105868160927212
0.9289739156337601	-0.000170977302772295
0.9339739156337599	-0.0001708924845764918
0.9389739156337596	-0.00017080388955250064
0.9439739156337594	-0.00017071113860891817
0.9489739156337592	-0.00017061380562869647
0.953973915633759	-0.00017051141132956054
0.9589739156337588	-0.00017040341628615546
0.9639739156337586	-0.0001702892129802798
0.9689739156337585	-0.0001701681167413694
0.9739739156337582	-0.00017003935540422263
0.978973915633758	-0.00016990205748940282
0.9839739156337578	-0.00016975523867850128
0.9889739156337576	-0.00016959778632159357
0.9939739156337574	-0.00016942844167150528
0.9989739156337571	-0.00016924577948422356
1.003973915633757	-0.00016904818457620373
1.0089739156337567	-0.0001688338248523341
1.0139739156337566	-0.00016860062024486746
1.0189739156337563	-0.0001683462069060132
1.0239739156337562	-0.00016806789588982916
1.028973915633756	-0.00016776262543260733
1.0339739156337557	-0.00016742690578665267
1.0389739156337556	-0.00016705675538832061
1.0439739156337553	-0.00016664762693893072
1.0489739156337552	-0.00016619432172665933
1.0539739156337549	-0.00016569089023942614
1.0589739156337548	-0.00016513051679101237
1.0639739156337544	-0.0001645053854779392
1.0689739156337543	-0.0001638065243495322
1.0739739156337542	-0.0001630236241225089
1.0789739156337539	-0.00016214482716475357
1.0839739156337538	-0.00016115648173549045
1.0889739156337535	-0.00016004285563298474
1.0939739156337533	-0.00015878580241994081
1.098973915633753	-0.00015736437225599521
1.103973915633753	-0.00015575435806154247
1.1089739156337528	-0.0001539277662214333
1.1139739156337525	-0.0001518521993126809
1.1189739156337524	-0.00014949013636118494
1.123973915633752	-0.00014679809390462427
1.128973915633752	-0.00014372564861569247
1.1339739156337516	-0.00014021429944575654
1.1389739156337515	-0.00013619614414324275
1.1439739156337512	-0.0001315923416399012
1.148973915633751	-0.00012631132818113016
1.153973915633751	-0.00012024675127702788
1.1589739156337506	-0.00011327508165950026
1.1639739156337505	-0.00010525285957232142
1.1689739156337502	-9.60135280773244e-5
1.17397391563375	-8.536380280725206e-5
1.1789739156337498	-7.307952505838251e-5
1.1839739156337497	-5.8900943475900645e-5
1.1889739156337495	-4.2527369187817776e-5
1.1939739156337492	-2.361115022118834e-5
1.197980436725312	-6.3481378171173764e-6
1.2019869578168745	1.3036851307211584e-5
1.2059934789084372	3.480801133932167e-5
1.21	5.925876743771332e-5
