0.0006999999999999628	-0.0001787177339710923
0.001403500000000035	-0.00017871370346904904
0.0021105174999999296	-0.000178713510602249
0.0028210700874998964	-0.00017871334986526975
0.003535175437937438	-0.00017871318837351145
0.004252851315127062	-0.0001787130258342687
0.004974115571702636	-0.0001787128622366964
0.005698986149561044	-0.00017871269757233522
0.006427481080308875	-0.00017871253183286974
0.007159618485710418	-0.00017871236500953522
0.007895416578138905	-0.0001787121970938924
0.008634893661029494	-0.00017871202807716747
0.00937806812933463	-0.00017871185795045974
0.010124958469981361	-0.00017871168670490446
0.010875583262331262	-0.00017871151433154696
0.01162996117864295	-0.0001787113408211794
0.012388110984536127	-0.0001787111661647157
0.013150051539458866	-0.00017871099035289437
0.013915801797156208	-0.00017871081337620068
0.014685380806142003	-0.0001787106352253366
0.015458807710172712	-0.00017871045589054304
0.01623610174872358	-0.00017871027536242563
0.017017282257467212	-0.0001787100936308486
0.017802368668754516	-0.00017870991068619785
0.01859138051209827	-0.00017870972651843535
0.019384337414658823	-0.00017870954111738014
0.020181259101732015	-0.00017870935447301668
0.020982165397240727	-0.0001787091665748492
0.02178707622422691	-0.00017870897741257256
0.02259601160534814	-0.00017870878697566755
0.02340899166337483	-0.000178708595253567
0.024226036621691812	-0.00017870840223543815
0.02504716680480027	-0.0001787082079103679
0.025872402638824326	-0.00017870801226751293
0.02670176465201842	-0.00017870781529571284
0.02753527347527842	-0.00017870761698367737
0.028372949842654864	-0.00017870741732017484
0.0292148145918682	-0.0001787072162937318
0.03006088866482743	-0.00017870701389267906
0.03091119310815165	-0.00017870681010537392
0.0317657490736924	-0.0001787066049200432
0.03262457781906081	-0.00017870639832451993
0.03348770070815601	-0.00017870619030684845
0.034355139211696875	-0.00017870598085468171
0.035226914907755424	-0.00017870576995582715
0.03610304948229413	-0.00017870555759759874
0.03698356472970569	-0.00017870534376734676
0.03786848255335419	-0.0001787051284524713
0.038757824966120964	-0.00017870491163976033
0.03965161409095162	-0.00017870469331638772
0.04054987216140643	-0.00017870447346893633
0.04145262152221345	-0.00017870425208404867
0.04235988462982453	-0.00017870402914832117
0.04327168405297366	-0.00017870380464796894
0.0441880424732386	-0.0001787035785691468
0.04510898268560485	-0.0001787033508979113
0.046034527599032954	-0.00017870312162003712
0.04696470023702812	-0.00017870289072129748
0.04789952373821329	-0.00017870265818699355
0.048839021356904266	-0.00017870242400280055
0.04978321646368884	-0.00017870218815365204
0.05073213254600732	-0.00017870195062458152
0.05168579320873729	-0.00017870171140039432
0.052644222174780875	-0.0001787014704658851
0.05360744328565471	-0.0001787012278053324
0.054575480502083065	-0.00017870098340315595
0.05554835790459365	-0.00017870073724350475
0.05652609969411678	-0.00017870048931012124
0.05750873019258755	-0.00017870023958683502
0.05849627384355038	-0.00017869998805721476
0.05948875521276831	-0.0001786997347045402
0.060486198988831924	-0.0001786994795119723
0.061488629983776036	-0.00017869922246236693
0.062496073133695054	-0.00017869896353847232
0.06350855349936363	-0.00017869870272297877
0.06452609626686023	-0.0001786984399979396
0.06554872674819473	-0.0001786981753455914
0.0665764703819355	-0.00017869790874786227
0.06760935273384511	-0.000178697640186297
0.06864739949751451	-0.0001786973696424071
0.06969063649500218	-0.00017869709709734952
0.07073908967747725	-0.00017869682253221156
0.07179278512586448	-0.00017869654592745485
0.07285174905149387	-0.00017869626726382137
0.07391600779675113	-0.00017869598652160912
0.07498558783573481	-0.00017869570368071676
0.07606051577491364	-0.00017869541872093947
0.07714081835378801	-0.00017869513162172053
0.0782265224455569	-0.00017869484236257205
0.07931765505778446	-0.00017869455092213245
0.08041424333307354	-0.00017869425727946777
0.08151631454973869	-0.00017869396141281262
0.08262389612248718	-0.0001786936633004868
0.08373701560309972	-0.00017869336292037713
0.08485570068111534	-0.00017869306025008794
0.08597997918452092	-0.00017869275526707245
0.08710987908044335	-0.00017869244794825704
0.08824542847584554	-0.00017869213827054233
0.08938665561822474	-0.00017869182621038166
0.0905335888963159	-0.0001786915117438574
0.09168625684079766	-0.00017869119484688437
0.09284468812500156	-0.00017869087549504103
0.09400891156562662	-0.00017869055366353108
0.09517895612345495	-0.00017869022932725015
0.09635485090407213	-0.00017868990246093863
0.09753662515859228	-0.00017868957303858823
0.09872430828438533	-0.00017868924103423732
0.09991792982580742	-0.000178688906421453
0.10111751947493633	-0.00017868856917358463
0.10232310707231096	-0.00017868822926332326
0.10353472260767245	-0.00017868788666334723
0.1047523962207106	-0.00017868754134554504
0.1059761582018141	-0.00017868719328197066
0.10720603899282295	-0.00017868684244398675
0.10844206918778705	-0.000178686488802441
0.10968427953372589	-0.00017868613232816777
0.11093270093139453	-0.00017868577299125668
0.11218736443605157	-0.0001786854107617054
0.11344830125823162	-0.00017868504560888257
0.11471554276452282	-0.00017868467750180544
0.11598912047834534	-0.00017868430640903454
0.11726906608073716	-0.00017868393229878072
0.11855541141114084	-0.00017868355513885712
0.11984818846819666	-0.00017868317489653398
0.12114742941053756	-0.000178682791538689
0.12245316655759021	-0.00017868240503169424
0.12376543239037813	-0.00017868201534152137
0.12508425955233007	-0.00017868162243370192
0.12640968085009188	-0.00017868122627316918
0.12774172925434224	-0.0001786808268245775
0.12908043790061416	-0.00017868042405184316
0.13042584009011704	-0.0001786800179186405
0.13177796929056776	-0.00017867960838787437
0.1331368591370207	-0.00017867919542223008
0.13450254343270562	-0.00017867877898366196
0.13587505614986897	-0.00017867835903350585
0.1372544314306183	-0.00017867793553292622
0.13864070358777136	-0.0001786775084422907
0.14003390710571012	-0.0001786770777214189
0.14143407664123844	-0.0001786766433296161
0.14284124702444484	-0.00017867620522552305
0.14425545325956707	-0.0001786757633674307
0.1456767305258648	-0.00017867531771278145
0.14710511417849395	-0.00017867486821864976
0.14854063974938644	-0.00017867441484132655
0.14998334294813345	-0.0001786739575365034
0.1514332596628742	-0.00017867349625939598
0.15289042596118857	-0.00017867303096456624
0.15435487809099444	-0.00017867256160569863
0.15582665248144925	-0.00017867208813604244
0.15730578574385642	-0.00017867161050816503
0.1587923146725756	-0.00017867112867402089
0.1602862762459386	-0.0001786706425846707
0.1617877076271685	-0.0001786701521907371
0.16329664616530448	-0.00017866965744185238
0.16481312939613094	-0.00017866915828721938
0.16633719504311156	-0.0001786686546751928
0.16786888101832692	-0.00017866814655337305
0.16940822542341866	-0.00017866763386867627
0.17095526655053575	-0.00017866711656737514
0.17251004288328856	-0.00017866659459470655
0.1740725930977048	-0.00017866606789536046
0.1756429560631934	-0.0001786655364130013
0.17722117084350925	-0.00017866500009084018
0.17880727669772659	-0.00017866445887109535
0.18040131308121543	-0.0001786639126952214
0.18200331964662148	-0.0001786633615038115
0.18361333624485465	-0.00017866280523650885
0.18523140292607912	-0.00017866224383233267
0.18685755994070938	-0.0001786616772293255
0.18849184774041308	-0.0001786611053646501
0.19013430697911532	-0.00017866052817461694
0.19178497851401088	-0.00017865994559479074
0.19344390340658082	-0.00017865935755943444
0.19511112292361377	-0.00017865876400239276
0.1967866785382319	-0.00017865816485618968
0.19847061193092289	-0.00017865756005279706
0.2001629649905775	-0.00017865694952287395
0.20186377981553055	-0.00017865633319634683
0.20357309871460819	-0.00017865571100202963
0.2052909642081813	-0.0001786550828680759
0.207017419029222	-0.0001786544487211956
0.20875250612436788	-0.00017865380848749058
0.21049626865498966	-0.00017865316209190427
0.21224874999826462	-0.0001786525094584506
0.21400999374825602	-0.00017865185050997107
0.2157800437169973	-0.00017865118516840822
0.21755894393558234	-0.00017865051335467233
0.21934673865526005	-0.00017864983498846543
0.2211434723485364	-0.00017864914998868032
0.22294918971027902	-0.00017864845827295268
0.22476393565883038	-0.00017864775975809255
0.22658775533712455	-0.0001786470543596394
0.22842069411381005	-0.00017864634199183074
0.23026279758437915	-0.00017864562256833142
0.23211411157230094	-0.00017864489600143436
0.23397468213016254	-0.00017864416220224945
0.23584455554081346	-0.00017864342108114484
0.23772377831851751	-0.00017864267254687983
0.23961239721011024	-0.0001786419165074274
0.24151045919616082	-0.00017864115286969731
0.24341801149214168	-0.00017864038153925157
0.24533510154960245	-0.00017863960242083654
0.24726177705735047	-0.00017863881541788627
0.2491980859426373	-0.00017863802043275033
0.25114407637235053	-0.00017863721736652863
0.2530997967542124	-0.00017863640611961182
0.2550652957379834	-0.00017863558659094743
0.2570406222166734	-0.0001786347586784644
0.25902582532775686	-0.00017863392227913648
0.26102095445439577	-0.0001786330772886693
0.2630260592266676	-0.00017863222360172478
0.26504118952280104	-0.00017863136111200784
0.26706639547041516	-0.0001786304897121437
0.26910172744776706	-0.000178629609293546
0.27114723608500574	-0.00017862871974673542
0.2732029722654309	-0.00017862782096132477
0.2752689871267581	-0.00017862691282583077
0.2773453320623917	-0.0001786259952275044
0.2794320587227036	-0.0001786250680532525
0.281529219016317	-0.00017862413118845553
0.2836368651113984	-0.00017862318451789927
0.28575504943695557	-0.0001786222279253663
0.28788382468414025	-0.0001786212612937727
0.2900232438075611	-0.00017862028450538507
0.29217336002659877	-0.00017861929744134077
0.29433422682673194	-0.0001786182999822709
0.29650589796086546	-0.00017861729200796498
0.29868842745066976	-0.0001786162733974672
0.30088186958792296	-0.0001786152440292708
0.30308627893586265	-0.00017861420378132507
0.305301710330542	-0.0001786131525307231
0.3075282188821948	-0.0001786120901543153
0.30976585997660583	-0.0001786110165281869
0.31201468927648873	-0.00017860993152834815
0.31427476272287097	-0.00017860883503016952
0.3165461365364855	-0.0001786077269088431
0.318828867219168	-0.0001786066070393318
0.3211230115552639	-0.00017860547529616321
0.32342862661304006	-0.00017860433155399909
0.3257457697461053	-0.000178603175687378
0.32807449859483556	-0.00017860200757080798
0.33041487108780954	-0.0001786008270788703
0.3327669454432486	-0.00017859963408633467
0.33513078017046477	-0.00017859842846817446
0.33750643407131686	-0.00017859721009968592
0.33989396624167323	-0.00017859597885657875
0.3422934360728816	-0.00017859473461505546
0.34470490325324576	-0.00017859347725178562
0.3471284277695118	-0.0001785922066443014
0.34956406990835936	-0.00017859092267072653
0.3520118902579012	-0.0001785896252100606
0.3544719497091907	-0.00017858831414222396
0.35694430945773664	-0.00017858698934826157
0.3594290310050252	-0.00017858565071025468
0.36192617616005013	-0.0001785842981117444
0.3644358070408504	-0.0001785829314373327
0.36695798607605457	-0.00017858155057323168
0.36949277600643504	-0.00017858015540727593
0.37204023988646695	-0.00017857874582886388
0.374600441085899	-0.00017857732172929397
0.3771734432913285	-0.00017857588300153172
0.379759310507785	-0.000178574429540818
0.3823581070603237	-0.00017857296124449809
0.3849698975956254	-0.00017857147801186754
0.3875947470836033	-0.00017856997974477997
0.39023272081902133	-0.000178568466347551
0.3928838844231162	-0.00017856693772687576
0.39554830384523165	-0.0001785653937923539
0.3982260453644579	-0.00017856383445621514
0.4009171755912802	-0.00017856225963351006
0.4036217614692367	-0.0001785606692423644
0.4063398702765827	-0.00017855906320400524
0.40907156962796565	-0.0001785574414427758
0.41181692747610543	-0.00017855580388633985
0.41457601211348605	-0.00017855415046547676
0.4173488921740533	-0.00017855248111479932
0.4201356366349237	-0.00017855079577238606
0.42293631481809807	-0.0001785490943794197
0.4257509963921885	-0.00017854737688139058
0.42857975137414944	-0.00017854564322711985
0.4314226501310203	-0.00017854389336950527
0.43427976338167545	-0.00017854212726503189
0.43715116219858396	-0.0001785403448741554
0.440036918009577	-0.00017853854616141837
0.44293710259962477	-0.00017853673109513856
0.4458517881126228	-0.0001785348996477801
0.4487810470531859	-0.00017853305179545958
0.45172495228845155	-0.0001785311875188011
0.45468357704989376	-0.00017852930680200952
0.45765699493514306	-0.00017852740963346183
0.46064527990981863	-0.0001785254960056189
0.4636485063093676	-0.0001785235659145013
0.4666667488409145	-0.00017852161936026154
0.4697000825851191	-0.00017851965634700976
0.4727485829980444	-0.00017851767688233601
0.4758123259130346	-0.00017851568097753488
0.47889138754259974	-0.00017851366864786957
0.4819858444803126	-0.00017851163991175289
0.4850957737027142	-0.00017850959479102877
0.48822125257122767	-0.00017850753331096245
0.49136235883408375	-0.0001785054554999222
0.49451917062825407	-0.00017850336138924407
0.49769176648139524	-0.00017850125101319497
0.5008802253138022	-0.00017849912440865527
0.5040846264403713	-0.0001784969816150509
0.5073050495725733	-0.000178494822674229
0.510541574820436	-0.0001784926476300138
0.5137942826945383	-0.00017849045652835321
0.5170632541080108	-0.00017848824941694682
0.520348570378551	-0.00017848602634470154
0.5236503132304436	-0.0001784837873620748
0.5269685647965956	-0.00017848153252051236
0.5303034076205784	-0.00017847926187212514
0.5336549246586811	-0.00017847697546976587
0.5370231992819746	-0.00017847467336615797
0.5404083152783844	-0.0001784723556144913
0.5438103568547764	-0.00017847002226726688
0.5472294086390501	-0.0001784676733766797
0.5506655556822453	-0.0001784653089938936
0.5541188834606565	-0.0001784629291688071
0.5575894778779599	-0.00017846053395031945
0.5610774252673494	-0.000178458123384964
0.564582812393686	-0.0001784556975175262
0.5681057264556543	-0.00017845325639024917
0.5716462550879327	-0.000178450800043002
0.5752044863633723	-0.00017844832851202165
0.578780508795189	-0.00017844584183067811
0.5823744113391649	-0.00017844334002840284
0.5859862833958606	-0.00017844082313074066
0.5896162148128399	-0.0001784382911590244
0.5932642958869042	-0.00017843574412952675
0.5969306173663387	-0.00017843318205404947
0.6006152704531702	-0.000178430604938638
0.6043183468054361	-0.0001784280127839901
0.6080399385394633	-0.00017842540558483645
0.6117801382321605	-0.00017842278332928842
0.615539038923321	-0.0001784201459993119
0.6193167341179376	-0.00017841749356942255
0.6231133177885273	-0.00017841482600757538
0.6269288843774701	-0.0001784121432733649
0.6307635287993573	-0.00017840944531922679
0.6346173464433539	-0.00017840673208884396
0.6384904331755705	-0.00017840400351748584
0.6423828853414483	-0.00017840125953184075
0.6462947997681555	-0.00017839850004919866
0.6502262737669962	-0.00017839572497744323
0.6541774051358311	-0.00017839293421483893
0.6581482921615099	-0.00017839012764926126
0.6621390336223173	-0.00017838730515840645
0.6661497287904288	-0.0001783844666095195
0.6701804774343807	-0.0001783816118582714
0.6742313798215525	-0.00017837874074946145
0.6783025367206603	-0.0001783758531163184
0.6823940494042636	-0.00017837294877973226
0.6865060196512851	-0.0001783700275490572
0.6906385497495416	-0.00017836708922052753
0.6947917424982893	-0.0001783641335778471
0.6989657012107808	-0.000178361160391502
0.7031605297168348	-0.00017835816941873573
0.7073763323654189	-0.00017835516040282635
0.7116132140272461	-0.0001783521330730554
0.715871280097382	-0.00017834908714449153
0.7201506364978687	-0.00017834602231739906
0.7244513896803577	-0.00017834293827707142
0.7287736466287593	-0.00017833983469339756
0.733117514861903	-0.00017833671122071478
0.7374831024362126	-0.0001783335674974659
0.7418705179483935	-0.00017833040314543157
0.7462798705381356	-0.000178327217770152
0.7507112698908263	-0.0001783240109598144
0.7551648262402804	-0.00017832078228541143
0.759640650371482	-0.00017831753129979322
0.7641388536233394	-0.0001783142575382482
0.7686595478914561	-0.00017831096051696901
0.7732028456309133	-0.00017830763973325495
0.7777688598590677	-0.0001783042946651275
0.7823577041583629	-0.00017830092477060997
0.7869694926791548	-0.00017829752948734452
0.7916043401425507	-0.00017829410823193506
0.7962623618432633	-0.00017829066039966454
0.8009436736524796	-0.00017828718536383215
0.805648392020742	-0.00017828368247461255
0.8103766339808457	-0.0001782801510591591
0.81512851715075	-0.00017827659042024392
0.8199041597365035	-0.00017827299983569621
0.8247036805351862	-0.00017826937855735476
0.8295271989378621	-0.00017826572580980718
0.8343748349325514	-0.00017826204078973175
0.8392467091072142	-0.00017825832266450147
0.8441429426527504	-0.00017825457057037212
0.849063657366014	-0.00017825078361107977
0.8540089756528442	-0.00017824696085609428
0.8589790205311084	-0.0001782431013383511
0.863973915633764	-0.00017823920405200813
0.8689739156337638	-0.0001782352762567651
0.8739739156337636	-0.0001782313265674837
0.8789739156337634	-0.00017822735616063415
0.8839739156337632	-0.000178223364299348
0.8889739156337629	-0.0001782193502153249
0.8939739156337627	-0.00017821531310954178
0.8989739156337626	-0.00017821125214984167
0.9039739156337624	-0.00017820716646751596
0.9089739156337622	-0.0001782030551516494
0.913973915633762	-0.00017819891724550036
0.9189739156337617	-0.00017819475173987194
0.9239739156337615	-0.00017819055756792732
0.9289739156337613	-0.00017818633359670751
0.9339739156337611	-0.00017818207862036918
0.938973915633761	-0.00017817779134938146
0.9439739156337608	-0.00017817347040104348
0.9489739156337605	-0.00017816911428710034
0.9539739156337603	-0.00017816472139950068
0.9589739156337601	-0.0001781602899946461
0.9639739156337599	-0.00017815581817499687
0.9689739156337597	-0.00017815130386826902
0.9739739156337595	-0.0001781467448024852
0.9789739156337594	-0.00017814213847766852
0.9839739156337591	-0.0001781374821331647
0.9889739156337589	-0.00017813277270915348
0.9939739156337587	-0.00017812800680137007
0.9989739156337585	-0.00017812318060893664
1.0039739156337584	-0.0001781182898717856
1.008973915633758	-0.00017811332979871168
1.013973915633758	-0.000178108294980748
1.0189739156337576	-0.00017810317929061814
1.0239739156337575	-0.00017809797576064353
1.0289739156337572	-0.0001780926764414113
1.033973915633757	-0.00017808727223159946
1.038973915633757	-0.00017808175267573312
1.0439739156337566	-0.0001780761057222128
1.0489739156337565	-0.00017807031743739108
1.0539739156337562	-0.00017806437165970892
1.058973915633756	-0.00017805824958884081
1.0639739156337558	-0.00017805192929295027
1.0689739156337557	-0.00017804538511666712
1.0739739156337553	-0.0001780385869724039
1.0789739156337552	-0.0001780314994884343
1.0839739156337551	-0.00017802408098638347
1.0889739156337548	-0.0001780162822503743
1.0939739156337547	-0.00017800804504776313
1.0989739156337544	-0.00017799930034924304
1.1039739156337542	-0.00017798996618477686
1.108973915633754	-0.0001779799450630403
1.1139739156337538	-0.00017796912086114451
1.1189739156337537	-0.00017795735507717458
1.1239739156337534	-0.00017794448231446585
1.1289739156337533	-0.00017793030483612856
1.133973915633753	-0.00017791458599952957
1.1389739156337528	-0.00017789704234183904
1.1439739156337525	-0.0001778773340326862
1.1489739156337524	-0.00017785505336433155
1.153973915633752	-0.00017782971086894564
1.158973915633752	-0.00017780071858151123
1.1639739156337519	-0.00017776736986024484
1.1689739156337515	-0.00017772881506054745
1.1739739156337514	-0.00017768403221275796
1.178973915633751	-0.00017763179169668866
1.183973915633751	-0.0001775706136782844
1.1889739156337507	-0.00017749871685242456
1.1939739156337505	-0.0001774139567310828
1.1989739156337504	-0.00017731375135796406
1.2039739156337501	-0.00017719499192616703
1.20897391563375	-0.00017705393523750272
1.2139739156337497	-0.00017688607434934836
1.2189739156337496	-0.00017668598298449585
1.2239739156337492	-0.00017644712836790922
1.2289739156337491	-0.0001761616460359693
1.2339739156337488	-0.00017582006877289843
1.2389739156337487	-0.00017541100013888643
1.2439739156337486	-0.00017492072095141615
1.2489739156337483	-0.0001743327145222944
1.2539739156337482	-0.00017362709329635524
1.2589739156337478	-0.00017277990572057546
1.2639739156337477	-0.0001717622975651725
1.2689739156337474	-0.00017053949638734666
1.2739739156337473	-0.00016906958126046355
1.2789739156337472	-0.00016730199208294562
1.2839739156337469	-0.00016517572353401188
1.2889739156337467	-0.00016261713774457152
1.2939739156337464	-0.00015953731664155186
1.2989739156337463	-0.0001558288592448634
1.303973915633746	-0.00015136201041324003
1.3089739156337459	-0.00014597998512180284
1.3139739156337455	-0.00013949332567765103
1.3189739156337454	-0.00013167309781095225
1.3239739156337453	-0.0001222426947504968
1.328973915633745	-0.00011086797576806563
1.333973915633745	-9.714541690033604e-5
1.3389739156337446	-8.058789658029596e-5
1.3439739156337445	-6.060767808207816e-5
1.3489739156337441	-3.649608506686053e-5
1.353973915633744	-7.399298278701102e-6
1.358973915633744	2.7710365670145514e-5
1.3639739156337436	7.006839232432882e-5
1.3689739156337435	0.00012115796639743135
1.3739739156337432	0.00018275658301347624
1.378973915633743	0.0002569900919676828
1.3839739156337427	0.0003463947816917341
1.3879804367253072	0.0004311766729987189
1.3919869578168715	0.0005292693648745325
1.395993478908436	0.0006429040052807645
1.4	0.0007744379823321457
