0.0006999999999999628	-0.00017749665635542584
0.001403500000000035	-0.0001774867695259598
0.0021105174999999296	-0.00017748649203565555
0.0028210700874998964	-0.00017748633920984348
0.003535175437937438	-0.0001774861873630129
0.004252851315127062	-0.00017748603482264694
0.004974115571702636	-0.00017748588156213645
0.005698986149561044	-0.00017748572757787714
0.006427481080308875	-0.00017748557286673496
0.007159618485710418	-0.00017748541742538713
0.007895416578138905	-0.0001774852612505475
0.008634893661029494	-0.00017748510433900213
0.00937806812933463	-0.00017748494668747372
0.010124958469981361	-0.00017748478829264177
0.010875583262331262	-0.00017748462915117142
0.01162996117864295	-0.00017748446925975648
0.012388110984536127	-0.00017748430861505522
0.013150051539458866	-0.00017748414721375082
0.013915801797156208	-0.00017748398505246446
0.014685380806142003	-0.00017748382212774534
0.015458807710172712	-0.0001774836584362989
0.01623610174872358	-0.00017748349397469622
0.017017282257467212	-0.00017748332873951912
0.017802368668754516	-0.0001774831627272879
0.01859138051209827	-0.0001774829959346584
0.019384337414658823	-0.00017748282835801832
0.020181259101732015	-0.00017748265999405547
0.020982165397240727	-0.00017748249083918125
0.02178707622422691	-0.0001774823208899189
0.02259601160534814	-0.00017748215014274336
0.02340899166337483	-0.00017748197859418583
0.024226036621691812	-0.00017748180624067085
0.02504716680480027	-0.00017748163307857435
0.025872402638824326	-0.0001774814591043841
0.02670176465201842	-0.00017748128431457525
0.02753527347527842	-0.00017748110870545854
0.028372949842654864	-0.00017748093227344016
0.0292148145918682	-0.00017748075501494207
0.03006088866482743	-0.00017748057692624253
0.03091119310815165	-0.00017748039800371764
0.0317657490736924	-0.0001774802182437954
0.03262457781906081	-0.00017748003764261446
0.03348770070815601	-0.00017747985619659306
0.034355139211696875	-0.0001774796739020171
0.035226914907755424	-0.00017747949075512734
0.03610304948229413	-0.00017747930675217469
0.03698356472970569	-0.00017747912188940815
0.03786848255335419	-0.000177478936163047
0.038757824966120964	-0.00017747874956930315
0.03965161409095162	-0.00017747856210441587
0.04054987216140643	-0.000177478373764554
0.04145262152221345	-0.00017747818454589005
0.04235988462982453	-0.00017747799444449235
0.04327168405297366	-0.00017747780345658677
0.0441880424732386	-0.00017747761157825624
0.04510898268560485	-0.00017747741880568807
0.046034527599032954	-0.0001774772251348749
0.04696470023702812	-0.00017747703056194682
0.04789952373821329	-0.0001774768350829563
0.048839021356904266	-0.00017747663869395748
0.04978321646368884	-0.0001774764413909724
0.05073213254600732	-0.00017747624317000332
0.05168579320873729	-0.0001774760440270688
0.052644222174780875	-0.000177475843958104
0.05360744328565471	-0.0001774756429592233
0.054575480502083065	-0.00017747544102617103
0.05554835790459365	-0.00017747523815504456
0.05652609969411678	-0.00017747503434179313
0.05750873019258755	-0.00017747482958216447
0.05849627384355038	-0.00017747462387220095
0.05948875521276831	-0.0001774744172076039
0.060486198988831924	-0.00017747420958441452
0.061488629983776036	-0.00017747400099840736
0.062496073133695054	-0.0001774737914453687
0.06350855349936363	-0.0001774735809211224
0.06452609626686023	-0.0001774733694215454
0.06554872674819473	-0.00017747315694230896
0.0665764703819355	-0.00017747294347925772
0.06760935273384511	-0.00017747272902805946
0.06864739949751451	-0.00017747251358453902
0.06969063649500218	-0.00017747229714430417
0.07073908967747725	-0.00017747207970312336
0.07179278512586448	-0.00017747186125660698
0.07285174905149387	-0.00017747164180058732
0.07391600779675113	-0.00017747142133049372
0.07498558783573481	-0.00017747119984205237
0.07606051577491364	-0.00017747097733096634
0.07714081835378801	-0.000177470753792671
0.0782265224455569	-0.0001774705292228683
0.07931765505778446	-0.00017747030361706906
0.08041424333307354	-0.0001774700769707876
0.08151631454973869	-0.00017746984927959446
0.08262389612248718	-0.00017746962053897028
0.08373701560309972	-0.0001774693907445271
0.08485570068111534	-0.00017746915989158376
0.08597997918452092	-0.00017746892797570985
0.08710987908044335	-0.0001774686949922895
0.08824542847584554	-0.00017746846093678675
0.08938665561822474	-0.00017746822580455272
0.0905335888963159	-0.00017746798959105092
0.09168625684079766	-0.0001774677522916557
0.09284468812500156	-0.00017746751390168556
0.09400891156562662	-0.0001774672744164327
0.09517895612345495	-0.00017746703383132676
0.09635485090407213	-0.00017746679214156275
0.09753662515859228	-0.00017746654934255374
0.09872430828438533	-0.0001774663054294583
0.09991792982580742	-0.00017746606039751843
0.10111751947493633	-0.00017746581424207453
0.10232310707231096	-0.00017746556695827947
0.10353472260767245	-0.00017746531854131835
0.1047523962207106	-0.00017746506898638808
0.1059761582018141	-0.00017746481828865326
0.10720603899282295	-0.00017746456644318287
0.10844206918778705	-0.0001774643134452493
0.10968427953372589	-0.00017746405928986984
0.11093270093139453	-0.00017746380397206567
0.11218736443605157	-0.00017746354748708894
0.11344830125823162	-0.00017746328982980617
0.11471554276452282	-0.00017746303099535962
0.11598912047834534	-0.00017746277097870498
0.11726906608073716	-0.00017746250977486965
0.11855541141114084	-0.00017746224737886398
0.11984818846819666	-0.00017746198378559678
0.12114742941053756	-0.00017746171899005132
0.12245316655759021	-0.0001774614529871011
0.12376543239037813	-0.00017746118577169193
0.12508425955233007	-0.00017746091733866404
0.12640968085009188	-0.00017746064768294073
0.12774172925434224	-0.00017746037679932934
0.12908043790061416	-0.00017746010468268532
0.13042584009011704	-0.00017745983132780635
0.13177796929056776	-0.00017745955672946806
0.1331368591370207	-0.00017745928088238163
0.13450254343270562	-0.00017745900378150772
0.13587505614986897	-0.00017745872542144058
0.1372544314306183	-0.0001774584457968324
0.13864070358777136	-0.00017745816490252162
0.14003390710571012	-0.00017745788273309287
0.14143407664123844	-0.00017745759928313256
0.14284124702444484	-0.00017745731454758487
0.14425545325956707	-0.00017745702852068804
0.1456767305258648	-0.00017745674119731461
0.14710511417849395	-0.00017745645257189661
0.14854063974938644	-0.00017745616263910177
0.14998334294813345	-0.00017745587139340549
0.1514332596628742	-0.00017745557882933294
0.15289042596118857	-0.0001774552849413937
0.15435487809099444	-0.0001774549897240792
0.15582665248144925	-0.000177454693171962
0.15730578574385642	-0.00017745439527935673
0.1587923146725756	-0.00017745409604067879
0.1602862762459386	-0.00017745379545042723
0.1617877076271685	-0.00017745349350290458
0.16329664616530448	-0.0001774531901925887
0.16481312939613094	-0.00017745288551375518
0.16633719504311156	-0.00017745257946071962
0.16786888101832692	-0.00017745227202789143
0.16940822542341866	-0.0001774519632093884
0.17095526655053575	-0.00017745165299966773
0.17251004288328856	-0.00017745134139289344
0.1740725930977048	-0.00017745102838335474
0.1756429560631934	-0.00017745071396516962
0.17722117084350925	-0.00017745039813258577
0.17880727669772659	-0.0001774500808798435
0.18040131308121543	-0.00017744976220103687
0.18200331964662148	-0.00017744944209025754
0.18361333624485465	-0.0001774491205417123
0.18523140292607912	-0.00017744879754948224
0.18685755994070938	-0.00017744847310761496
0.18849184774041308	-0.00017744814721017469
0.19013430697911532	-0.0001774478198511851
0.19178497851401088	-0.00017744749102476044
0.19344390340658082	-0.00017744716072482105
0.19511112292361377	-0.00017744682894534793
0.1967866785382319	-0.00017744649568034616
0.19847061193092289	-0.000177446160923728
0.2001629649905775	-0.00017744582466944455
0.20186377981553055	-0.0001774454869113827
0.20357309871460819	-0.00017744514764345368
0.2052909642081813	-0.00017744480685948866
0.207017419029222	-0.00017744446455336113
0.20875250612436788	-0.00017744412071887857
0.21049626865498966	-0.00017744377534989052
0.21224874999826462	-0.00017744342844019486
0.21400999374825602	-0.00017744307998348335
0.2157800437169973	-0.00017744272997362862
0.21755894393558234	-0.0001774423784042357
0.21934673865526005	-0.00017744202526918777
0.2211434723485364	-0.00017744167056197503
0.22294918971027902	-0.0001774413142764319
0.22476393565883038	-0.00017744095640614125
0.22658775533712455	-0.00017744059694473784
0.22842069411381005	-0.00017744023588589278
0.23026279758437915	-0.00017743987322325924
0.23211411157230094	-0.00017743950895028355
0.23397468213016254	-0.00017743914306057027
0.23584455554081346	-0.00017743877554777572
0.23772377831851751	-0.00017743840640528738
0.23961239721011024	-0.00017743803562665517
0.24151045919616082	-0.00017743766320532225
0.24341801149214168	-0.0001774372891349892
0.24533510154960245	-0.00017743691340881156
0.24726177705735047	-0.00017743653602033733
0.2491980859426373	-0.00017743615696300645
0.25114407637235053	-0.00017743577623023283
0.2530997967542124	-0.0001774353938152514
0.2550652957379834	-0.00017743500971161008
0.2570406222166734	-0.00017743462391253085
0.25902582532775686	-0.00017743423641133213
0.26102095445439577	-0.00017743384720136132
0.2630260592266676	-0.00017743345627579623
0.26504118952280104	-0.00017743306362803498
0.26706639547041516	-0.00017743266925124868
0.26910172744776706	-0.00017743227313865253
0.27114723608500574	-0.00017743187528343666
0.2732029722654309	-0.00017743147567879808
0.2752689871267581	-0.00017743107431798206
0.2773453320623917	-0.0001774306711939555
0.2794320587227036	-0.00017743026629993524
0.281529219016317	-0.00017742985962900472
0.2836368651113984	-0.00017742945117429047
0.28575504943695557	-0.00017742904092881993
0.28788382468414025	-0.0001774286288855379
0.2900232438075611	-0.00017742821503759803
0.29217336002659877	-0.00017742779937789278
0.29433422682673194	-0.00017742738189948872
0.29650589796086546	-0.0001774269625952333
0.29868842745066976	-0.00017742654145809972
0.30088186958792296	-0.00017742611848096007
0.30308627893586265	-0.0001774256936567248
0.305301710330542	-0.00017742526697819117
0.3075282188821948	-0.00017742483843828996
0.30976585997660583	-0.0001774244080296955
0.31201468927648873	-0.00017742397574521852
0.31427476272287097	-0.00017742354157763683
0.3165461365364855	-0.00017742310551963628
0.318828867219168	-0.00017742266756403072
0.3211230115552639	-0.00017742222770330263
0.32342862661304006	-0.00017742178593011247
0.3257457697461053	-0.00017742134223714344
0.32807449859483556	-0.0001774208966169524
0.33041487108780954	-0.00017742044906201768
0.3327669454432486	-0.00017741999956484626
0.33513078017046477	-0.00017741954811799837
0.33750643407131686	-0.00017741909471376066
0.33989396624167323	-0.0001774186393446599
0.3422934360728816	-0.0001774181820029285
0.34470490325324576	-0.0001774177226809895
0.3471284277695118	-0.00017741726137111087
0.34956406990835936	-0.00017741679806536088
0.3520118902579012	-0.00017741633275600887
0.3544719497091907	-0.00017741586543527162
0.35694430945773664	-0.00017741539609513536
0.3594290310050252	-0.00017741492472771915
0.36192617616005013	-0.00017741445132496092
0.3644358070408504	-0.00017741397587869417
0.36695798607605457	-0.00017741349838091509
0.36949277600643504	-0.00017741301882340395
0.37204023988646695	-0.00017741253719784404
0.374600441085899	-0.00017741205349605337
0.3771734432913285	-0.00017741156770951242
0.379759310507785	-0.00017741107982976068
0.3823581070603237	-0.00017741058984827994
0.3849698975956254	-0.00017741009775650395
0.3875947470836033	-0.00017740960354571995
0.39023272081902133	-0.00017740910720708293
0.3928838844231162	-0.00017740860873180112
0.39554830384523165	-0.00017740810811090856
0.3982260453644579	-0.00017740760533520902
0.4009171755912802	-0.00017740710039573941
0.4036217614692367	-0.00017740659328310308
0.4063398702765827	-0.00017740608398798723
0.40907156962796565	-0.00017740557250086575
0.41181692747610543	-0.000177405058812041
0.41457601211348605	-0.00017740454291191617
0.4173488921740533	-0.0001774040247905771
0.4201356366349237	-0.0001774035044378372
0.42293631481809807	-0.00017740298184366844
0.4257509963921885	-0.00017740245699773816
0.42857975137414944	-0.0001774019298895995
0.4314226501310203	-0.00017740140050852114
0.43427976338167545	-0.00017740086884374847
0.43715116219858396	-0.0001774003348842169
0.440036918009577	-0.00017739979861877326
0.44293710259962477	-0.0001773992600360055
0.4458517881126228	-0.0001773987191242569
0.4487810470531859	-0.00017739817587181453
0.45172495228845155	-0.00017739763026654748
0.45468357704989376	-0.00017739708229598934
0.45765699493514306	-0.00017739653194798983
0.46064527990981863	-0.0001773959792094042
0.4636485063093676	-0.0001773954240671912
0.4666667488409145	-0.00017739486650810088
0.4697000825851191	-0.0001773943065182945
0.4727485829980444	-0.00017739374408398448
0.4758123259130346	-0.00017739317919059755
0.47889138754259974	-0.0001773926118237632
0.4819858444803126	-0.0001773920419682716
0.4850957737027142	-0.0001773914696087176
0.48822125257122767	-0.00017739089472942256
0.49136235883408375	-0.00017739031731411737
0.49451917062825407	-0.00017738973734630445
0.49769176648139524	-0.00017738915480881916
0.5008802253138022	-0.00017738856968416736
0.5040846264403713	-0.00017738798195426726
0.5073050495725733	-0.00017738739160063388
0.510541574820436	-0.0001773867986042081
0.5137942826945383	-0.00017738620294539768
0.5170632541080108	-0.0001773856046039445
0.520348570378551	-0.00017738500355915285
0.5236503132304436	-0.00017738439978960327
0.5269685647965956	-0.00017738379327319632
0.5303034076205784	-0.00017738318398702178
0.5336549246586811	-0.00017738257190770258
0.5370231992819746	-0.00017738195701098744
0.5404083152783844	-0.00017738133927185966
0.5438103568547764	-0.00017738071866453057
0.5472294086390501	-0.00017738009516208016
0.5506655556822453	-0.00017737946873717787
0.5541188834606565	-0.00017737883936121251
0.5575894778779599	-0.00017737820700467437
0.5610774252673494	-0.0001773775716369419
0.564582812393686	-0.00017737693322662234
0.5681057264556543	-0.00017737629174104658
0.5716462550879327	-0.00017737564714606402
0.5752044863633723	-0.00017737499940711444
0.578780508795189	-0.00017737434848756853
0.5823744113391649	-0.0001773736943499186
0.5859862833958606	-0.00017737303695515406
0.5896162148128399	-0.00017737237626287749
0.5932642958869042	-0.000177371712231102
0.5969306173663387	-0.0001773710448162319
0.6006152704531702	-0.00017737037397342053
0.6043183468054361	-0.00017736969965557713
0.6080399385394633	-0.00017736902181414533
0.6117801382321605	-0.00017736834039860472
0.615539038923321	-0.00017736765535643427
0.6193167341179376	-0.0001773669666331296
0.6231133177885273	-0.0001773662741720619
0.6269288843774701	-0.0001773655779143549
0.6307635287993573	-0.0001773648777987696
0.6346173464433539	-0.0001773641737615702
0.6384904331755705	-0.0001773634657365237
0.6423828853414483	-0.0001773627536547122
0.6462947997681555	-0.000177362037444337
0.6502262737669962	-0.000177361317030738
0.6541774051358311	-0.00017736059233610857
0.6581482921615099	-0.00017735986327943056
0.6621390336223173	-0.00017735912977636224
0.6661497287904288	-0.00017735839173884695
0.6701804774343807	-0.00017735764907499794
0.6742313798215525	-0.0001773569016896708
0.6783025367206603	-0.0001773561494827325
0.6823940494042636	-0.0001773553923504583
0.6865060196512851	-0.00017735463018411863
0.6906385497495416	-0.0001773538628702587
0.6947917424982893	-0.0001773530902907355
0.6989657012107808	-0.0001773523123221016
0.7031605297168348	-0.00017735152883504175
0.7073763323654189	-0.00017735073969469853
0.7116132140272461	-0.00017734994475999868
0.715871280097382	-0.00017734914388346215
0.7201506364978687	-0.00017734833691087794
0.7244513896803577	-0.000177347523680497
0.7287736466287593	-0.00017734670402365805
0.733117514861903	-0.0001773458777631172
0.7374831024362126	-0.00017734504471356163
0.7418705179483935	-0.00017734420468047435
0.7462798705381356	-0.0001773433574604305
0.7507112698908263	-0.00017734250283971337
0.7551648262402804	-0.00017734164059398744
0.759640650371482	-0.00017734077048805864
0.7641388536233394	-0.00017733989227476004
0.7686595478914561	-0.0001773390056948783
0.7732028456309133	-0.0001773381104750572
0.7777688598590677	-0.00017733720632881359
0.7823577041583629	-0.00017733629295398325
0.7869694926791548	-0.00017733537003300942
0.7916043401425507	-0.00017733443723125
0.7962623618432633	-0.00017733349419610158
0.8009436736524796	-0.00017733254055592133
0.805648392020742	-0.00017733157591838606
0.8103766339808457	-0.00017733059986958585
0.81512851715075	-0.0001773296119725096
0.8199041597365035	-0.00017732861176472499
0.8247036805351862	-0.00017732759875791287
0.8295271989378621	-0.00017732657243468866
0.8343748349325514	-0.00017732553224708613
0.8392467091072142	-0.00017732447761476813
0.8441429426527504	-0.00017732340792188752
0.849063657366014	-0.0001773223225146866
0.8540089756528442	-0.00017732122069832464
0.8589790205311084	-0.00017732010173419864
0.863973915633764	-0.0001773189648358155
0.8689739156337638	-0.00017731781175322014
0.8739739156337636	-0.00017731664442425328
0.8789739156337634	-0.00017731546266971186
0.8839739156337632	-0.00017731426575496405
0.8889739156337629	-0.00017731305290014885
0.8939739156337627	-0.00017731182328024122
0.8989739156337626	-0.00017731057602003012
0.9039739156337624	-0.0001773093101904968
0.9089739156337622	-0.0001773080248036526
0.913973915633762	-0.0001773067188082555
0.9189739156337617	-0.00017730539108319363
0.9239739156337615	-0.00017730404043148372
0.9289739156337613	-0.00017730266557193028
0.9339739156337611	-0.00017730126513260575
0.938973915633761	-0.00017729983764012806
0.9439739156337608	-0.00017729838150940306
0.9489739156337605	-0.00017729689503094277
0.9539739156337603	-0.00017729537635785363
0.9589739156337601	-0.00017729382348916832
0.9639739156337599	-0.00017729223425110976
0.9689739156337597	-0.0001772906062767386
0.9739739156337595	-0.00017728893698055857
0.9789739156337594	-0.00017728722352979508
0.9839739156337591	-0.0001772854628118053
0.9889739156337589	-0.00017728365139433724
0.9939739156337587	-0.0001772817854805998
0.9989739156337585	-0.00017727986085587112
1.0039739156337584	-0.0001772778728236729
1.008973915633758	-0.0001772758161339064
1.013973915633758	-0.000177273684893295
1.0189739156337576	-0.00017727147246454224
1.0239739156337575	-0.00017726917134243931
1.0289739156337572	-0.00017726677301015066
1.033973915633757	-0.00017726426776647124
1.038973915633757	-0.00017726164452144607
1.0439739156337566	-0.00017725889055219304
1.0489739156337565	-0.00017725599121191322
1.0539739156337562	-0.0001772529295825404
1.058973915633756	-0.00017724968606048784
1.0639739156337558	-0.00017724623785725903
1.0689739156337557	-0.0001772425584055634
1.0739739156337553	-0.00017723861664741136
1.0789739156337552	-0.0001772343761744393
1.0839739156337551	-0.0001772297942046101
1.0889739156337548	-0.00017722482034585014
1.0939739156337547	-0.0001772193951132174
1.0989739156337544	-0.00017721344814709293
1.1039739156337542	-0.00017720689606603432
1.108973915633754	-0.00017719963988620436
1.1139739156337538	-0.00017719156191290473
1.1189739156337537	-0.00017718252199633
1.1239739156337534	-0.00017717235302117476
1.1289739156337533	-0.00017716085547376552
1.133973915633753	-0.00017714779089035907
1.1389739156337528	-0.00017713287396205305
1.1439739156337525	-0.00017711576301696457
1.1489739156337524	-0.00017709604854238784
1.153973915633752	-0.00017707323934690504
1.158973915633752	-0.0001770467458775556
1.1639739156337519	-0.0001770158601008864
1.1689739156337515	-0.00017697973124943033
1.1739739156337514	-0.0001769373365847665
1.178973915633751	-0.00017688744615461692
1.183973915633751	-0.00017682858032064237
1.1889739156337507	-0.0001767589585808258
1.1939739156337505	-0.00017667643791718587
1.1989739156337504	-0.0001765784385327761
1.2039739156337501	-0.0001764618544240576
1.20897391563375	-0.00017632294570104075
1.2139739156337497	-0.0001761572089495234
1.2189739156337496	-0.000175959221163177
1.2239739156337492	-0.00017572245185274764
1.2289739156337491	-0.00017543903680692602
1.2339739156337488	-0.00017509950561017947
1.2389739156337487	-0.00017469245333395604
1.2439739156337486	-0.0001742041447549453
1.2489739156337483	-0.00017361803693866199
1.2539739156337482	-0.00017291420293919597
1.2589739156337478	-0.00017206863563604905
1.2639739156337477	-0.0001710524062054222
1.2689739156337474	-0.0001698306462928622
1.2739739156337473	-0.00016836131646807948
1.2789739156337472	-0.00016659371583200165
1.2839739156337469	-0.00016446667849129393
1.2889739156337467	-0.00016190639180817688
1.2939739156337464	-0.00015882375852007677
1.2989739156337463	-0.00015511120968836112
1.303973915633746	-0.0001506388575549604
1.3089739156337459	-0.00014524985633526799
1.3139739156337455	-0.0001387548143572153
1.3189739156337454	-0.00013092507244731434
1.3239739156337453	-0.00012148463084119043
1.328973915633745	-0.00011010047025385744
1.333973915633745	-9.637097245065894e-5
1.3389739156337446	-7.981210270642305e-5
1.3439739156337445	-5.984097273350072e-5
1.3489739156337441	-3.575636101019674e-5
1.353973915633744	-6.715732691068991e-6
1.358973915633744	2.8291719416545522e-5
1.3639739156337436	7.047648773173234e-5
1.3689739156337435	0.00012128504926661253
1.3739739156337432	0.00018244138393143518
1.378973915633743	0.00025599386131152805
1.3839739156337427	0.00034436734952270195
1.3879804367253072	0.00042795737634012277
1.3919869578168715	0.0005244268839452053
1.395993478908436	0.0006358534535489306
1.4	0.0007644022525327217
