0.0006999999999999628	-0.0001744583636482135
0.001403500000000035	-0.00017444751085266493
0.0021105174999999296	-0.00017444693386778505
0.0028210700874998964	-0.0001744464955553182
0.003535175437937438	-0.0001744460565536625
0.004252851315127062	-0.00017444561492131982
0.004974115571702636	-0.00017444517061281138
0.005698986149561044	-0.0001744447236088081
0.006427481080308875	-0.00017444427389020142
0.007159618485710418	-0.00017444382143774647
0.007895416578138905	-0.0001744433662319209
0.008634893661029494	-0.00017444290825321474
0.00937806812933463	-0.00017444244748177336
0.010124958469981361	-0.00017444198389756228
0.010875583262331262	-0.00017444151748056773
0.01162996117864295	-0.0001744410482103891
0.012388110984536127	-0.0001744405760666128
0.013150051539458866	-0.0001744401010284407
0.013915801797156208	-0.00017443962307508545
0.014685380806142003	-0.0001744391421854615
0.015458807710172712	-0.00017443865833831552
0.01623610174872358	-0.00017443817151221406
0.017017282257467212	-0.00017443768168559097
0.017802368668754516	-0.0001744371888365424
0.01859138051209827	-0.0001744366929431004
0.019384337414658823	-0.00017443619398299921
0.020181259101732015	-0.00017443569193383192
0.020982165397240727	-0.00017443518677297696
0.02178707622422691	-0.00017443467847763785
0.02259601160534814	-0.0001744341670247121
0.02340899166337483	-0.00017443365239094575
0.024226036621691812	-0.00017443313455294695
0.02504716680480027	-0.00017443261348691
0.025872402638824326	-0.0001744320891690498
0.02670176465201842	-0.0001744315615751044
0.02753527347527842	-0.00017443103068086246
0.028372949842654864	-0.00017443049646167296
0.0292148145918682	-0.00017442995889275348
0.03006088866482743	-0.00017442941794905983
0.03091119310815165	-0.00017442887360524816
0.0317657490736924	-0.00017442832583591168
0.03262457781906081	-0.00017442777461525478
0.03348770070815601	-0.00017442721991731036
0.034355139211696875	-0.00017442666171575358
0.035226914907755424	-0.00017442609998419523
0.03610304948229413	-0.0001744255346958563
0.03698356472970569	-0.00017442496582368577
0.03786848255335419	-0.00017442439334046747
0.038757824966120964	-0.00017442381721869535
0.03965161409095162	-0.00017442323743064247
0.04054987216140643	-0.00017442265394818546
0.04145262152221345	-0.00017442206674300113
0.04235988462982453	-0.00017442147578650475
0.04327168405297366	-0.0001744208810498679
0.0441880424732386	-0.00017442028250383643
0.04510898268560485	-0.00017441968011908747
0.046034527599032954	-0.00017441907386586745
0.04696470023702812	-0.00017441846371409086
0.04789952373821329	-0.00017441784963351584
0.048839021356904266	-0.00017441723159350884
0.04978321646368884	-0.00017441660956320733
0.05073213254600732	-0.0001744159835112605
0.05168579320873729	-0.0001744153534062794
0.052644222174780875	-0.00017441471921635874
0.05360744328565471	-0.00017441408090936264
0.054575480502083065	-0.00017441343845272115
0.055548357904593434	-0.00017441279181380775
0.056526099694116344	-0.0001744121409593014
0.0575087301925869	-0.0001744114858558404
0.05849627384354973	-0.00017441082646958166
0.05948875521276744	-0.0001744101627663622
0.06048619898883127	-0.00017440949471169526
0.061488629983775384	-0.0001744088222706816
0.06249607313369419	-0.00017440814540824412
0.06350855349936275	-0.00017440746408861664
0.06452609626685958	-0.00017440677827605184
0.06554872674819387	-0.00017440608793411786
0.06657647038193484	-0.00017440539302627584
0.06760935273384447	-0.00017440469351524888
0.06864739949751365	-0.0001744039893637849
0.0696906364950013	-0.00017440328053407004
0.07073908967747639	-0.00017440256698768823
0.07179278512586384	-0.00017440184868612311
0.07285174905149322	-0.0001744011255904283
0.0739160077967507	-0.00017440039766100044
0.07498558783573436	-0.00017439966485807934
0.07606051577491299	-0.0001743989271413229
0.07714081835378758	-0.00017439818447008827
0.07822652244555647	-0.00017439743680319495
0.07931765505778425	-0.00017439668409905602
0.0804142433330731	-0.0001743959263156712
0.08151631454973848	-0.0001743951634105441
0.08262389612248718	-0.0001743943953407444
0.0837370156030995	-0.00017439362206291884
0.0848557006811149	-0.00017439284353311534
0.0859799791845205	-0.0001743920597070133
0.08710987908044313	-0.0001743912705398875
0.08824542847584534	-0.00017439047598627217
0.08938665561822454	-0.00017438967600052086
0.09053358889631567	-0.00017438887053623865
0.09168625684079722	-0.0001743880595465659
0.09284468812500112	-0.00017438724298424096
0.09400891156562617	-0.00017438642080132047
0.0951789561234543	-0.00017438559294951592
0.09635485090407148	-0.00017438475937980999
0.09753662515859184	-0.00017438392004278205
0.0987243082843847	-0.00017438307488832475
0.09991792982580656	-0.0001743822238660047
0.10111751947493569	-0.0001743813669245412
0.10232310707231031	-0.00017438050401216964
0.1035347226076718	-0.00017437963507661272
0.10475239622071016	-0.00017437876006498964
0.10597615820181366	-0.0001743778789236868
0.10720603899282274	-0.00017437699159866831
0.10844206918778684	-0.00017437609803515322
0.10968427953372567	-0.0001743751981776751
0.1109327009313943	-0.00017437429197033512
0.11218736443605135	-0.00017437337935642035
0.11344830125823162	-0.0001743724602786017
0.11471554276452282	-0.00017437153467886153
0.11598912047834534	-0.00017437060249851776
0.11726906608073695	-0.0001743696636783063
0.11855541141114062	-0.00017436871815812771
0.11984818846819621	-0.00017436776587720725
0.12114742941053713	-0.0001743668067741518
0.12245316655758978	-0.00017436584078664493
0.1237654323903777	-0.00017436486785175824
0.12508425955232963	-0.00017436388790588743
0.12640968085009122	-0.00017436290088451286
0.1277417292543416	-0.00017436190672241595
0.1290804379006133	-0.00017436090535358418
0.13042584009011637	-0.00017435989671129405
0.1317779692905669	-0.00017435888072784412
0.13313685913701961	-0.00017435785733478434
0.13450254343270476	-0.00017435682646286323
0.13587505614986833	-0.00017435578804206255
0.13725443143061763	-0.00017435474200132103
0.13864070358777073	-0.0001743536882687547
0.14003390710570945	-0.00017435262677175617
0.14143407664123803	-0.00017435155743660368
0.1428412470244442	-0.00017435048018873723
0.1442554532595664	-0.0001743493949528426
0.14567673052586416	-0.00017434830165226583
0.1471051141784935	-0.00017434720020984321
0.14854063974938603	-0.00017434609054707526
0.149983342948133	-0.00017434497258477202
0.15143325966287374	-0.00017434384624249734
0.15289042596118813	-0.0001743427114389776
0.15435487809099402	-0.000174341568091706
0.15582665248144906	-0.00017434041611741704
0.1573057857438562	-0.0001743392554314511
0.15879231467257537	-0.00017433808594822945
0.16028627624593816	-0.00017433690758113766
0.16178770762716785	-0.00017433572024229226
0.16329664616530362	-0.00017433452384270505
0.16481312939613008	-0.0001743333182923368
0.1663371950431107	-0.00017433210349979914
0.16786888101832628	-0.00017433087937267084
0.1694082254234178	-0.00017432964581721864
0.1709552665505349	-0.00017432840273844068
0.17251004288328747	-0.00017432715004016944
0.17407259309770393	-0.00017432588762496747
0.17564295606319252	-0.00017432461539395412
0.17722117084350858	-0.000174323333247009
0.17880727669772617	-0.0001743220410828034
0.18040131308121476	-0.00017432073879847194
0.18200331964662084	-0.00017431942628971952
0.18361333624485401	-0.00017431810345105615
0.18523140292607826	-0.00017431677017526543
0.18685755994070874	-0.00017431542635401213
0.1884918477404122	-0.00017431407187714233
0.19013430697911424	-0.00017431270663320972
0.1917849785140098	-0.00017431133050908553
0.19344390340657974	-0.0001743099433902305
0.19511112292361268	-0.00017430854516036834
0.1967866785382308	-0.00017430713570165581
0.19847061193092203	-0.00017430571489463604
0.20016296499057665	-0.00017430428261804945
0.20186377981552947	-0.00017430283874917473
0.2035730987146071	-0.0001743013831632868
0.20529096420818022	-0.0001742999157339956
0.20701741902922113	-0.00017429843633320934
0.20875250612436722	-0.00017429694483089012
0.210496268654989	-0.00017429544109501713
0.21224874999826396	-0.0001742939249919894
0.21400999374825516	-0.0001742923963860365
0.21578004371699644	-0.00017429085513940678
0.21755894393558148	-0.00017428930111245376
0.2193467386552594	-0.00017428773416350223
0.22114347234853576	-0.00017428615414866825
0.22294918971027836	-0.00017428456092216288
0.2247639356588297	-0.0001742829543357113
0.2265877553371239	-0.00017428133423910263
0.2284206941138094	-0.00017427970047994822
0.23026279758437848	-0.0001742780529032693
0.23211411157230027	-0.00017427639135208465
0.23397468213016168	-0.00017427471566689652
0.23584455554081238	-0.0001742730256858165
0.23772377831851643	-0.00017427132124442108
0.23961239721010893	-0.00017426960217602474
0.24151045919615952	-0.00017426786831106742
0.24341801149214037	-0.00017426611947764183
0.24533510154960114	-0.00017426435550108182
0.24726177705734917	-0.00017426257620409
0.24919808594263598	-0.00017426078140652242
0.2511440763723492	-0.00017425897092554452
0.2530997967542111	-0.0001742571445752722
0.25506529573798215	-0.000174255302167088
0.2570406222166721	-0.00017425344350949145
0.25902582532775553	-0.00017425156840753382
0.2610209544543945	-0.0001742496766635805
0.2630260592266663	-0.00017424776807675735
0.2650411895227997	-0.00017424584244282227
0.26706639547041383	-0.0001742438995543424
0.2691017274477658	-0.00017424193920055232
0.2711472360850044	-0.00017423996116728248
0.27320297226542956	-0.00017423796523683476
0.2752689871267568	-0.00017423595118795646
0.2773453320623904	-0.00017423391879586156
0.27943205872270227	-0.00017423186783182694
0.2815292190163157	-0.00017422979806359427
0.28363686511139713	-0.0001742277092549504
0.2857550494369543	-0.00017422560116571036
0.287883824684139	-0.00017422347355177962
0.2900232438075598	-0.0001742213261646927
0.29217336002659744	-0.000174219158752227
0.2943342268267306	-0.00017421697105750113
0.2965058979608642	-0.0001742147628193277
0.2986884274506685	-0.0001742125337721723
0.3008818695879217	-0.00017421028364592817
0.3030862789358613	-0.00017420801216577343
0.3053017103305407	-0.00017420571905203732
0.30752821888219345	-0.00017420340402041153
0.3097658599766045	-0.00017420106678144425
0.31201468927648746	-0.0001741987070406641
0.3142747627228697	-0.0001741963244984209
0.31654613653648417	-0.00017419391884962142
0.31882886721916665	-0.00017419148978409083
0.32112301155526257	-0.00017418903698567607
0.3234286266130387	-0.0001741865601328031
0.325745769746104	-0.0001741840588981973
0.3280744985948343	-0.000174181532948518
0.33041487108780826	-0.00017417898194439636
0.3327669454432473	-0.0001741764055400869
0.3351307801704635	-0.00017417380338386628
0.3375064340713156	-0.00017417117511737198
0.33989396624167195	-0.00017416852037543335
0.3422934360728803	-0.0001741658387863688
0.3447049032532445	-0.00017416312997139104
0.34712842776951053	-0.00017416039354453087
0.3495640699083581	-0.00017415762911282909
0.3520118902578999	-0.00017415483627568825
0.35447194970918944	-0.0001741520146248289
0.35694430945773536	-0.00017414916374432356
0.35942903100502394	-0.00017414628321021973
0.36192617616004885	-0.0001741433725903202
0.36443580704084905	-0.00017414043144410409
0.3669579860760533	-0.00017413745932248021
0.3694927760064337	-0.00017413445576744586
0.3720402398864656	-0.0001741314203122503
0.37460044108589774	-0.00017412835248069007
0.37717344329132724	-0.0001741252517872523
0.37975931050778367	-0.0001741221177365555
0.38235810706032236	-0.00017411894982336806
0.3849698975956241	-0.00017411574753251348
0.38759474708360203	-0.000174112510338001
0.39023272081902005	-0.0001741092377034666
0.39288388442311495	-0.00017410592908138645
0.3955483038452304	-0.00017410258391283815
0.39822604536445655	-0.00017409920162784941
0.40091717559127893	-0.00017409578164428164
0.4036217614692354	-0.00017409232336778368
0.4063398702765814	-0.00017408882619161957
0.40907156962796437	-0.0001740852894963039
0.4118169274761041	-0.000174081712649412
0.41457601211348477	-0.00017407809500462115
0.41734889217405197	-0.0001740744359021648
0.42013563663492237	-0.00017407073466777973
0.4229363148180968	-0.00017406699061290638
0.4257509963921872	-0.0001740632030337947
0.4285797513741481	-0.00017405937121145896
0.431422650131019	-0.00017405549441085546
0.4342797633816742	-0.000174051571881048
0.4371511621985827	-0.00017404760285417384
0.4400369180095757	-0.00017404358654539583
0.4429371025996235	-0.00017403952215211527
0.44585178811262155	-0.00017403540885342958
0.44878104705318456	-0.0001740312458103203
0.4517249522884503	-0.00017402703216415374
0.4546835770498925	-0.0001740227670368116
0.4576569949351417	-0.00017401844952963418
0.4606452799098173	-0.00017401407872351645
0.46364850630936627	-0.00017400965367751523
0.46666674884091325	-0.00017400517342886708
0.46970008258511775	-0.00017400063699177075
0.4727485829980431	-0.000173996043357269
0.47581232591303324	-0.0001739913914921451
0.47889138754259847	-0.0001739866803384594
0.4819858444803113	-0.00017398190881264003
0.48509577370271284	-0.00017397707580463383
0.48822125257122634	-0.00017397218017750534
0.4913623588340824	-0.0001739672207660686
0.49451917062825274	-0.00017396219637653642
0.49769176648139396	-0.0001739571057850677
0.5008802253138008	-0.00017395194773722864
0.50408462644037	-0.00017394672094728109
0.5073050495725719	-0.0001739414240965431
0.5105415748204347	-0.00017393605583261077
0.513794282694537	-0.00017393061476842693
0.5170632541080095	-0.00017392509948099336
0.5203485703785496	-0.00017391950851040663
0.5236503132304423	-0.00017391384035844075
0.5269685647965943	-0.0001739080934871132
0.530303407620577	-0.00017390226631795586
0.5336549246586798	-0.00017389635723007328
0.5370231992819733	-0.00017389036455910115
0.5404083152783831	-0.00017388428659549453
0.5438103568547752	-0.00017387812158311798
0.5472294086390488	-0.00017387186771765668
0.5506655556822441	-0.00017386552314455775
0.5541188834606553	-0.000173859085957956
0.5575894778779587	-0.0001738525541983772
0.5610774252673482	-0.00017384592585104617
0.5645828123936848	-0.0001738391988437625
0.5681057264556529	-0.00017383237104476795
0.5716462550879313	-0.00017382544026077967
0.575204486363371	-0.00017381840423479975
0.5787805087951877	-0.0001738112606433175
0.5823744113391636	-0.0001738040070941181
0.5859862833958592	-0.00017379664112389902
0.5896162148128385	-0.00017378916019495985
0.5932642958869029	-0.0001737815616928962
0.5969306173663373	-0.00017377384292317237
0.6006152704531689	-0.00017376600110845534
0.6043183468054348	-0.00017375803338439132
0.6080399385394619	-0.00017374993679738213
0.6117801382321592	-0.00017374170829960616
0.6155390389233196	-0.00017373334474643132
0.6193167341179363	-0.00017372484289076185
0.623113317788526	-0.00017371619938021752
0.6269288843774687	-0.00017370741075159576
0.6307635287993559	-0.00017369847342622765
0.6346173464433525	-0.0001736893837049002
0.6384904331755692	-0.0001736801377626501
0.642382885341447	-0.00017367073164214144
0.6462947997681542	-0.00017366116124829914
0.6502262737669948	-0.00017365142234105222
0.6541774051358298	-0.00017364151052879143
0.6581482921615086	-0.00017363142126024489
0.6621390336223161	-0.00017362114981697878
0.6661497287904276	-0.00017361069130406465
0.6701804774343794	-0.00017360004064085848
0.6742313798215511	-0.00017358919255123175
0.678302536720659	-0.00017357814155200178
0.6823940494042624	-0.00017356688194182228
0.6865060196512838	-0.0001735554077875717
0.6906385497495403	-0.0001735437129107821
0.694791742498288	-0.00017353179087264568
0.6989657012107795	-0.00017351963495662224
0.7031605297168335	-0.00017350723815127926
0.7073763323654175	-0.00017349459312932853
0.7116132140272448	-0.00017348169222643764
0.7158712800973807	-0.00017346852741703368
0.7201506364978674	-0.0001734550902867026
0.7244513896803564	-0.00017344137200437642
0.728773646628758	-0.0001734273632882007
0.7331175148619017	-0.0001734130543700645
0.7374831024362114	-0.0001733984349553333
0.7418705179483922	-0.00017338349417724542
0.7462798705381343	-0.00017336822054727554
0.750711269890825	-0.00017335260189876595
0.7551648262402791	-0.00017333662532431393
0.7596406503714807	-0.00017332027710453534
0.7641388536233382	-0.00017330354262906855
0.7686595478914547	-0.0001732864063068046
0.773202845630912	-0.00017326885146590911
0.7777688598590664	-0.00017325086023849452
0.7823577041583616	-0.00017323241343314704
0.7869694926791535	-0.00017321349038864256
0.7916043401425493	-0.0001731940688084201
0.796262361843262	-0.00017317412457312458
0.8009436736524783	-0.00017315363152753534
0.8056483920207407	-0.00017313256123746595
0.8103766339808444	-0.00017311088271402766
0.8151285171507487	-0.0001730885620986032
0.8199041597365022	-0.00017306556230308858
0.8247036805351848	-0.00017304184260006757
0.8295271989378608	-0.0001730173581530335
0.8343748349325502	-0.00017299205948100046
0.8392467091072129	-0.00017296589184327633
0.844142942652749	-0.00017293879453662283
0.8490636573660127	-0.0001729107000890213
0.8540089756528428	-0.00017288153333531745
0.8589790205311072	-0.00017285121035671289
0.8639739156337627	-0.00017281963726294494
0.8689739156337625	-0.0001727868404412367
0.8739739156337623	-0.00017275275490049016
0.878973915633762	-0.00017271727230219836
0.8839739156337618	-0.00017268027149514362
0.8889739156337617	-0.00017264161727073397
0.8939739156337615	-0.00017260115863138741
0.8989739156337613	-0.00017255872684211965
0.9039739156337611	-0.00017251413324346278
0.9089739156337608	-0.00017246716679355432
0.9139739156337606	-0.0001724175913041176
0.9189739156337604	-0.00017236514233349856
0.9239739156337602	-0.00017230952368773073
0.9289739156337601	-0.0001722504034833748
0.9339739156337599	-0.00017218740970832702
0.9389739156337596	-0.00017212012521603212
0.9439739156337594	-0.00017204808207537344
0.9489739156337592	-0.00017197075518480092
0.953973915633759	-0.00017188755505288402
0.9589739156337588	-0.00017179781962350652
0.9639739156337586	-0.0001717008050132484
0.9689739156337585	-0.00017159567500662335
0.9739739156337582	-0.00017148148912759023
0.978973915633758	-0.00017135718908662797
0.9839739156337578	-0.0001712215833630732
0.9889739156337576	-0.00017107332965214488
0.9939739156337574	-0.00017091091486539034
0.9989739156337571	-0.0001707326323165513
1.003973915633757	-0.0001705365556827858
1.0089739156337567	-0.00017032050925122039
1.0139739156337566	-0.0001700820338974168
1.0189739156337563	-0.00016981834814869487
1.0239739156337562	-0.00016952630358212217
1.028973915633756	-0.00016920233369435624
1.0339739156337557	-0.0001688423952347889
1.0389739156337556	-0.00016844190083787925
1.0439739156337553	-0.00016799564160189343
1.0489739156337552	-0.00016749769804122808
1.0539739156337549	-0.00016694133758881805
1.0589739156337548	-0.00016631889652645305
1.0639739156337544	-0.00016562164388138318
1.0689739156337543	-0.00016483962442615842
1.0739739156337542	-0.0001639614774555806
1.0789739156337539	-0.0001629742274823827
1.0839739156337538	-0.0001618630423669951
1.0889739156337535	-0.00016061095368735171
1.0939739156337533	-0.00015919853332361473
1.098973915633753	-0.00015760351928960367
1.103973915633753	-0.0001558003827546682
1.1089739156337528	-0.0001537598269677146
1.1139739156337525	-0.0001514482073909737
1.1189739156337524	-0.00014882686077175326
1.123973915633752	-0.00014585132911352163
1.128973915633752	-0.00014247046254844492
1.1339739156337516	-0.00013862538296213864
1.1389739156337515	-0.000134248287894933
1.1439739156337512	-0.0001292610717765026
1.148973915633751	-0.0001235737389697741
1.153973915633751	-0.00011708258051804363
1.1589739156337506	-0.0001096680839806184
1.1639739156337505	-0.00010119254348345409
1.1689739156337502	-9.149733529780664e-5
1.17397391563375	-8.039982315560486e-5
1.1789739156337498	-6.768985742663224e-5
1.1839739156337497	-5.312583362973438e-5
1.1889739156337495	-3.6430278949963926e-5
1.1939739156337492	-1.7284940962399577e-5
1.197980436725312	6.999643157088955e-8
1.2019869578168745	1.94406917273906e-5
1.2059934789084372	4.106378266454154e-5
1.21	6.520012954107073e-5
