0.0006999999999999628	-0.0001786787429884961
0.001403500000000035	-0.00017867331406502007
0.0021105174999999296	-0.00017867303034123266
0.0028210700874998964	-0.00017867279587437077
0.003535175437937438	-0.00017867256038026425
0.004252851315127062	-0.00017867232334034422
0.004974115571702636	-0.00017867208473760238
0.005698986149561044	-0.0001786718445600358
0.006427481080308875	-0.00017867160279558998
0.007159618485710418	-0.00017867135943224594
0.007895416578138905	-0.00017867111445783878
0.008634893661029494	-0.00017867086786008837
0.00937806812933463	-0.00017867061962649518
0.010124958469981361	-0.00017867036974474006
0.010875583262331262	-0.00017867011820205884
0.01162996117864295	-0.0001786698649858905
0.012388110984536127	-0.00017866961008328996
0.013150051539458866	-0.00017866935348146906
0.013915801797156208	-0.00017866909516729752
0.014685380806142003	-0.00017866883512770984
0.015458807710172712	-0.00017866857334946861
0.01623610174872358	-0.00017866830981915537
0.017017282257467212	-0.00017866804452331973
0.017802368668754516	-0.00017866777744849916
0.01859138051209827	-0.00017866750858083058
0.019384337414658823	-0.0001786672379066595
0.020181259101732015	-0.0001786669654119817
0.020982165397240727	-0.0001786666910827968
0.02178707622422691	-0.00017866641490497424
0.02259601160534814	-0.00017866613686424166
0.02340899166337483	-0.0001786658569462593
0.024226036621691812	-0.0001786655751364703
0.02504716680480027	-0.00017866529142025717
0.025872402638824326	-0.00017866500578291643
0.02670176465201842	-0.00017866471820958605
0.02753527347527842	-0.00017866442868527078
0.028372949842654864	-0.00017866413719498428
0.0292148145918682	-0.00017866384372333522
0.03006088866482743	-0.00017866354825517175
0.03091119310815165	-0.0001786632507748601
0.0317657490736924	-0.00017866295126689236
0.03262457781906081	-0.00017866264971554314
0.03348770070815601	-0.00017866234610492839
0.034355139211696875	-0.00017866204041913254
0.035226914907755424	-0.00017866173264207962
0.03610304948229413	-0.00017866142275746932
0.03698356472970569	-0.0001786611107490164
0.03786848255335419	-0.00017866079660025104
0.038757824966120964	-0.00017866048029456532
0.03965161409095162	-0.00017866016181512255
0.04054987216140643	-0.00017865984114518292
0.04145262152221345	-0.0001786595182676792
0.04235988462982453	-0.00017865919316547974
0.04327168405297366	-0.000178658865821326
0.0441880424732386	-0.0001786585362178142
0.04510898268560485	-0.00017865820433732952
0.046034527599032954	-0.0001786578701624232
0.04696470023702812	-0.00017865753367509837
0.04789952373821329	-0.0001786571948574384
0.048839021356904266	-0.00017865685369143115
0.04978321646368884	-0.0001786565101588998
0.05073213254600732	-0.00017865616424138253
0.05168579320873729	-0.000178655815920489
0.052644222174780875	-0.00017865546517756696
0.05360744328565471	-0.0001786551119938612
0.054575480502083065	-0.00017865475635045816
0.05554835790459365	-0.0001786543982283916
0.05652609969411678	-0.00017865403760841672
0.05750873019258755	-0.00017865367447117696
0.05849627384355038	-0.00017865330879732945
0.05948875521276831	-0.0001786529405672854
0.060486198988831924	-0.00017865256976127598
0.061488629983776036	-0.00017865219635940626
0.062496073133695054	-0.00017865182034167758
0.06350855349936363	-0.00017865144168804602
0.06452609626686023	-0.00017865106037804403
0.06554872674819473	-0.00017865067639134528
0.0665764703819355	-0.00017865028970743193
0.06760935273384511	-0.00017864990030549543
0.06864739949751451	-0.00017864950816475487
0.06969063649500218	-0.000178649113264188
0.07073908967747725	-0.00017864871558273502
0.07179278512586448	-0.00017864831509901305
0.07285174905149387	-0.00017864791179171688
0.07391600779675113	-0.00017864750563925812
0.07498558783573481	-0.00017864709662003937
0.07606051577491364	-0.00017864668471215226
0.07714081835378801	-0.00017864626989359862
0.0782265224455569	-0.00017864585214246673
0.07931765505778446	-0.0001786454314363333
0.08041424333307354	-0.00017864500775292778
0.08151631454973869	-0.0001786445810697393
0.08262389612248718	-0.0001786441513641956
0.08373701560309972	-0.00017864371861337673
0.08485570068111534	-0.00017864328279453248
0.08597997918452092	-0.00017864284388450168
0.08710987908044335	-0.000178642401860199
0.08824542847584554	-0.00017864195669838027
0.08938665561822474	-0.00017864150837549147
0.0905335888963159	-0.0001786410568680055
0.09168625684079766	-0.0001786406021522834
0.09284468812500156	-0.00017864014420452423
0.09400891156562662	-0.00017863968300076355
0.09517895612345495	-0.00017863921851704744
0.09635485090407213	-0.00017863875072902615
0.09753662515859228	-0.00017863827961250227
0.09872430828438533	-0.00017863780514306056
0.09991792982580742	-0.000178637327296166
0.10111751947493633	-0.00017863684604708618
0.10232310707231096	-0.00017863636137117338
0.10353472260767245	-0.00017863587324348413
0.1047523962207106	-0.00017863538163906577
0.1059761582018141	-0.00017863488653279905
0.10720603899282295	-0.00017863438789943842
0.10844206918778705	-0.00017863388571370863
0.10968427953372589	-0.0001786333799502626
0.11093270093139453	-0.00017863287058352863
0.11218736443605157	-0.0001786323575879025
0.11344830125823162	-0.00017863184093769085
0.11471554276452282	-0.00017863132060710687
0.11598912047834534	-0.00017863079657020687
0.11726906608073716	-0.0001786302688011269
0.11855541141114084	-0.00017862973727371257
0.11984818846819666	-0.00017862920196184802
0.12114742941053756	-0.0001786286628392944
0.12245316655759021	-0.00017862811987988237
0.12376543239037813	-0.00017862757305703536
0.12508425955233007	-0.00017862702234453494
0.12640968085009188	-0.00017862646771573076
0.12774172925434224	-0.00017862590914405758
0.12908043790061416	-0.00017862534660302988
0.13042584009011704	-0.0001786247800658131
0.13177796929056776	-0.0001786242095057158
0.1331368591370207	-0.0001786236348960784
0.13450254343270562	-0.00017862305620983877
0.13587505614986897	-0.00017862247342028336
0.1372544314306183	-0.00017862188650050062
0.13864070358777136	-0.00017862129542359106
0.14003390710571012	-0.0001786207001624472
0.14143407664123844	-0.00017862010069025834
0.14284124702444484	-0.00017861949697982912
0.14425545325956707	-0.00017861888900431406
0.1456767305258648	-0.00017861827673655773
0.14710511417849395	-0.0001786176601496329
0.14854063974938644	-0.00017861703921632843
0.14998334294813345	-0.00017861641390973481
0.1514332596628742	-0.00017861578420280797
0.15289042596118857	-0.000178615150068546
0.15435487809099444	-0.00017861451147982164
0.15582665248144925	-0.00017861386840986414
0.15730578574385642	-0.00017861322083149192
0.1587923146725756	-0.0001786125687179875
0.1602862762459386	-0.00017861191204235217
0.1617877076271685	-0.00017861125077794302
0.16329664616530448	-0.00017861058489762523
0.16481312939613094	-0.00017860991437501487
0.16633719504311156	-0.00017860923918335401
0.16786888101832692	-0.00017860855929597333
0.16940822542341866	-0.00017860787468642502
0.17095526655053575	-0.00017860718532825497
0.17251004288328856	-0.0001786064911950732
0.1740725930977048	-0.00017860579226059974
0.1756429560631934	-0.00017860508849866134
0.17722117084350925	-0.00017860437988327679
0.17880727669772659	-0.0001786036663883584
0.18040131308121543	-0.0001786029479881505
0.18200331964662148	-0.00017860222465685443
0.18361333624485465	-0.00017860149636890767
0.18523140292607912	-0.00017860076309883692
0.18685755994070938	-0.0001786000248212909
0.18849184774041308	-0.00017859928151106754
0.19013430697911532	-0.00017859853314315647
0.19178497851401088	-0.00017859777969270147
0.19344390340658082	-0.00017859702113496133
0.19511112292361377	-0.00017859625744537334
0.1967866785382319	-0.00017859548859956606
0.19847061193092289	-0.00017859471457330948
0.2001629649905775	-0.0001785939353426715
0.20186377981553055	-0.0001785931508838315
0.20357309871460819	-0.00017859236117311638
0.2052909642081813	-0.00017859156618713718
0.207017419029222	-0.00017859076590269254
0.20875250612436788	-0.00017858996029676433
0.21049626865498966	-0.00017858914934675149
0.21224874999826462	-0.00017858833302992162
0.21400999374825602	-0.00017858751132405004
0.2157800437169973	-0.0001785866842070984
0.21755894393558234	-0.0001785858516571708
0.21934673865526005	-0.00017858501365281443
0.2211434723485364	-0.00017858417017258872
0.22294918971027902	-0.00017858332119547235
0.22476393565883038	-0.00017858246670066097
0.22658775533712455	-0.00017858160666767947
0.22842069411381005	-0.00017858074107606484
0.23026279758437915	-0.00017857986990614408
0.23211411157230094	-0.00017857899313803468
0.23397468213016254	-0.00017857811075226818
0.23584455554081346	-0.00017857722272980302
0.23772377831851751	-0.0001785763290517055
0.23961239721011024	-0.00017857542969955403
0.24151045919616082	-0.00017857452465496967
0.24341801149214168	-0.0001785736139001167
0.24533510154960245	-0.00017857269741724285
0.24726177705735047	-0.00017857177518909692
0.2491980859426373	-0.0001785708471985071
0.25114407637235053	-0.00017856991342889012
0.2530997967542124	-0.00017856897386372186
0.2550652957379834	-0.0001785680284868571
0.2570406222166734	-0.0001785670772826454
0.25902582532775686	-0.00017856612023541105
0.26102095445439577	-0.00017856515733011922
0.2630260592266676	-0.0001785641885518982
0.26504118952280104	-0.00017856321388612492
0.26706639547041516	-0.00017856223331852168
0.26910172744776706	-0.00017856124683530948
0.27114723608500574	-0.0001785602544227842
0.2732029722654309	-0.00017855925606755614
0.2752689871267581	-0.00017855825175674568
0.2773453320623917	-0.000178557241477575
0.2794320587227036	-0.0001785562252175872
0.281529219016317	-0.0001785552029647434
0.2836368651113984	-0.00017855417470719217
0.28575504943695557	-0.00017855314043342644
0.28788382468414025	-0.00017855210013214754
0.2900232438075611	-0.0001785510537923783
0.29217336002659877	-0.00017855000140340918
0.29433422682673194	-0.00017854894295485168
0.29650589796086546	-0.0001785478784364461
0.29868842745066976	-0.00017854680783841722
0.30088186958792296	-0.00017854573115093155
0.30308627893586265	-0.00017854464836464083
0.305301710330542	-0.0001785435594703329
0.3075282188821948	-0.00017854246445896498
0.30976585997660583	-0.0001785413633218578
0.31201468927648873	-0.00017854025605045954
0.31427476272287097	-0.0001785391426362754
0.3165461365364855	-0.00017853802307121603
0.318828867219168	-0.0001785368973472629
0.3211230115552639	-0.000178535765456561
0.32342862661304006	-0.00017853462739143107
0.3257457697461053	-0.00017853348314433406
0.32807449859483556	-0.00017853233270773155
0.33041487108780954	-0.00017853117607439278
0.3327669454432486	-0.0001785300132371467
0.33513078017046477	-0.0001785288441888271
0.33750643407131686	-0.00017852766892236844
0.33989396624167323	-0.0001785264874307772
0.3422934360728816	-0.00017852529970705016
0.34470490325324576	-0.00017852410574441816
0.3471284277695118	-0.00017852290553582292
0.34956406990835936	-0.00017852169907438796
0.3520118902579012	-0.00017852048635318116
0.3544719497091907	-0.00017851926736522905
0.35694430945773664	-0.00017851804210352614
0.3594290310050252	-0.00017851681056083664
0.36192617616005013	-0.000178515572730124
0.3644358070408504	-0.00017851432860398046
0.36695798607605457	-0.00017851307817502365
0.36949277600643504	-0.00017851182143556506
0.37204023988646695	-0.0001785105583779891
0.374600441085899	-0.00017850928899417796
0.3771734432913285	-0.000178508013276155
0.379759310507785	-0.00017850673121530127
0.3823581070603237	-0.00017850544280317314
0.3849698975956254	-0.00017850414803076024
0.3875947470836033	-0.00017850284688886766
0.39023272081902133	-0.00017850153936795142
0.3928838844231162	-0.0001785002254581011
0.39554830384523165	-0.00017849890514921084
0.3982260453644579	-0.0001784975784305319
0.4009171755912802	-0.00017849624529099828
0.4036217614692367	-0.00017849490571935717
0.4063398702765827	-0.00017849355970348403
0.40907156962796565	-0.00017849220723103473
0.41181692747610543	-0.00017849084828912827
0.41457601211348605	-0.00017848948286432144
0.4173488921740533	-0.00017848811094257284
0.4201356366349237	-0.000178486732509447
0.42293631481809807	-0.0001784853475496603
0.4257509963921885	-0.00017848395604740555
0.42857975137414944	-0.00017848255798633855
0.4314226501310203	-0.0001784811533491726
0.43427976338167545	-0.00017847974211815574
0.43715116219858396	-0.00017847832427466786
0.440036918009577	-0.00017847689979945302
0.44293710259962477	-0.00017847546867241223
0.4458517881126228	-0.00017847403087254844
0.4487810470531859	-0.0001784725863780231
0.45172495228845155	-0.00017847113516637902
0.45468357704989376	-0.00017846967721403385
0.45765699493514306	-0.00017846821249656157
0.46064527990981863	-0.00017846674098858376
0.4636485063093676	-0.00017846526266371602
0.4666667488409145	-0.0001784637774946766
0.4697000825851191	-0.0001784622854530729
0.4727485829980444	-0.0001784607865094344
0.4758123259130346	-0.0001784592806334087
0.47889138754259974	-0.00017845776779322202
0.4819858444803126	-0.00017845624795623263
0.4850957737027142	-0.00017845472108849578
0.48822125257122767	-0.00017845318715502896
0.49136235883408375	-0.00017845164611934484
0.49451917062825407	-0.00017845009794403605
0.49769176648139524	-0.00017844854259023663
0.5008802253138022	-0.0001784469800178851
0.5040846264403713	-0.00017844541018545787
0.5073050495725733	-0.00017844383305010115
0.510541574820436	-0.00017844224856788867
0.5137942826945383	-0.0001784406566929565
0.5170632541080108	-0.00017843905737843955
0.520348570378551	-0.00017843745057578256
0.5236503132304436	-0.00017843583623503077
0.5269685647965956	-0.00017843421430457945
0.5303034076205784	-0.0001784325847316076
0.5336549246586811	-0.00017843094746123616
0.5370231992819746	-0.00017842930243736508
0.5404083152783844	-0.00017842764960220017
0.5438103568547764	-0.00017842598889597375
0.5472294086390501	-0.0001784243202577514
0.5506655556822453	-0.0001784226436244845
0.5541188834606565	-0.00017842095893143585
0.5575894778779599	-0.00017841926611230092
0.5610774252673494	-0.0001784175650986039
0.564582812393686	-0.00017841585582051474
0.5681057264556543	-0.00017841413820609433
0.5716462550879327	-0.00017841241218135377
0.5752044863633723	-0.00017841067767072094
0.578780508795189	-0.00017840893459613596
0.5823744113391649	-0.00017840718287854458
0.5859862833958606	-0.00017840542243588217
0.5896162148128399	-0.00017840365318451667
0.5932642958869042	-0.00017840187503876816
0.5969306173663387	-0.00017840008791074178
0.6006152704531702	-0.00017839829171039493
0.6043183468054361	-0.00017839648634559576
0.6080399385394633	-0.00017839467172193736
0.6117801382321605	-0.00017839284774306025
0.615539038923321	-0.00017839101430993797
0.6193167341179376	-0.00017838917132140613
0.6231133177885273	-0.00017838731867402007
0.6269288843774701	-0.00017838545626209192
0.6307635287993573	-0.00017838358397704405
0.6346173464433539	-0.00017838170170827593
0.6384904331755705	-0.0001783798093425769
0.6423828853414483	-0.0001783779067639619
0.6462947997681555	-0.00017837599385416987
0.6502262737669962	-0.0001783740704921468
0.6541774051358311	-0.00017837213655394116
0.6581482921615099	-0.0001783701919131763
0.6621390336223173	-0.0001783682364399705
0.6661497287904288	-0.00017836627000247733
0.6701804774343807	-0.00017836429246486637
0.6742313798215525	-0.00017836230368898024
0.6783025367206603	-0.0001783603035331417
0.6823940494042636	-0.00017835829185244078
0.6865060196512851	-0.00017835626849843042
0.6906385497495416	-0.0001783542333195787
0.6947917424982893	-0.0001783521861602909
0.6989657012107808	-0.00017835012686133705
0.7031605297168348	-0.00017834805525975797
0.7073763323654189	-0.00017834597118805692
0.7116132140272461	-0.00017834387447502798
0.715871280097382	-0.00017834176494453116
0.7201506364978687	-0.00017833964241588664
0.7244513896803577	-0.00017833750670354233
0.7287736466287593	-0.00017833535761644075
0.733117514861903	-0.00017833319495836475
0.7374831024362126	-0.00017833101852711872
0.7418705179483935	-0.00017832882811429936
0.7462798705381356	-0.0001783266235050836
0.7507112698908263	-0.0001783244044775612
0.7551648262402804	-0.0001783221708022354
0.759640650371482	-0.0001783199222419493
0.7641388536233394	-0.0001783176585508269
0.7686595478914561	-0.00017831537947435004
0.7732028456309133	-0.00017831308474783927
0.7777688598590677	-0.0001783107740960433
0.7823577041583629	-0.0001783084472329986
0.7869694926791548	-0.0001783061038601945
0.7916043401425507	-0.00017830374366669814
0.7962623618432633	-0.00017830136632701672
0.8009436736524796	-0.0001782989715005471
0.805648392020742	-0.00017829655883097126
0.8103766339808457	-0.00017829412794397108
0.81512851715075	-0.00017829167844607893
0.8199041597365035	-0.00017828920992360155
0.8247036805351862	-0.0001782867219405155
0.8295271989378621	-0.00017828421403662432
0.8343748349325514	-0.00017828168572526145
0.8392467091072142	-0.00017827913649221376
0.8441429426527504	-0.0001782765657920218
0.849063657366014	-0.0001782739730459683
0.8540089756528442	-0.00017827135763942616
0.8589790205311084	-0.0001782687189178885
0.863973915633764	-0.00017826605618415905
0.8689739156337638	-0.0001782633744616183
0.8739739156337636	-0.0001782606794990022
0.8789739156337634	-0.0001782579719813196
0.8839739156337632	-0.00017825525128965837
0.8889739156337629	-0.0001782525167603994
0.8939739156337627	-0.00017824976768588492
0.8989739156337626	-0.0001782470033098917
0.9039739156337624	-0.00017824422282391823
0.9089739156337622	-0.00017824142536257805
0.913973915633762	-0.00017823860999885112
0.9189739156337617	-0.00017823577573792654
0.9239739156337615	-0.00017823292151154018
0.9289739156337613	-0.00017823004617046245
0.9339739156337611	-0.00017822714847674166
0.938973915633761	-0.00017822422709431654
0.9439739156337608	-0.00017822128057917147
0.9489739156337605	-0.0001782183073674466
0.9539739156337603	-0.0001782153057615806
0.9589739156337601	-0.00017821227391568085
0.9639739156337599	-0.0001782092098166313
0.9689739156337597	-0.00017820611126427737
0.9739739156337595	-0.0001782029758476218
0.9789739156337594	-0.00017819980091641837
0.9839739156337591	-0.00017819658354852763
0.9889739156337589	-0.00017819332051340322
0.9939739156337587	-0.0001781900082265029
0.9989739156337585	-0.00017818664269691632
1.0039739156337584	-0.00017818321946669067
1.008973915633758	-0.00017817973353804459
1.013973915633758	-0.00017817617928749443
1.0189739156337576	-0.00017817255036477894
1.0239739156337575	-0.00017816883957195125
1.0289739156337572	-0.000178165038721097
1.033973915633757	-0.00017816113846330444
1.038973915633757	-0.00017815712808749932
1.0439739156337566	-0.000178152995278082
1.0489739156337565	-0.00017814872582553598
1.0539739156337562	-0.00017814430328313535
1.058973915633756	-0.0001781397085530655
1.0639739156337558	-0.0001781349193928041
1.0689739156337557	-0.00017812990982226363
1.0739739156337553	-0.0001781246494136265
1.0789739156337552	-0.00017811910243732782
1.0839739156337551	-0.00017811322683853443
1.0889739156337548	-0.00017810697300419
1.0939739156337547	-0.00017810028228306042
1.0989739156337544	-0.00017809308520318285
1.1039739156337542	-0.0001780852993275296
1.108973915633754	-0.00017807682667174795
1.1139739156337538	-0.00017806755059384814
1.1189739156337537	-0.0001780573320472503
1.1239739156337534	-0.00017804600506505816
1.1289739156337533	-0.00017803337131702676
1.133973915633753	-0.00017801919354880732
1.1389739156337528	-0.00017800318767004079
1.1439739156337525	-0.00017798501321652328
1.1489739156337524	-0.00017796426184859328
1.153973915633752	-0.00017794044348234784
1.158973915633752	-0.00017791296956710774
1.1639739156337519	-0.000177881132926876
1.1689739156337515	-0.00017784408345669373
1.1739739156337514	-0.00017780079883031224
1.178973915633751	-0.0001777500492046026
1.183973915633751	-0.0001776903546926476
1.1889739156337507	-0.00017761993414584166
1.1939739156337505	-0.00017753664347423297
1.1989739156337504	-0.0001774379014004118
1.2039739156337501	-0.0001773206000933362
1.20897391563375	-0.00017718099764007508
1.2139739156337497	-0.00017701458866832952
1.2189739156337496	-0.00017681594869445595
1.2239739156337492	-0.0001765785468468983
1.2289739156337491	-0.00017629452048596714
1.2339739156337488	-0.0001759544038670583
1.2389739156337487	-0.00017554680128929818
1.2439739156337486	-0.00017505799309564419
1.2489739156337483	-0.00017447146031167215
1.2539739156337482	-0.00017376731060400995
1.2589739156337478	-0.00017292158440722577
1.2639739156337477	-0.0001719054155059574
1.2689739156337474	-0.00017068401482565765
1.2739739156337473	-0.00016921543964991506
1.2789739156337472	-0.0001674491026762494
1.2839739156337469	-0.00016532396609507903
1.2889739156337467	-0.00016276635489683336
1.2939739156337464	-0.00015968731055929973
1.2989739156337463	-0.000155979390662491
1.303973915633746	-0.0001515128013905174
1.3089739156337459	-0.00014613072767847353
1.3139739156337455	-0.00013964369950754589
1.3189739156337454	-0.0001318228019159574
1.3239739156337453	-0.00012239150028384217
1.328973915633745	-0.00011101581095101335
1.333973915633745	-9.729250007811897e-5
1.3389739156337446	-8.07349410071999e-5
1.3439739156337445	-6.075620282609365e-5
1.3489739156337441	-3.664888190194243e-5
1.353973915633744	-7.561126451830955e-6
1.358973915633744	2.7531753705081444e-5
1.3639739156337436	6.986074724903402e-5
1.3689739156337435	0.00012090235230521127
1.3739739156337432	0.0001824242089664413
1.378973915633743	0.0002565377568118138
1.3839739156337427	0.0003457583688090089
1.3879804367253072	0.00043032544303172606
1.3919869578168715	0.0005281226026206607
1.395993478908436	0.0006413517621996049
1.4	0.0007723330661471721
