0.0006999999999999628	-0.00017538701903897867
0.001403500000000035	-0.00017537647986686793
0.0021105174999999296	-0.0001753762746653587
0.0028210700874998964	-0.0001753762099896795
0.003535175437937438	-0.00017537614695781504
0.004252851315127062	-0.0001753760836585986
0.004974115571702636	-0.00017537602006403773
0.005698986149561044	-0.00017537595617253635
0.006427481080308875	-0.00017537589198274574
0.007159618485710418	-0.0001753758274933768
0.007895416578138905	-0.00017537576270323905
0.008634893661029494	-0.00017537569761090372
0.00937806812933463	-0.00017537563221520417
0.010124958469981361	-0.00017537556651467487
0.010875583262331262	-0.0001753755005081469
0.01162996117864295	-0.00017537543419419367
0.012388110984536127	-0.00017537536757166323
0.013150051539458866	-0.0001753753006390098
0.013915801797156208	-0.00017537523339505742
0.014685380806142003	-0.00017537516583842708
0.015458807710172712	-0.00017537509796779912
0.01623610174872358	-0.00017537502978174515
0.017017282257467212	-0.00017537496127906427
0.017802368668754516	-0.0001753748924582802
0.01859138051209827	-0.0001753748233181246
0.019384337414658823	-0.00017537475385716894
0.020181259101732015	-0.00017537468407406552
0.020982165397240727	-0.00017537461396743202
0.02178707622422691	-0.00017537454353596288
0.02259601160534814	-0.0001753744727781508
0.02340899166337483	-0.00017537440169280015
0.024226036621691812	-0.00017537433027834035
0.02504716680480027	-0.0001753742585334458
0.025872402638824326	-0.00017537418645666568
0.02670176465201842	-0.000175374114046689
0.02753527347527842	-0.0001753740413020651
0.028372949842654864	-0.00017537396822135342
0.0292148145918682	-0.00017537389480315702
0.03006088866482743	-0.00017537382104604394
0.03091119310815165	-0.0001753737469486638
0.0317657490736924	-0.00017537367250944715
0.03262457781906081	-0.0001753735977270287
0.03348770070815601	-0.0001753735225999718
0.034355139211696875	-0.00017537344712682815
0.035226914907755424	-0.00017537337130612936
0.03610304948229413	-0.00017537329513637748
0.03698356472970569	-0.0001753732186162361
0.03786848255335419	-0.0001753731417441011
0.038757824966120964	-0.00017537306451855948
0.03965161409095162	-0.0001753729869381281
0.04054987216140643	-0.00017537290900133048
0.04145262152221345	-0.0001753728307066808
0.04235988462982453	-0.000175372752052703
0.04327168405297366	-0.00017537267303786486
0.0441880424732386	-0.00017537259366063885
0.04510898268560485	-0.000175372513919603
0.046034527599032954	-0.00017537243381315201
0.04696470023702812	-0.0001753723533398948
0.04789952373821329	-0.0001753722724982149
0.048839021356904266	-0.00017537219128657098
0.04978321646368884	-0.00017537210970347008
0.05073213254600732	-0.00017537202774734484
0.05168579320873729	-0.00017537194541668148
0.052644222174780875	-0.0001753718627099181
0.05360744328565471	-0.00017537177962558296
0.054575480502083065	-0.0001753716961619974
0.05554835790459365	-0.0001753716123176767
0.05652609969411678	-0.00017537152809098502
0.05750873019258755	-0.0001753714434803969
0.05849627384355038	-0.00017537135848436105
0.05948875521276831	-0.00017537127310125226
0.060486198988831924	-0.00017537118732946624
0.061488629983776036	-0.000175371101167398
0.062496073133695054	-0.0001753710146135765
0.06350855349936363	-0.00017537092766624663
0.06452609626686023	-0.00017537084032385707
0.06554872674819473	-0.00017537075258483502
0.0665764703819355	-0.00017537066444744468
0.06760935273384511	-0.00017537057591025712
0.06864739949751451	-0.0001753704869713713
0.06969063649500218	-0.00017537039762940447
0.07073908967747725	-0.00017537030788256048
0.07179278512586448	-0.00017537021772927747
0.07285174905149387	-0.00017537012716784767
0.07391600779675113	-0.00017537003619669633
0.07498558783573481	-0.00017536994481407052
0.07606051577491364	-0.00017536985301823461
0.07714081835378801	-0.00017536976080769796
0.0782265224455569	-0.00017536966818069828
0.07931765505778446	-0.00017536957513550414
0.08041424333307354	-0.0001753694816705051
0.08151631454973869	-0.0001753693877839157
0.08262389612248718	-0.00017536929347415452
0.08373701560309972	-0.00017536919873943374
0.08485570068111534	-0.00017536910357797238
0.08597997918452092	-0.0001753690079881973
0.08710987908044335	-0.00017536891196832837
0.08824542847584554	-0.00017536881551658427
0.08938665561822474	-0.0001753687186312741
0.0905335888963159	-0.00017536862131065778
0.09168625684079766	-0.00017536852355299256
0.09284468812500156	-0.0001753684253564966
0.09400891156562662	-0.0001753683267194683
0.09517895612345495	-0.00017536822764003103
0.09635485090407213	-0.00017536812811653034
0.09753662515859228	-0.00017536802814706128
0.09872430828438533	-0.00017536792772996547
0.09991792982580742	-0.0001753678268634705
0.10111751947493633	-0.00017536772554559217
0.10232310707231096	-0.00017536762377472374
0.10353472260767245	-0.00017536752154902096
0.1047523962207106	-0.00017536741886654516
0.1059761582018141	-0.00017536731572559368
0.10720603899282295	-0.00017536721212424124
0.10844206918778705	-0.00017536710806086218
0.10968427953372589	-0.00017536700353336246
0.11093270093139453	-0.00017536689854005151
0.11218736443605157	-0.0001753667930790002
0.11344830125823162	-0.00017536668714842002
0.11471554276452282	-0.00017536658074627135
0.11598912047834534	-0.0001753664738709689
0.11726906608073716	-0.00017536636652036336
0.11855541141114084	-0.0001753662586927337
0.11984818846819666	-0.00017536615038604174
0.12114742941053756	-0.00017536604159856377
0.12245316655759021	-0.0001753659323282727
0.12376543239037813	-0.00017536582257321993
0.12508425955233007	-0.0001753657123315472
0.12640968085009188	-0.00017536560160132334
0.12774172925434224	-0.00017536549038060396
0.12908043790061416	-0.00017536537866746042
0.13042584009011704	-0.0001753652664598645
0.13177796929056776	-0.00017536515375593122
0.1331368591370207	-0.00017536504055371157
0.13450254343270562	-0.00017536492685111646
0.13587505614986897	-0.00017536481264624284
0.1372544314306183	-0.00017536469793710154
0.13864070358777136	-0.000175364582721701
0.14003390710571012	-0.00017536446699791585
0.14143407664123844	-0.00017536435076382875
0.14284124702444484	-0.0001753642340174818
0.14425545325956707	-0.00017536411675666132
0.1456767305258648	-0.00017536399897948157
0.14710511417849395	-0.0001753638806837634
0.14854063974938644	-0.00017536376186753054
0.14998334294813345	-0.0001753636425286855
0.1514332596628742	-0.0001753635226651959
0.15289042596118857	-0.00017536340227492758
0.15435487809099444	-0.00017536328135571923
0.15582665248144925	-0.00017536315990553412
0.15730578574385642	-0.00017536303792228006
0.1587923146725756	-0.0001753629154038136
0.1602862762459386	-0.0001753627923479388
0.1617877076271685	-0.00017536266875255437
0.16329664616530448	-0.00017536254461550987
0.16481312939613094	-0.00017536241993451466
0.16633719504311156	-0.0001753622947076053
0.16786888101832692	-0.000175362168932451
0.16940822542341866	-0.00017536204260681175
0.17095526655053575	-0.0001753619157285817
0.17251004288328856	-0.00017536178829548587
0.1740725930977048	-0.00017536166030523618
0.1756429560631934	-0.00017536153175566185
0.17722117084350925	-0.00017536140264447672
0.17880727669772659	-0.00017536127296938951
0.18040131308121543	-0.00017536114272817134
0.18200331964662148	-0.00017536101191839126
0.18361333624485465	-0.00017536088053787132
0.18523140292607912	-0.00017536074858418713
0.18685755994070938	-0.0001753606160550903
0.18849184774041308	-0.00017536048294816104
0.19013430697911532	-0.0001753603492610471
0.19178497851401088	-0.0001753602149913692
0.19344390340658082	-0.00017536008013668605
0.19511112292361377	-0.0001753599446946362
0.1967866785382319	-0.00017535980866281993
0.19847061193092289	-0.00017535967203876138
0.2001629649905775	-0.00017535953481997594
0.20186377981553055	-0.00017535939700398265
0.20357309871460819	-0.0001753592585882936
0.2052909642081813	-0.00017535911957047251
0.207017419029222	-0.00017535897994788312
0.20875250612436788	-0.00017535883971797853
0.21049626865498966	-0.00017535869887828944
0.21224874999826462	-0.00017535855742619716
0.21400999374825602	-0.00017535841535905444
0.2157800437169973	-0.00017535827267426557
0.21755894393558234	-0.00017535812936921404
0.21934673865526005	-0.00017535798544124795
0.2211434723485364	-0.0001753578408875995
0.22294918971027902	-0.0001753576957056112
0.22476393565883038	-0.00017535754989264776
0.22658775533712455	-0.0001753574034457969
0.22842069411381005	-0.00017535725636238662
0.23026279758437915	-0.00017535710863957957
0.23211411157230094	-0.0001753569602747167
0.23397468213016254	-0.00017535681126468793
0.23584455554081346	-0.0001753566616067617
0.23772377831851751	-0.00017535651129801873
0.23961239721011024	-0.00017535636033558783
0.24151045919616082	-0.00017535620871647118
0.24341801149214168	-0.00017535605643766717
0.24533510154960245	-0.00017535590349629615
0.24726177705735047	-0.00017535574988919412
0.2491980859426373	-0.00017535559561335863
0.25114407637235053	-0.00017535544066570223
0.2530997967542124	-0.0001753552850430617
0.2550652957379834	-0.00017535512874233404
0.2570406222166734	-0.00017535497176021325
0.25902582532775686	-0.000175354814093636
0.26102095445439577	-0.00017535465573923195
0.2630260592266676	-0.00017535449669369818
0.26504118952280104	-0.0001753543369538114
0.26706639547041516	-0.0001753541765160896
0.26910172744776706	-0.00017535401537726515
0.27114723608500574	-0.0001753538535337184
0.2732029722654309	-0.00017535369098210747
0.2752689871267581	-0.00017535352771881044
0.2773453320623917	-0.00017535336374028756
0.2794320587227036	-0.0001753531990430122
0.281529219016317	-0.0001753530336231469
0.2836368651113984	-0.00017535286747720849
0.28575504943695557	-0.00017535270060118922
0.28788382468414025	-0.00017535253299158892
0.2900232438075611	-0.00017535236464429098
0.29217336002659877	-0.00017535219555555787
0.29433422682673194	-0.00017535202572131954
0.29650589796086546	-0.00017535185513764458
0.29868842745066976	-0.00017535168380057922
0.30088186958792296	-0.0001753515117057535
0.30308627893586265	-0.00017535133884917698
0.305301710330542	-0.00017535116522659065
0.3075282188821948	-0.00017535099083367962
0.30976585997660583	-0.00017535081566601063
0.31201468927648873	-0.0001753506397192559
0.31427476272287097	-0.00017535046298885787
0.3165461365364855	-0.00017535028547032393
0.318828867219168	-0.0001753501071589425
0.3211230115552639	-0.0001753499280500489
0.32342862661304006	-0.0001753497481388537
0.3257457697461053	-0.00017534956742054733
0.32807449859483556	-0.00017534938589009778
0.33041487108780954	-0.00017534920354258423
0.3327669454432486	-0.00017534902037281958
0.33513078017046477	-0.00017534883637571635
0.33750643407131686	-0.00017534865154590588
0.33989396624167323	-0.00017534846587804892
0.3422934360728816	-0.00017534827936676667
0.34470490325324576	-0.0001753480920064216
0.3471284277695118	-0.00017534790379122352
0.34956406990835936	-0.00017534771471572862
0.3520118902579012	-0.00017534752477390466
0.3544719497091907	-0.00017534733395977933
0.35694430945773664	-0.000175347142267254
0.3594290310050252	-0.00017534694969019226
0.36192617616005013	-0.00017534675622222874
0.3644358070408504	-0.0001753465618569412
0.36695798607605457	-0.00017534636658785683
0.36949277600643504	-0.00017534617040813622
0.37204023988646695	-0.00017534597331109398
0.374600441085899	-0.00017534577528972086
0.3771734432913285	-0.00017534557633688773
0.379759310507785	-0.00017534537644544741
0.3823581070603237	-0.00017534517560790168
0.3849698975956254	-0.00017534497381683063
0.3875947470836033	-0.00017534477106436163
0.39023272081902133	-0.00017534456734279497
0.3928838844231162	-0.0001753443626439283
0.39554830384523165	-0.00017534415695982604
0.3982260453644579	-0.00017534395028185226
0.4009171755912802	-0.0001753437426015034
0.4036217614692367	-0.00017534353391008553
0.4063398702765827	-0.0001753433241986274
0.40907156962796565	-0.00017534311345796365
0.41181692747610543	-0.0001753429016786135
0.41457601211348605	-0.000175342688851199
0.4173488921740533	-0.00017534247496574546
0.4201356366349237	-0.0001753422600123473
0.42293631481809807	-0.00017534204398070695
0.4257509963921885	-0.000175341826860276
0.42857975137414944	-0.000175341608640334
0.4314226501310203	-0.000175341389309875
0.43427976338167545	-0.0001753411688575264
0.43715116219858396	-0.00017534094727184846
0.440036918009577	-0.00017534072454086685
0.44293710259962477	-0.0001753405006526366
0.4458517881126228	-0.00017534027559442712
0.4487810470531859	-0.00017534004935366638
0.45172495228845155	-0.00017533982191729762
0.45468357704989376	-0.00017533959327168205
0.45765699493514306	-0.0001753393634033413
0.46064527990981863	-0.0001753391322979123
0.4636485063093676	-0.00017533889994104926
0.4666667488409145	-0.00017533866631770127
0.4697000825851191	-0.0001753384314128247
0.4727485829980444	-0.00017533819521049678
0.4758123259130346	-0.00017533795769473964
0.47889138754259974	-0.0001753377188489399
0.4819858444803126	-0.0001753374786561275
0.4850957737027142	-0.00017533723709883803
0.48822125257122767	-0.0001753369941590484
0.49136235883408375	-0.00017533674981824659
0.49451917062825407	-0.00017533650405759542
0.49769176648139524	-0.00017533625685756647
0.5008802253138022	-0.00017533600819797968
0.5040846264403713	-0.00017533575805811822
0.5073050495725733	-0.00017533550641685093
0.510541574820436	-0.00017533525325218245
0.5137942826945383	-0.000175334998541681
0.5170632541080108	-0.0001753347422621768
0.520348570378551	-0.00017533448438961346
0.5236503132304436	-0.00017533422489950969
0.5269685647965956	-0.000175333963766452
0.5303034076205784	-0.00017533370096441166
0.5336549246586811	-0.00017533343646629432
0.5370231992819746	-0.0001753331702446226
0.5404083152783844	-0.00017533290227047645
0.5438103568547764	-0.00017533263251444378
0.5472294086390501	-0.00017533236094613607
0.5506655556822453	-0.00017533208753411344
0.5541188834606565	-0.0001753318122458551
0.5575894778779599	-0.00017533153504810633
0.5610774252673494	-0.00017533125590613456
0.564582812393686	-0.0001753309747843237
0.5681057264556543	-0.0001753306916457814
0.5716462550879327	-0.00017533040645252075
0.5752044863633723	-0.0001753301191652336
0.578780508795189	-0.00017532982974308837
0.5823744113391649	-0.000175329538144182
0.5859862833958606	-0.00017532924432506309
0.5896162148128399	-0.0001753289482407269
0.5932642958869042	-0.0001753286498445925
0.5969306173663387	-0.00017532834908866752
0.6006152704531702	-0.0001753280459231883
0.6043183468054361	-0.00017532774029631546
0.6080399385394633	-0.0001753274321550509
0.6117801382321605	-0.00017532712144370115
0.615539038923321	-0.00017532680810507085
0.6193167341179376	-0.0001753264920798691
0.6231133177885273	-0.0001753261733064564
0.6269288843774701	-0.0001753258517210818
0.6307635287993573	-0.00017532552725728202
0.6346173464433539	-0.0001753251998466799
0.6384904331755705	-0.00017532486941786377
0.6423828853414483	-0.00017532453589692864
0.6462947997681555	-0.00017532419920689277
0.6502262737669962	-0.00017532385926810943
0.6541774051358311	-0.00017532351599775693
0.6581482921615099	-0.00017532316930954096
0.6621390336223173	-0.00017532281911392843
0.6661497287904288	-0.00017532246531796648
0.6701804774343807	-0.00017532210782460404
0.6742313798215525	-0.00017532174653314816
0.6783025367206603	-0.0001753213813388577
0.6823940494042636	-0.00017532101213240374
0.6865060196512851	-0.00017532063880008148
0.6906385497495416	-0.00017532026122329177
0.6947917424982893	-0.0001753198792787966
0.6989657012107808	-0.00017531949283738468
0.7031605297168348	-0.00017531910176528203
0.7073763323654189	-0.0001753187059219883
0.7116132140272461	-0.00017531830516152646
0.715871280097382	-0.00017531789933100217
0.7201506364978687	-0.0001753174882709837
0.7244513896803577	-0.0001753170718147867
0.7287736466287593	-0.0001753166497883423
0.733117514861903	-0.0001753162220092116
0.7374831024362126	-0.00017531578828687184
0.7418705179483935	-0.00017531534842187804
0.7462798705381356	-0.0001753149022050132
0.7507112698908263	-0.00017531444941759134
0.7551648262402804	-0.0001753139898302359
0.759640650371482	-0.00017531352320205118
0.7641388536233394	-0.00017531304928104912
0.7686595478914561	-0.00017531256780188304
0.7732028456309133	-0.0001753120784866352
0.7777688598590677	-0.00017531158104270764
0.7823577041583629	-0.00017531107516286702
0.7869694926791548	-0.00017531056052403615
0.7916043401425507	-0.00017531003678548042
0.7962623618432633	-0.00017530950358938738
0.8009436736524796	-0.0001753089605577089
0.805648392020742	-0.00017530840729267853
0.8103766339808457	-0.00017530784337403248
0.81512851715075	-0.00017530726835833965
0.8199041597365035	-0.00017530668177727642
0.8247036805351862	-0.00017530608313504994
0.8295271989378621	-0.00017530547190781692
0.8343748349325514	-0.00017530484754073024
0.8392467091072142	-0.00017530420944536417
0.8441429426527504	-0.00017530355699809101
0.849063657366014	-0.00017530288953704066
0.8540089756528442	-0.00017530220635852723
0.8589790205311084	-0.00017530150671458752
0.863973915633764	-0.00017530078980857618
0.8689739156337638	-0.00017530005643454349
0.8739739156337636	-0.00017529930756027883
0.8789739156337634	-0.00017529854281801398
0.8839739156337632	-0.0001752977614699297
0.8889739156337629	-0.00017529696273385354
0.8939739156337627	-0.00017529614578081713
0.8989739156337626	-0.00017529530973021628
0.9039739156337624	-0.00017529445364674993
0.9089739156337622	-0.00017529357653496758
0.913973915633762	-0.00017529267733381294
0.9189739156337617	-0.00017529175491135657
0.9239739156337615	-0.0001752908080568941
0.9289739156337613	-0.00017528983547429367
0.9339739156337611	-0.00017528883577396214
0.938973915633761	-0.00017528780746120295
0.9439739156337608	-0.00017528674892696225
0.9489739156337605	-0.00017528565843492462
0.9539739156337603	-0.00017528453410658906
0.9589739156337601	-0.00017528337390516864
0.9639739156337599	-0.00017528217561653652
0.9689739156337597	-0.00017528093682768532
0.9739739156337595	-0.00017527965490053243
0.9789739156337594	-0.0001752783269439679
0.9839739156337591	-0.00017527694977827592
0.9889739156337589	-0.00017527551989643847
0.9939739156337587	-0.0001752740334169341
0.9989739156337585	-0.00017527248602968587
1.0039739156337584	-0.00017527087293193338
1.008973915633758	-0.0001752691887531165
1.013973915633758	-0.00017526742746606217
1.0189739156337576	-0.00017526558228180803
1.0239739156337575	-0.00017526364552709247
1.0289739156337572	-0.00017526160849608651
1.033973915633757	-0.0001752594612764421
1.038973915633757	-0.0001752571925424289
1.0439739156337566	-0.00017525478930852751
1.0489739156337565	-0.00017525223663455877
1.0539739156337562	-0.0001752495172766976
1.058973915633756	-0.00017524661126687124
1.0639739156337558	-0.00017524349541345925
1.0689739156337557	-0.0001752401427016355
1.0739739156337553	-0.00017523652157479854
1.0789739156337552	-0.00017523259507555252
1.0839739156337551	-0.00017522831981244783
1.0889739156337548	-0.0001752236447209122
1.0939739156337547	-0.00017521850957533778
1.0989739156337544	-0.00017521284319949246
1.1039739156337542	-0.0001752065613167619
1.108973915633754	-0.00017519956396091642
1.1139739156337538	-0.0001751917323629666
1.1189739156337537	-0.00017518292520098794
1.1239739156337534	-0.00017517297408473664
1.1289739156337533	-0.00017516167811597083
1.133973915633753	-0.00017514879733283682
1.1389739156337528	-0.00017513404480954455
1.1439739156337525	-0.00017511707713377774
1.1489739156337524	-0.00017509748292558497
1.153973915633752	-0.00017507476899395431
1.158973915633752	-0.00017504834364590283
1.1639739156337519	-0.00017501749656141484
1.1689739156337515	-0.0001749813745256812
1.1739739156337514	-0.000174938952168371
1.178973915633751	-0.00017488899668809357
1.183973915633751	-0.00017483002532556516
1.1889739156337507	-0.00017476025410206663
1.1939739156337505	-0.000174677536042718
1.1989739156337504	-0.00017457928673146795
1.2039739156337501	-0.00017446239461885762
1.20897391563375	-0.00017432311297505056
1.2139739156337497	-0.00017415692974358907
1.2189739156337496	-0.0001739584107946684
1.2239739156337492	-0.0001737210111421395
1.2289739156337491	-0.00017343684756860526
1.2339739156337488	-0.0001730964247369093
1.2389739156337487	-0.00017268830519912742
1.2439739156337486	-0.00017219871168813717
1.2489739156337483	-0.00017161104760220523
1.2539739156337482	-0.00017090531858567643
1.2589739156337478	-0.00017005743444858793
1.2639739156337477	-0.0001690383662526846
1.2689739156337474	-0.00016781312807457775
1.2739739156337473	-0.00016633954658907242
1.2789739156337472	-0.0001645667740549919
1.2839739156337469	-0.0001624334913371104
1.2889739156337467	-0.00015986573706853333
1.2939739156337464	-0.00015677428672040077
1.2989739156337463	-0.000153051490964
1.303973915633746	-0.000148567466005468
1.3089739156337459	-0.00014316550934292504
1.3139739156337455	-0.0001366565924702209
1.3189739156337454	-0.00012881275744565016
1.3239739156337453	-0.00011935921725375183
1.328973915633745	-0.00010796493122697593
1.333973915633745	-9.423139781001097e-5
1.3389739156337446	-7.767937991609514e-5
1.3439739156337445	-5.7733256525670034e-5
1.3489739156337441	-3.3702683246452766e-5
1.353973915633744	-4.761251756486748e-6
1.358973915633744	3.007812632095924e-5
1.3639739156337436	7.199130772802897e-5
1.3689739156337435	0.00012237453711731597
1.3739739156337432	0.00018287943829994101
1.378973915633743	0.000255450894317287
1.3839739156337427	0.000342366881750418
1.3879804367253072	0.00042429634901650103
1.3919869578168715	0.0005185351478532746
1.395993478908436	0.0006269646727885772
1.4	0.000751511276472544
