0.0006999999999999628	-0.00017600494258792975
0.001403500000000035	-0.0001759944749570054
0.0021105174999999296	-0.00017599425136805588
0.0028210700874998964	-0.00017599416499264282
0.003535175437937438	-0.00017599408009729296
0.004252851315127062	-0.0001759939948286458
0.004974115571702636	-0.00017599390915928583
0.005698986149561044	-0.00017599382308701607
0.006427481080308875	-0.00017599373661000167
0.007159618485710418	-0.0001759936497265549
0.007895416578138905	-0.00017599356243492404
0.008634893661029494	-0.00017599347473322365
0.00937806812933463	-0.0001759933866197417
0.010124958469981361	-0.00017599329809266437
0.010875583262331262	-0.00017599320915022613
0.01162996117864295	-0.00017599311979051897
0.012388110984536127	-0.00017599303001176897
0.013150051539458866	-0.00017599293981224336
0.013915801797156208	-0.00017599284919003316
0.014685380806142003	-0.0001759927581432672
0.015458807710172712	-0.00017599266667014244
0.01623610174872358	-0.00017599257476884984
0.017017282257467212	-0.000175992482437408
0.017802368668754516	-0.00017599238967416946
0.01859138051209827	-0.00017599229647706545
0.019384337414658823	-0.00017599220284435913
0.020181259101732015	-0.0001759921087740513
0.020982165397240727	-0.0001759920142643281
0.02178707622422691	-0.00017599191931332578
0.02259601160534814	-0.00017599182391906835
0.02340899166337483	-0.00017599172807965631
0.024226036621691812	-0.00017599163179321815
0.02504716680480027	-0.00017599153505783505
0.025872402638824326	-0.00017599143787157257
0.02670176465201842	-0.00017599134023241493
0.02753527347527842	-0.00017599124213853
0.028372949842654864	-0.0001759911435878836
0.0292148145918682	-0.00017599104457863396
0.03006088866482743	-0.0001759909451087514
0.03091119310815165	-0.00017599084517626516
0.0317657490736924	-0.00017599074477926403
0.03262457781906081	-0.00017599064391563758
0.03348770070815601	-0.00017599054258355263
0.034355139211696875	-0.00017599044078090806
0.035226914907755424	-0.00017599033850571952
0.03610304948229413	-0.00017599023575606967
0.03698356472970569	-0.00017599013252986214
0.03786848255335419	-0.0001759900288250743
0.038757824966120964	-0.0001759899246397151
0.03965161409095162	-0.00017598981997172505
0.04054987216140643	-0.0001759897148190724
0.04145262152221345	-0.00017598960917976112
0.04235988462982453	-0.00017598950305166108
0.04327168405297366	-0.0001759893964327697
0.0441880424732386	-0.00017598928932093975
0.04510898268560485	-0.0001759891817142241
0.046034527599032954	-0.00017598907361046282
0.04696470023702812	-0.00017598896500757005
0.04789952373821329	-0.0001759888559035019
0.048839021356904266	-0.00017598874629607702
0.04978321646368884	-0.00017598863618330091
0.05073213254600732	-0.00017598852556297638
0.05168579320873729	-0.00017598841443300915
0.052644222174780875	-0.0001759883027912736
0.05360744328565471	-0.00017598819063559956
0.054575480502083065	-0.00017598807796391684
0.05554835790459365	-0.00017598796477404964
0.05652609969411678	-0.00017598785106383617
0.05750873019258755	-0.0001759877368311152
0.05849627384355038	-0.00017598762207375523
0.05948875521276831	-0.00017598750678954128
0.060486198988831924	-0.0001759873909763213
0.061488629983776036	-0.00017598727463189707
0.062496073133695054	-0.00017598715775406982
0.06350855349936363	-0.00017598704034067073
0.06452609626686023	-0.00017598692238950374
0.06554872674819473	-0.0001759868038982839
0.0665764703819355	-0.00017598668486484977
0.06760935273384511	-0.0001759865652869491
0.06864739949751451	-0.00017598644516234386
0.06969063649500218	-0.0001759863244888761
0.07073908967747725	-0.00017598620326414317
0.07179278512586448	-0.00017598608148605897
0.07285174905149387	-0.0001759859591522875
0.07391600779675113	-0.00017598583626049846
0.07498558783573481	-0.0001759857128086061
0.07606051577491364	-0.0001759855887941506
0.07714081835378801	-0.00017598546421495142
0.0782265224455569	-0.0001759853390685862
0.07931765505778446	-0.00017598521335285316
0.08041424333307354	-0.00017598508706550238
0.08151631454973869	-0.00017598496020415934
0.08262389612248718	-0.0001759848327664172
0.08373701560309972	-0.000175984704750059
0.08485570068111534	-0.00017598457615278305
0.08597997918452092	-0.00017598444697211125
0.08710987908044335	-0.0001759843172058584
0.08824542847584554	-0.00017598418685152578
0.08938665561822474	-0.0001759840559068635
0.0905335888963159	-0.00017598392436945416
0.09168625684079766	-0.00017598379223687877
0.09284468812500156	-0.00017598365950686524
0.09400891156562662	-0.00017598352617694243
0.09517895612345495	-0.00017598339224478423
0.09635485090407213	-0.0001759832577079177
0.09753662515859228	-0.00017598312256398847
0.09872430828438533	-0.0001759829868105829
0.09991792982580742	-0.00017598285044523483
0.10111751947493633	-0.0001759827134655594
0.10232310707231096	-0.0001759825758690464
0.10353472260767245	-0.00017598243765338414
0.1047523962207106	-0.00017598229881603643
0.1059761582018141	-0.00017598215935459098
0.10720603899282295	-0.000175982019266534
0.10844206918778705	-0.00017598187854942667
0.10968427953372589	-0.0001759817372008379
0.11093270093139453	-0.00017598159521822846
0.11218736443605157	-0.00017598145259910402
0.11344830125823162	-0.0001759813093410307
0.11471554276452282	-0.0001759811654414501
0.11598912047834534	-0.00017598102089787343
0.11726906608073716	-0.00017598087570777453
0.11855541141114084	-0.00017598072986858889
0.11984818846819666	-0.0001759805833778945
0.12114742941053756	-0.000175980436233055
0.12245316655759021	-0.0001759802884315767
0.12376543239037813	-0.0001759801399708822
0.12508425955233007	-0.00017597999084844457
0.12640968085009188	-0.00017597984106168578
0.12774172925434224	-0.00017597969060796195
0.12908043790061416	-0.00017597953948482258
0.13042584009011704	-0.00017597938768957423
0.13177796929056776	-0.00017597923521967663
0.1331368591370207	-0.00017597908207249506
0.13450254343270562	-0.00017597892824548476
0.13587505614986897	-0.00017597877373588103
0.1372544314306183	-0.00017597861854125134
0.13864070358777136	-0.00017597846265886188
0.14003390710571012	-0.00017597830608607172
0.14143407664123844	-0.00017597814882022543
0.14284124702444484	-0.00017597799085867849
0.14425545325956707	-0.00017597783219876762
0.1456767305258648	-0.00017597767283789641
0.14710511417849395	-0.00017597751277324863
0.14854063974938644	-0.00017597735200226372
0.14998334294813345	-0.00017597719052216265
0.1514332596628742	-0.00017597702833030234
0.15289042596118857	-0.0001759768654239248
0.15435487809099444	-0.000175976701800335
0.15582665248144925	-0.00017597653745683324
0.15730578574385642	-0.00017597637239064433
0.1587923146725756	-0.00017597620659902608
0.1602862762459386	-0.00017597604007926862
0.1617877076271685	-0.0001759758728285753
0.16329664616530448	-0.00017597570484413603
0.16481312939613094	-0.00017597553612325984
0.16633719504311156	-0.00017597536666308732
0.16786888101832692	-0.00017597519646087113
0.16940822542341866	-0.00017597502551384544
0.17095526655053575	-0.00017597485381904503
0.17251004288328856	-0.000175974681373851
0.1740725930977048	-0.00017597450817521018
0.1756429560631934	-0.00017597433422048667
0.17722117084350925	-0.00017597415950664473
0.17880727669772659	-0.0001759739840309839
0.18040131308121543	-0.00017597380779052428
0.18200331964662148	-0.0001759736307824204
0.18361333624485465	-0.00017597345300373373
0.18523140292607912	-0.0001759732744516698
0.18685755994070938	-0.00017597309512314903
0.18849184774041308	-0.0001759729150153551
0.19013430697911532	-0.00017597273412541206
0.19178497851401088	-0.00017597255245019997
0.19344390340658082	-0.00017597236998689904
0.19511112292361377	-0.00017597218673245205
0.1967866785382319	-0.00017597200268392113
0.19847061193092289	-0.0001759718178382462
0.2001629649905775	-0.00017597163219256877
0.20186377981553055	-0.00017597144574369909
0.20357309871460819	-0.00017597125848869692
0.2052909642081813	-0.000175971070424461
0.207017419029222	-0.0001759708815479877
0.20875250612436788	-0.00017597069185613313
0.21049626865498966	-0.00017597050134586086
0.21224874999826462	-0.00017597031001397208
0.21400999374825602	-0.00017597011785748344
0.2157800437169973	-0.00017596992487316812
0.21755894393558234	-0.000175969731057925
0.21934673865526005	-0.00017596953640852065
0.2211434723485364	-0.00017596934092185547
0.22294918971027902	-0.00017596914459468708
0.22476393565883038	-0.00017596894742374157
0.22658775533712455	-0.00017596874940583777
0.22842069411381005	-0.00017596855053777371
0.23026279758437915	-0.00017596835081626767
0.23211411157230094	-0.00017596815023788285
0.23397468213016254	-0.0001759679487994926
0.23584455554081346	-0.0001759677464976787
0.23772377831851751	-0.00017596754332905215
0.23961239721011024	-0.00017596733929032472
0.24151045919616082	-0.00017596713437812122
0.24341801149214168	-0.00017596692858887496
0.24533510154960245	-0.00017596672191932025
0.24726177705735047	-0.00017596651436584248
0.2491980859426373	-0.00017596630592514142
0.25114407637235053	-0.00017596609659359066
0.2530997967542124	-0.00017596588636763368
0.2550652957379834	-0.00017596567524378668
0.2570406222166734	-0.0001759654632183343
0.25902582532775686	-0.00017596525028783686
0.26102095445439577	-0.0001759650364484753
0.2630260592266676	-0.00017596482169675423
0.26504118952280104	-0.00017596460602889644
0.26706639547041516	-0.00017596438944108154
0.26910172744776706	-0.0001759641719296283
0.27114723608500574	-0.00017596395349076934
0.2732029722654309	-0.0001759637341206475
0.2752689871267581	-0.00017596351381530677
0.2773453320623917	-0.00017596329257099332
0.2794320587227036	-0.00017596307038363505
0.281529219016317	-0.00017596284724937525
0.2836368651113984	-0.00017596262316416162
0.28575504943695557	-0.0001759623981238735
0.28788382468414025	-0.0001759621721245174
0.2900232438075611	-0.00017596194516189285
0.29217336002659877	-0.0001759617172318228
0.29433422682673194	-0.00017596148833008013
0.29650589796086546	-0.00017596125845251574
0.29868842745066976	-0.0001759610275946023
0.30088186958792296	-0.00017596079575206604
0.30308627893586265	-0.0001759605629205387
0.305301710330542	-0.00017596032909552374
0.3075282188821948	-0.00017596009427238993
0.30976585997660583	-0.000175959858446821
0.31201468927648873	-0.0001759596216138194
0.31427476272287097	-0.00017595938376902253
0.3165461365364855	-0.00017595914490739977
0.318828867219168	-0.00017595890502428385
0.3211230115552639	-0.0001759586641148487
0.32342862661304006	-0.00017595842217399662
0.3257457697461053	-0.00017595817919682707
0.32807449859483556	-0.000175957935178103
0.33041487108780954	-0.0001759576901128791
0.3327669454432486	-0.00017595744399568115
0.33513078017046477	-0.00017595719682138164
0.33750643407131686	-0.0001759569485845594
0.33989396624167323	-0.00017595669927964404
0.3422934360728816	-0.00017595644890110038
0.34470490325324576	-0.00017595619744329368
0.3471284277695118	-0.00017595594490049077
0.34956406990835936	-0.00017595569126689785
0.3520118902579012	-0.00017595543653645693
0.3544719497091907	-0.000175955180703343
0.35694430945773664	-0.0001759549237612252
0.3594290310050252	-0.0001759546657039879
0.36192617616005013	-0.00017595440652525034
0.3644358070408504	-0.00017595414621853392
0.36695798607605457	-0.00017595388477724264
0.36949277600643504	-0.0001759536221947388
0.37204023988646695	-0.00017595335846415442
0.374600441085899	-0.00017595309357856554
0.3771734432913285	-0.0001759528275309178
0.379759310507785	-0.00017595256031388304
0.3823581070603237	-0.00017595229192025514
0.3849698975956254	-0.0001759520223425094
0.3875947470836033	-0.00017595175157286716
0.39023272081902133	-0.00017595147960355846
0.3928838844231162	-0.00017595120642669313
0.39554830384523165	-0.00017595093203406158
0.3982260453644579	-0.00017595065641749693
0.4009171755912802	-0.0001759503795683713
0.4036217614692367	-0.00017595010147802568
0.4063398702765827	-0.00017594982213778377
0.40907156962796565	-0.00017594954153841183
0.41181692747610543	-0.000175949259670694
0.41457601211348605	-0.0001759489765252665
0.4173488921740533	-0.0001759486920924069
0.4201356366349237	-0.00017594840636227948
0.42293631481809807	-0.00017594811932468028
0.4257509963921885	-0.00017594783096930785
0.42857975137414944	-0.0001759475412856042
0.4314226501310203	-0.0001759472502625968
0.43427976338167545	-0.00017594695788933492
0.43715116219858396	-0.00017594666415445014
0.440036918009577	-0.00017594636904618883
0.44293710259962477	-0.00017594607255250061
0.4458517881126228	-0.00017594577466139246
0.4487810470531859	-0.0001759454753601838
0.45172495228845155	-0.00017594517463587694
0.45468357704989376	-0.0001759448724754432
0.45765699493514306	-0.0001759445688654384
0.46064527990981863	-0.00017594426379172372
0.4636485063093676	-0.00017594395724030505
0.4666667488409145	-0.00017594364919617985
0.4697000825851191	-0.00017594333964469905
0.4727485829980444	-0.00017594302857022463
0.4758123259130346	-0.00017594271595692464
0.47889138754259974	-0.00017594240178849327
0.4819858444803126	-0.00017594208604833193
0.4850957737027142	-0.000175941768719074
0.48822125257122767	-0.00017594144978311916
0.49136235883408375	-0.0001759411292223217
0.49451917062825407	-0.00017594080701788204
0.49769176648139524	-0.00017594048315063528
0.5008802253138022	-0.00017594015760081922
0.5040846264403713	-0.0001759398303480576
0.5073050495725733	-0.00017593950137132104
0.510541574820436	-0.00017593917064897334
0.5137942826945383	-0.0001759388381590316
0.5170632541080108	-0.00017593850387845615
0.520348570378551	-0.00017593816778356904
0.5236503132304436	-0.00017593782985029005
0.5269685647965956	-0.00017593749005353254
0.5303034076205784	-0.00017593714836744692
0.5336549246586811	-0.000175936804765204
0.5370231992819746	-0.00017593645921982725
0.5404083152783844	-0.00017593611170266463
0.5438103568547764	-0.00017593576218463399
0.5472294086390501	-0.0001759354106356996
0.5506655556822453	-0.00017593505702460759
0.5541188834606565	-0.00017593470131943575
0.5575894778779599	-0.0001759343434868691
0.5610774252673494	-0.00017593398349278146
0.564582812393686	-0.0001759336213017501
0.5681057264556543	-0.00017593325687737486
0.5716462550879327	-0.00017593289018187993
0.5752044863633723	-0.00017593252117598823
0.578780508795189	-0.00017593214981972798
0.5823744113391649	-0.00017593177607113297
0.5859862833958606	-0.0001759313998871131
0.5896162148128399	-0.0001759310212230462
0.5932642958869042	-0.00017593064003277873
0.5969306173663387	-0.00017593025626825982
0.6006152704531702	-0.0001759298698802603
0.6043183468054361	-0.00017592948081724175
0.6080399385394633	-0.00017592908902634873
0.6117801382321605	-0.00017592869445230783
0.615539038923321	-0.00017592829703821743
0.6193167341179376	-0.00017592789672505764
0.6231133177885273	-0.00017592749345127337
0.6269288843774701	-0.0001759270871533194
0.6307635287993573	-0.00017592667776552653
0.6346173464433539	-0.0001759262652190916
0.6384904331755705	-0.00017592584944319613
0.6423828853414483	-0.00017592543036393948
0.6462947997681555	-0.00017592500790483456
0.6502262737669962	-0.0001759245819862178
0.6541774051358311	-0.00017592415252551654
0.6581482921615099	-0.00017592371943661665
0.6621390336223173	-0.00017592328263013677
0.6661497287904288	-0.00017592284201336885
0.6701804774343807	-0.0001759223974892987
0.6742313798215525	-0.00017592194895752213
0.6783025367206603	-0.00017592149631315293
0.6823940494042636	-0.00017592103944719798
0.6865060196512851	-0.00017592057824578782
0.6906385497495416	-0.00017592011259065927
0.6947917424982893	-0.00017591964235839892
0.6989657012107808	-0.00017591916742022983
0.7031605297168348	-0.00017591868764176333
0.7073763323654189	-0.00017591820288305804
0.7116132140272461	-0.00017591771299777865
0.715871280097382	-0.00017591721783320781
0.7201506364978687	-0.00017591671722977197
0.7244513896803577	-0.0001759162110208036
0.7287736466287593	-0.00017591569903168354
0.733117514861903	-0.0001759151810803743
0.7374831024362126	-0.0001759146569759738
0.7418705179483935	-0.0001759141265185933
0.7462798705381356	-0.00017591358949934946
0.7507112698908263	-0.00017591304569902953
0.7551648262402804	-0.00017591249488781459
0.759640650371482	-0.00017591193682501988
0.7641388536233394	-0.00017591137125782313
0.7686595478914561	-0.0001759107979210704
0.7732028456309133	-0.00017591021653593427
0.7777688598590677	-0.0001759096268097409
0.7823577041583629	-0.0001759090284350075
0.7869694926791548	-0.00017590842108759704
0.7916043401425507	-0.00017590780442699173
0.7962623618432633	-0.0001759071780944838
0.8009436736524796	-0.00017590654171175134
0.805648392020742	-0.00017590589488022934
0.8103766339808457	-0.00017590523717937953
0.81512851715075	-0.00017590456816508
0.8199041597365035	-0.00017590388736842398
0.8247036805351862	-0.00017590319429344956
0.8295271989378621	-0.00017590248841513865
0.8343748349325514	-0.00017590176917842016
0.8392467091072142	-0.00017590103599454926
0.8441429426527504	-0.0001759002882391945
0.849063657366014	-0.00017589952525010478
0.8540089756528442	-0.00017589874632338662
0.8589790205311084	-0.00017589795071064254
0.863973915633764	-0.00017589713761508822
0.8689739156337638	-0.0001758963080549213
0.8739739156337636	-0.00017589546321353716
0.8789739156337634	-0.00017589460276279585
0.8839739156337632	-0.00017589372596411312
0.8889739156337629	-0.00017589283203517915
0.8939739156337627	-0.00017589192014605493
0.8989739156337626	-0.00017589098941661596
0.9039739156337624	-0.0001758900389118915
0.9089739156337622	-0.00017588906763724767
0.913973915633762	-0.0001758880745329829
0.9189739156337617	-0.00017588705846877326
0.9239739156337615	-0.00017588601823701936
0.9289739156337613	-0.00017588495254518372
0.9339739156337611	-0.00017588386000652137
0.938973915633761	-0.0001758827391322817
0.9439739156337608	-0.0001758815883194264
0.9489739156337605	-0.00017588040583841347
0.9539739156337603	-0.000175879189819469
0.9589739156337601	-0.00017587793823562465
0.9639739156337599	-0.00017587664888461967
0.9689739156337597	-0.00017587531936622575
0.9739739156337595	-0.00017587394705872252
0.9789739156337594	-0.0001758725290879348
0.9839739156337591	-0.00017587106229513766
0.9889739156337589	-0.00017586954319616396
0.9939739156337587	-0.00017586796793627179
0.9989739156337585	-0.00017586633223555054
1.0039739156337584	-0.00017586463132510363
1.008973915633758	-0.00017586285987348482
1.013973915633758	-0.00017586101189690607
1.0189739156337576	-0.0001758590806563777
1.0239739156337575	-0.00017585705853383026
1.0289739156337572	-0.00017585493688606677
1.033973915633757	-0.00017585270587168337
1.038973915633757	-0.00017585035424381356
1.0439739156337566	-0.0001758478691057686
1.0489739156337565	-0.0001758452356170178
1.0539739156337562	-0.00017584243664486585
1.058973915633756	-0.00017583945234581029
1.0639739156337558	-0.00017583625966738144
1.0689739156337557	-0.0001758328317494969
1.0739739156337553	-0.0001758291372090524
1.0789739156337552	-0.00017582513928013607
1.0839739156337551	-0.00017582079478585966
1.0889739156337548	-0.000175816052898226
1.0939739156337547	-0.00017581085365544005
1.0989739156337544	-0.00017580512617261577
1.1039739156337542	-0.0001757987864949611
1.108973915633754	-0.00017579173501225002
1.1139739156337538	-0.00017578385334721268
1.1189739156337537	-0.0001757750006102923
1.1239739156337534	-0.0001757650088851213
1.1289739156337533	-0.00017575367779419396
1.133973915633753	-0.00017574076794607657
1.1389739156337528	-0.00017572599304004877
1.1439739156337525	-0.00017570901034623417
1.1489739156337524	-0.00017568940923104137
1.153973915633752	-0.00017566669731916305
1.158973915633752	-0.0001756402838106797
1.1639739156337519	-0.0001756094593633958
1.1689739156337515	-0.00017557337183902332
1.1739739156337514	-0.0001755309970577589
1.178973915633751	-0.00017548110354540184
1.183973915633751	-0.00017542221003580418
1.1889739156337507	-0.00017535253425476896
1.1939739156337505	-0.0001752699311987587
1.1989739156337504	-0.0001751718187724037
1.2039739156337501	-0.00017505508820641385
1.20897391563375	-0.00017491599615658502
1.2139739156337497	-0.00017475003475711572
1.2189739156337496	-0.00017455177512563973
1.2239739156337492	-0.00017431467890955204
1.2289739156337491	-0.00017403087131866635
1.2339739156337488	-0.00017369086773161638
1.2389739156337487	-0.00017328324428679477
1.2439739156337486	-0.000172794240829696
1.2489739156337483	-0.00017220728209766593
1.2539739156337482	-0.00017150239998730697
1.2589739156337478	-0.00017065553606950814
1.2639739156337477	-0.0001696376990549393
1.2689739156337474	-0.0001684139465626727
1.2739739156337473	-0.00016694215412194457
1.2789739156337472	-0.0001651715267260377
1.2839739156337469	-0.00016304079922254555
1.2889739156337467	-0.00016047606118363463
1.2939739156337464	-0.0001573881293783124
1.2989739156337463	-0.00015366937629259812
1.303973915633746	-0.00014918990597960377
1.3089739156337459	-0.00014379294858746542
1.3139739156337455	-0.00013728932193175108
1.3189739156337454	-0.00012945078234840793
1.3239739156337453	-0.00012000205786185957
1.328973915633745	-0.00010861132490580944
1.333973915633745	-9.487885643259847e-5
1.3389739156337446	-7.832353600983903e-5
1.3439739156337445	-5.8366902320693454e-5
1.3489739156337441	-3.431436578114883e-5
1.353973915633744	-5.333230279032478e-6
1.358973915633744	2.957283243294194e-5
1.3639739156337436	7.15931576784063e-5
1.3689739156337435	0.00012214351099304138
1.3739739156337432	0.00018290358132236703
1.378973915633743	0.000255858290190673
1.3839739156337427	0.0003433422601968505
1.3879804367253072	0.0004259172667421503
1.3919869578168715	0.0005210214795094808
1.395993478908436	0.0006306109591941208
1.4	0.000756702451231748
