0.0006999999999999628	-0.0001609418025745141
0.001403500000000035	-0.0001609319776148951
0.0021105174999999296	-0.00016093168389232898
0.0028210700874998964	-0.0001609315247429562
0.003535175437937438	-0.00016093136651125877
0.004252851315127062	-0.0001609312073080144
0.004974115571702636	-0.00016093104709942588
0.005698986149561044	-0.00016093088587768798
0.006427481080308875	-0.00016093072363504546
0.007159618485710418	-0.00016093056036382646
0.007895416578138905	-0.0001609303960562531
0.008634893661029494	-0.0001609302307045229
0.00937806812933463	-0.00016093006430059736
0.010124958469981361	-0.00016092989683657083
0.010875583262331262	-0.00016092972830437132
0.01162996117864295	-0.00016092955869572432
0.012388110984536127	-0.00016092938800257007
0.013150051539458866	-0.00016092921621650223
0.013915801797156208	-0.00016092904332911168
0.014685380806142003	-0.0001609288693319251
0.015458807710172712	-0.00016092869421645628
0.01623610174872358	-0.00016092851797398758
0.017017282257467212	-0.0001609283405959259
0.017802368668754516	-0.00016092816207330154
0.01859138051209827	-0.00016092798239733546
0.019384337414658823	-0.00016092780155904863
0.020181259101732015	-0.00016092761954933292
0.020982165397240727	-0.00016092743635900869
0.02178707622422691	-0.0001609272519789519
0.02259601160534814	-0.000160927066399716
0.02340899166337483	-0.0001609268796118724
0.024226036621691812	-0.00016092669160597413
0.02504716680480027	-0.0001609265023723949
0.025872402638824326	-0.00016092631190130677
0.02670176465201842	-0.00016092612018308428
0.02753527347527842	-0.00016092592720771338
0.028372949842654864	-0.00016092573296521272
0.0292148145918682	-0.00016092553744546795
0.03006088866482743	-0.00016092534063830757
0.03091119310815165	-0.00016092514253343205
0.0317657490736924	-0.00016092494312036133
0.03262457781906081	-0.00016092474238856328
0.03348770070815601	-0.00016092454032747428
0.034355139211696875	-0.00016092433692634786
0.035226914907755424	-0.00016092413217430764
0.03610304948229413	-0.00016092392606047138
0.03698356472970569	-0.00016092371857371292
0.03786848255335419	-0.00016092350970283716
0.038757824966120964	-0.00016092329943658614
0.03965161409095162	-0.0001609230877634913
0.04054987216140643	-0.00016092287467210764
0.04145262152221345	-0.00016092266015074508
0.04235988462982453	-0.00016092244418757106
0.04327168405297366	-0.00016092222677072587
0.0441880424732386	-0.0001609220078882378
0.04510898268560485	-0.00016092178752779912
0.046034527599032954	-0.0001609215656773773
0.04696470023702812	-0.0001609213423243882
0.04789952373821329	-0.0001609211174563355
0.048839021356904266	-0.0001609208910605873
0.04978321646368884	-0.00016092066312427687
0.05073213254600732	-0.0001609204336344374
0.05168579320873729	-0.0001609202025780276
0.052644222174780875	-0.00016091996994192342
0.05360744328565471	-0.0001609197357125915
0.054575480502083065	-0.0001609194998766125
0.055548357904593434	-0.000160919262420322
0.056526099694116344	-0.00016091902332988534
0.0575087301925869	-0.00016091878259137107
0.05849627384354973	-0.0001609185401907154
0.05948875521276744	-0.0001609182961135579
0.06048619898883127	-0.00016091805034565136
0.061488629983775384	-0.00016091780287218527
0.06249607313369419	-0.0001609175536785903
0.06350855349936275	-0.0001609173027499016
0.06452609626685958	-0.0001609170500711304
0.06554872674819387	-0.00016091679562694287
0.06657647038193484	-0.00016091653940199636
0.06760935273384447	-0.00016091628138070678
0.06864739949751365	-0.00016091602154724843
0.0696906364950013	-0.0001609157598858441
0.07073908967747639	-0.0001609154963802801
0.07179278512586384	-0.0001609152310142981
0.07285174905149322	-0.00016091496377141867
0.0739160077967507	-0.00016091469463501364
0.07498558783573436	-0.00016091442358816718
0.07606051577491299	-0.00016091415061382288
0.07714081835378758	-0.00016091387569486284
0.07822652244555647	-0.0001609135988137009
0.07931765505778425	-0.00016091331995283522
0.0804142433330731	-0.00016091303909435188
0.08151631454973848	-0.00016091275622021685
0.08262389612248718	-0.00016091247131212532
0.0837370156030995	-0.00016091218435167743
0.0848557006811149	-0.00016091189532008862
0.0859799791845205	-0.0001609116041985846
0.08710987908044313	-0.00016091131096787427
0.08824542847584534	-0.000160911015608704
0.08938665561822454	-0.00016091071810150833
0.09053358889631567	-0.00016091041842638022
0.09168625684079722	-0.00016091011656330082
0.09284468812500112	-0.00016090981249203544
0.09400891156562617	-0.0001609095061918919
0.0951789561234543	-0.00016090919764227796
0.09635485090407148	-0.00016090888682206102
0.09753662515859184	-0.00016090857370989881
0.0987243082843847	-0.0001609082582843024
0.09991792982580656	-0.00016090794052345508
0.10111751947493569	-0.00016090762040532342
0.10232310707231031	-0.0001609072979074712
0.1035347226076718	-0.0001609069730073726
0.10475239622071016	-0.00016090664568201523
0.10597615820181366	-0.0001609063159082609
0.10720603899282274	-0.00016090598366277274
0.10844206918778684	-0.00016090564892157664
0.10968427953372567	-0.00016090531166071411
0.1109327009313943	-0.00016090497185584817
0.11218736443605135	-0.00016090462948232698
0.11344830125823162	-0.00016090428451510455
0.11471554276452282	-0.00016090393692884899
0.11598912047834534	-0.00016090358669809367
0.11726906608073695	-0.00016090323379683725
0.11855541141114062	-0.0001609028781988751
0.11984818846819621	-0.0001609025198773888
0.12114742941053713	-0.00016090215880572097
0.12245316655758978	-0.00016090179495644735
0.1237654323903777	-0.00016090142830183925
0.12508425955232963	-0.00016090105881407681
0.12640968085009122	-0.00016090068646464149
0.1277417292543416	-0.000160900311224956
0.1290804379006133	-0.00016089993306577717
0.13042584009011637	-0.00016089955195768132
0.1317779692905669	-0.00016089916787082569
0.13313685913701961	-0.0001608987807748018
0.13450254343270476	-0.00016089839063909562
0.13587505614986833	-0.0001608979974325631
0.13725443143061763	-0.00016089760112372178
0.13864070358777073	-0.00016089720168054354
0.14003390710570945	-0.00016089679907088956
0.14143407664123803	-0.0001608963932618723
0.1428412470244442	-0.0001608959842203301
0.1442554532595664	-0.00016089557191244295
0.14567673052586416	-0.0001608951563042547
0.1471051141784935	-0.00016089473736107004
0.14854063974938603	-0.00016089431504790467
0.149983342948133	-0.0001608938893291265
0.15143325966287374	-0.00016089346016881766
0.15289042596118813	-0.00016089302753025355
0.15435487809099402	-0.00016089259137661726
0.15582665248144906	-0.0001608921516700988
0.1573057857438562	-0.00016089170837286747
0.15879231467257537	-0.00016089126144615856
0.16028627624593816	-0.00016089081085084446
0.16178770762716785	-0.00016089035654726365
0.16329664616530362	-0.0001608898984951118
0.16481312939613008	-0.00016088943665342948
0.1663371950431107	-0.0001608889709810161
0.16786888101832628	-0.00016088850143570433
0.1694082254234178	-0.00016088802797492246
0.1709552665505349	-0.00016088755055534846
0.17251004288328747	-0.00016088706913326627
0.17407259309770393	-0.00016088658366406118
0.17564295606319252	-0.0001608860941026914
0.17722117084350858	-0.00016088560040321357
0.17880727669772617	-0.00016088510251922354
0.18040131308121476	-0.00016088460040361336
0.18200331964662084	-0.00016088409400846502
0.18361333624485401	-0.00016088358328524192
0.18523140292607826	-0.00016088306818469347
0.18685755994070874	-0.00016088254865665128
0.1884918477404122	-0.00016088202465057436
0.19013430697911424	-0.0001608814961146342
0.1917849785140098	-0.00016088096299680412
0.19344390340657974	-0.00016088042524378674
0.19511112292361268	-0.0001608798828017671
0.1967866785382308	-0.00016087933561597056
0.19847061193092203	-0.00016087878363091007
0.20016296499057665	-0.00016087822678997958
0.20186377981552947	-0.00016087766503605438
0.2035730987146071	-0.00016087709831087075
0.20529096420818022	-0.00016087652655533897
0.20701741902922113	-0.00016087594970945932
0.20875250612436722	-0.00016087536771238446
0.210496268654989	-0.0001608747805019387
0.21224874999826396	-0.00016087418801558921
0.21400999374825516	-0.000160873590189133
0.21578004371699644	-0.0001608729869578825
0.21755894393558148	-0.00016087237825578477
0.2193467386552594	-0.0001608717640159417
0.22114347234853576	-0.0001608711441702809
0.22294918971027836	-0.00016087051864954619
0.2247639356588297	-0.00016086988738359505
0.2265877553371239	-0.00016086925030091807
0.2284206941138094	-0.00016086860732884544
0.23026279758437848	-0.00016086795839373078
0.23211411157230027	-0.00016086730342057637
0.23397468213016168	-0.00016086664233294255
0.23584455554081238	-0.0001608659750535356
0.23772377831851643	-0.0001608653015034906
0.23961239721010893	-0.00016086462160268993
0.24151045919615952	-0.0001608639352696577
0.24341801149214037	-0.00016086324242165146
0.24533510154960114	-0.0001608625429742869
0.24726177705734917	-0.00016086183684198608
0.24919808594263598	-0.0001608611239376479
0.2511440763723492	-0.0001608604041726063
0.2530997967542111	-0.0001608596774566989
0.25506529573798215	-0.00016085894369831534
0.2570406222166721	-0.00016085820280405144
0.25902582532775553	-0.0001608574546790638
0.2610209544543945	-0.00016085669922675386
0.2630260592266663	-0.00016085593634875968
0.2650411895227997	-0.00016085516594524938
0.26706639547041383	-0.0001608543879143091
0.2691017274477658	-0.00016085360215245968
0.2711472360850044	-0.00016085280855404976
0.27320297226542956	-0.00016085200701201595
0.2752689871267568	-0.0001608511974169713
0.2773453320623904	-0.00016085037965766642
0.27943205872270227	-0.00016084955362079872
0.2815292190163157	-0.0001608487191911548
0.28363686511139713	-0.00016084787625114409
0.2857550494369543	-0.00016084702468130787
0.287883824684139	-0.00016084616435983515
0.2900232438075598	-0.000160845295162552
0.29217336002659744	-0.0001608444169630864
0.2943342268267306	-0.0001608435296327327
0.2965058979608642	-0.00016084263304034027
0.2986884274506685	-0.0001608417270521949
0.3008818695879217	-0.00016084081153206769
0.3030862789358613	-0.00016083988634122125
0.3053017103305407	-0.0001608389513382056
0.30752821888219345	-0.00016083800637887346
0.3097658599766045	-0.00016083705131623107
0.31201468927648746	-0.0001608360860005943
0.3142747627228697	-0.00016083511027897707
0.31654613653648417	-0.0001608341239960108
0.31882886721916665	-0.00016083312699262546
0.32112301155526257	-0.00016083211910702315
0.3234286266130387	-0.0001608311001741058
0.325745769746104	-0.0001608300700253494
0.3280744985948343	-0.00016082902848894913
0.33041487108780826	-0.0001608279753897236
0.3327669454432473	-0.00016082691054880084
0.3351307801704635	-0.0001608258337837697
0.3375064340713156	-0.0001608247449084185
0.33989396624167195	-0.00016082364373274548
0.3422934360728803	-0.00016082253006278403
0.3447049032532445	-0.00016082140370083986
0.34712842776951053	-0.00016082026444465798
0.3495640699083581	-0.00016081911208788225
0.3520118902578999	-0.00016081794642008683
0.35447194970918944	-0.0001608167672261893
0.35694430945773536	-0.0001608155742864303
0.35942903100502394	-0.00016081436737660405
0.36192617616004885	-0.00016081314626753196
0.36443580704084905	-0.00016081191072516996
0.3669579860760533	-0.00016081066051044942
0.3694927760064337	-0.00016080939537906395
0.3720402398864656	-0.00016080811508113984
0.37460044108589774	-0.00016080681936166233
0.37717344329132724	-0.000160805507959888
0.37975931050778367	-0.0001608041806092133
0.38235810706032236	-0.00016080283703707185
0.3849698975956241	-0.00016080147696471262
0.38759474708360203	-0.00016080010010730412
0.39023272081902005	-0.00016079870617361318
0.39288388442311495	-0.0001607972948654288
0.3955483038452304	-0.00016079586587791544
0.39822604536445655	-0.0001607944188992784
0.40091717559127893	-0.0001607929536104663
0.4036217614692354	-0.0001607914696849615
0.4063398702765814	-0.0001607899667886475
0.40907156962796437	-0.00016078844457948502
0.4118169274761041	-0.0001607869027073934
0.41457601211348477	-0.0001607853408141187
0.41734889217405197	-0.00016078375853257438
0.42013563663492237	-0.00016078215548708164
0.4229363148180968	-0.00016078053129278474
0.4257509963921872	-0.0001607788855555979
0.4285797513741481	-0.00016077721787155998
0.431422650131019	-0.00016077552782696488
0.4342797633816742	-0.00016077381499796984
0.4371511621985827	-0.00016077207895001677
0.4400369180095757	-0.0001607703192378446
0.4429371025996235	-0.00016076853540507912
0.44585178811262155	-0.00016076672698337323
0.44878104705318456	-0.00016076489349311173
0.4517249522884503	-0.00016076303444195793
0.4546835770498925	-0.0001607611493251029
0.4576569949351417	-0.00016075923762470072
0.4606452799098173	-0.00016075729880942223
0.46364850630936627	-0.00016075533233403394
0.46666674884091325	-0.00016075333763881523
0.46970008258511775	-0.00016075131414952174
0.4727485829980431	-0.00016074926127634774
0.47581232591303324	-0.00016074717841380834
0.47889138754259847	-0.00016074506494020237
0.4819858444803113	-0.00016074292021664996
0.48509577370271284	-0.00016074074358720915
0.48822125257122634	-0.00016073853437770678
0.4913623588340824	-0.00016073629189536796
0.49451917062825274	-0.00016073401542807217
0.49769176648139396	-0.0001607317042440688
0.5008802253138008	-0.00016072935759055287
0.50408462644037	-0.00016072697469388553
0.5073050495725719	-0.0001607245547579108
0.5105415748204347	-0.00016072209696394135
0.513794282694537	-0.00016071960046933347
0.5170632541080095	-0.0001607170644072867
0.5203485703785496	-0.00016071448788535075
0.5236503132304423	-0.00016071186998454554
0.5269685647965943	-0.00016070920975924536
0.530303407620577	-0.00016070650623507872
0.5336549246586798	-0.00016070375840837204
0.5370231992819733	-0.00016070096524525618
0.5404083152783831	-0.00016069812568011166
0.5438103568547752	-0.0001606952386147847
0.5472294086390488	-0.00016069230291676284
0.5506655556822441	-0.00016068931741863678
0.5541188834606553	-0.00016068628091609762
0.5575894778779587	-0.00016068319216674937
0.5610774252673482	-0.00016068004988878235
0.5645828123936848	-0.0001606768527591166
0.5681057264556529	-0.00016067359941170675
0.5716462550879313	-0.0001606702884362209
0.575204486363371	-0.00016066691837580087
0.5787805087951877	-0.0001606634877256394
0.5823744113391636	-0.00016065999493027394
0.5859862833958592	-0.00016065643838222255
0.5896162148128385	-0.00016065281641927957
0.5932642958869029	-0.00016064912732241044
0.5969306173663373	-0.0001606453693132768
0.6006152704531689	-0.00016064154055160182
0.6043183468054348	-0.00016063763913229563
0.6080399385394619	-0.00016063366308324609
0.6117801382321592	-0.00016062961036097245
0.6155390389233196	-0.00016062547884894464
0.6193167341179363	-0.00016062126635292193
0.623113317788526	-0.00016061697059785738
0.6269288843774687	-0.0001606125892242768
0.6307635287993559	-0.00016060811978337063
0.6346173464433525	-0.00016060355973392188
0.6384904331755692	-0.00016059890643617676
0.642382885341447	-0.00016059415714786353
0.6462947997681542	-0.00016058930901862348
0.6502262737669948	-0.0001605843590840462
0.6541774051358298	-0.00016057930426018982
0.6581482921615086	-0.0001605741413361218
0.6621390336223161	-0.0001605688669675678
0.6661497287904276	-0.00016056347766894348
0.6701804774343794	-0.0001605579698049565
0.6742313798215511	-0.0001605523395818008
0.678302536720659	-0.00016054658303720282
0.6823940494042624	-0.000160540696029816
0.6865060196512838	-0.00016053467422774795
0.6906385497495403	-0.0001605285130956154
0.694791742498288	-0.000160522207880083
0.6989657012107795	-0.00016051575359546768
0.7031605297168335	-0.00016050914500558263
0.7073763323654175	-0.00016050237660543
0.7116132140272448	-0.00016049544260036378
0.7158712800973807	-0.0001604883368824805
0.7201506364978674	-0.0001604810530042427
0.7244513896803564	-0.00016047358415081074
0.728773646628758	-0.00016046592310567452
0.7331175148619017	-0.00016045806221539298
0.7374831024362114	-0.000160449993347625
0.7418705179483922	-0.00016044170784518824
0.7462798705381343	-0.00016043319647314513
0.750711269890825	-0.00016042444935948806
0.7551648262402791	-0.00016041545592780784
0.7596406503714807	-0.00016040620482004882
0.7641388536233382	-0.00016039668381021121
0.7686595478914547	-0.00016038687970454707
0.773202845630912	-0.0001603767782282772
0.7777688598590664	-0.00016036636389673236
0.7823577041583616	-0.00016035561986783422
0.7869694926791535	-0.00016034452777346112
0.7916043401425493	-0.0001603330675265748
0.796262361843262	-0.00016032121710143766
0.8009436736524783	-0.00016030895228153887
0.8056483920207407	-0.0001602962463707679
0.8103766339808444	-0.00016028306986462949
0.8151285171507487	-0.00016026939007280733
0.8199041597365022	-0.00016025517068786276
0.8247036805351848	-0.00016024037129296317
0.8295271989378608	-0.00016022494679787327
0.8343748349325502	-0.0001602088467954157
0.8392467091072129	-0.000160192014826594
0.844142942652749	-0.00016017438753987163
0.8490636573660127	-0.00016015589373229684
0.8540089756528428	-0.00016013645325422182
0.8589790205311072	-0.00016011597575798345
0.8639739156337627	-0.0001600943592689863
0.8689739156337625	-0.0001600715805481112
0.8739739156337623	-0.0001600475513905504
0.878973915633762	-0.00016002214854130207
0.8839739156337618	-0.00015999523383452874
0.8889739156337617	-0.00015996665267739788
0.8939739156337615	-0.00015993623209156936
0.8989739156337613	-0.000159903778522428
0.9039739156337611	-0.00015986907538333682
0.9089739156337608	-0.0001598318803038187
0.9139739156337606	-0.00015979192204047476
0.9189739156337604	-0.0001597488970076135
0.9239739156337602	-0.00015970246537541443
0.9289739156337601	-0.00015965224667846217
0.9339739156337599	-0.00015959781487017048
0.9389739156337596	-0.00015953869274469204
0.9439739156337594	-0.00015947434564430135
0.9489739156337592	-0.0001594041743533707
0.953973915633759	-0.0001593275070668733
0.9589739156337588	-0.00015924359030961442
0.9639739156337586	-0.0001591515786577446
0.9689739156337585	-0.00015905052310139254
0.9739739156337582	-0.00015893935785502546
0.978973915633758	-0.00015881688540467188
0.9839739156337578	-0.00015868175953775271
0.9889739156337576	-0.000158532466078191
0.9939739156337574	-0.00015836730099583294
0.9989739156337571	-0.00015818434551797888
1.003973915633757	-0.00015798143781336766
1.0089739156337567	-0.00015775614075284
1.0139739156337566	-0.00015750570517753624
1.0189739156337563	-0.00015722702802020765
1.0239739156337562	-0.00015691660452263326
1.028973915633756	-0.0001565704736798633
1.0339739156337557	-0.0001561841559054877
1.0389739156337556	-0.00015575258176059133
1.0439739156337553	-0.00015527001040822484
1.0489739156337552	-0.00015472993625033227
1.0539739156337549	-0.0001541249819656265
1.0589739156337548	-0.00015344677589075516
1.0639739156337544	-0.00015268581137219407
1.0689739156337543	-0.00015183128534966485
1.0739739156337542	-0.0001508709130150194
1.0789739156337539	-0.0001497907149079415
1.0839739156337538	-0.00014857477225971912
1.0889739156337535	-0.00014720494577356207
1.0939739156337533	-0.00014566055231586038
1.098973915633753	-0.0001439179931875829
1.103973915633753	-0.00014195032674477464
1.1089739156337528	-0.00013972677712856764
1.1139739156337525	-0.00013721216974486148
1.1189739156337524	-0.0001343662829182605
1.123973915633752	-0.00013114310382480738
1.128973915633752	-0.00012748997540460176
1.1339739156337516	-0.00012334661950762717
1.1389739156337515	-0.00011864402007163207
1.1439739156337512	-0.0001133031487295317
1.148973915633751	-0.00010723351401629152
1.153973915633751	-0.0001003315143912978
1.1589739156337506	-9.24785748201254e-5
1.1639739156337505	-8.353904686401672e-5
1.1689739156337502	-7.335785342741893e-5
1.17397391563375	-6.175786183128093e-5
1.1789739156337498	-4.8536973157338897e-5
1.1839739156337497	-3.346492231559384e-5
1.1889739156337495	-1.6279792523700638e-5
1.1939739156337492	3.3157395881597905e-6
1.197980436725312	2.098452904106236e-5
1.2019869578168745	4.0608026619564444e-5
1.2059934789084372	6.240045194497758e-5
1.21	8.65952285355104e-5
