0.0006999999999999628	-0.00017777452988859918
0.001403500000000035	-0.00017776540852983204
0.0021105174999999296	-0.00017776509207869135
0.0028210700874998964	-0.00017776488719897242
0.003535175437937438	-0.0001777646828639999
0.004252851315127062	-0.00017776447757504027
0.004974115571702636	-0.00017776427130639967
0.005698986149561044	-0.0001777640640534037
0.006427481080308875	-0.00017776385581168524
0.007159618485710418	-0.0001777636465768544
0.007895416578138905	-0.00017776343634449165
0.008634893661029494	-0.00017776322511014043
0.00937806812933463	-0.00017776301286945726
0.010124958469981361	-0.00017776279961788724
0.010875583262331262	-0.00017776258535100983
0.01162996117864295	-0.00017776237006430812
0.012388110984536127	-0.00017776215375324422
0.013150051539458866	-0.00017776193641339208
0.013915801797156208	-0.00017776171804015175
0.014685380806142003	-0.0001777614986289177
0.015458807710172712	-0.00017776127817521132
0.01623610174872358	-0.00017776105667435458
0.017017282257467212	-0.00017776083412181885
0.017802368668754516	-0.00017776061051293129
0.01859138051209827	-0.00017776038584301138
0.019384337414658823	-0.00017776016010748037
0.020181259101732015	-0.00017775993330163014
0.020982165397240727	-0.00017775970542076267
0.02178707622422691	-0.0001777594764601407
0.02259601160534814	-0.00017775924641509657
0.02340899166337483	-0.00017775901528083082
0.024226036621691812	-0.00017775878305261497
0.02504716680480027	-0.0001777585497256952
0.025872402638824326	-0.0001777583152951749
0.02670176465201842	-0.00017775807975631446
0.02753527347527842	-0.000177757843104307
0.028372949842654864	-0.00017775760533419982
0.0292148145918682	-0.00017775736644121462
0.03006088866482743	-0.00017775712642043728
0.03091119310815165	-0.00017775688526698366
0.0317657490736924	-0.00017775664297589475
0.03262457781906081	-0.00017775639954225228
0.03348770070815601	-0.00017775615496112572
0.034355139211696875	-0.0001777559092274711
0.035226914907755424	-0.00017775566233636035
0.03610304948229413	-0.00017775541428275806
0.03698356472970569	-0.0001777551650616139
0.03786848255335419	-0.00017775491466793904
0.038757824966120964	-0.0001777546630966285
0.03965161409095162	-0.000177754410342523
0.04054987216140643	-0.00017775415640066184
0.04145262152221345	-0.00017775390126583231
0.04235988462982453	-0.00017775364493291881
0.04327168405297366	-0.00017775338739676327
0.0441880424732386	-0.00017775312865217033
0.04510898268560485	-0.00017775286869401024
0.046034527599032954	-0.00017775260751694502
0.04696470023702812	-0.000177752345115855
0.04789952373821329	-0.00017775208148541237
0.048839021356904266	-0.00017775181662041555
0.04978321646368884	-0.00017775155051551585
0.05073213254600732	-0.00017775128316541066
0.05168579320873729	-0.00017775101456473595
0.052644222174780875	-0.00017775074470825503
0.05360744328565471	-0.0001777504735904773
0.054575480502083065	-0.00017775020120607796
0.05554835790459365	-0.0001777499275496314
0.05652609969411678	-0.0001777496526156912
0.05750873019258755	-0.00017774937639884687
0.05849627384355038	-0.00017774909889362
0.05948875521276831	-0.00017774882009442318
0.060486198988831924	-0.0001777485399959544
0.061488629983776036	-0.00017774825859252042
0.062496073133695054	-0.00017774797587859266
0.06350855349936363	-0.00017774769184867196
0.06452609626686023	-0.000177747406497054
0.06554872674819473	-0.00017774711981821597
0.0665764703819355	-0.0001777468318065622
0.06760935273384511	-0.00017774654245634723
0.06864739949751451	-0.00017774625176191609
0.06969063649500218	-0.00017774595971761494
0.07073908967747725	-0.00017774566631771407
0.07179278512586448	-0.00017774537155640436
0.07285174905149387	-0.00017774507542808705
0.07391600779675113	-0.00017774477792683162
0.07498558783573481	-0.00017774447904687904
0.07606051577491364	-0.00017774417878242555
0.07714081835378801	-0.00017774387712766155
0.0782265224455569	-0.0001777435740765557
0.07931765505778446	-0.0001777432696234651
0.08041424333307354	-0.00017774296376228674
0.08151631454973869	-0.0001777426564871218
0.08262389612248718	-0.00017774234779205318
0.08373701560309972	-0.0001777420376710926
0.08485570068111534	-0.00017774172611826475
0.08597997918452092	-0.00017774141312744873
0.08710987908044335	-0.00017774109869269313
0.08824542847584554	-0.00017774078280795012
0.08938665561822474	-0.00017774046546700133
0.0905335888963159	-0.00017774014666375966
0.09168625684079766	-0.00017773982639215458
0.09284468812500156	-0.00017773950464599356
0.09400891156562662	-0.00017773918141904973
0.09517895612345495	-0.00017773885670513027
0.09635485090407213	-0.00017773853049797285
0.09753662515859228	-0.00017773820279138168
0.09872430828438533	-0.00017773787357902064
0.09991792982580742	-0.00017773754285454815
0.10111751947493633	-0.0001777372106116431
0.10232310707231096	-0.00017773687684395764
0.10353472260767245	-0.00017773654154512353
0.1047523962207106	-0.00017773620470870358
0.1059761582018141	-0.00017773586632824495
0.10720603899282295	-0.00017773552639729697
0.10844206918778705	-0.00017773518490936087
0.10968427953372589	-0.00017773484185791783
0.11093270093139453	-0.00017773449723641944
0.11218736443605157	-0.00017773415103826507
0.11344830125823162	-0.00017773380325693388
0.11471554276452282	-0.00017773345388573118
0.11598912047834534	-0.00017773310291802286
0.11726906608073716	-0.00017773275034709189
0.11855541141114084	-0.00017773239616627844
0.11984818846819666	-0.00017773204036887412
0.12114742941053756	-0.00017773168294800607
0.12245316655759021	-0.0001777313238969725
0.12376543239037813	-0.00017773096320894562
0.12508425955233007	-0.00017773060087693883
0.12640968085009188	-0.00017773023689429093
0.12774172925434224	-0.0001777298712539189
0.12908043790061416	-0.00017772950394893082
0.13042584009011704	-0.0001777291349723857
0.13177796929056776	-0.0001777287643172349
0.1331368591370207	-0.000177728391976486
0.13450254343270562	-0.00017772801794303903
0.13587505614986897	-0.00017772764220988938
0.1372544314306183	-0.0001777272647697688
0.13864070358777136	-0.00017772688561561588
0.14003390710571012	-0.0001777265047402097
0.14143407664123844	-0.00017772612213634215
0.14284124702444484	-0.0001777257377967805
0.14425545325956707	-0.0001777253517141782
0.1456767305258648	-0.00017772496388125179
0.14710511417849395	-0.00017772457429069796
0.14854063974938644	-0.00017772418293507655
0.14998334294813345	-0.0001777237898069719
0.1514332596628742	-0.00017772339489890675
0.15289042596118857	-0.0001777229982033969
0.15435487809099444	-0.00017772259971294242
0.15582665248144925	-0.00017772219942003732
0.15730578574385642	-0.00017772179731699543
0.1587923146725756	-0.0001777213933962392
0.1602862762459386	-0.00017772098765004494
0.1617877076271685	-0.00017772058007074572
0.16329664616530448	-0.00017772017065067566
0.16481312939613094	-0.00017771975938195484
0.16633719504311156	-0.00017771934625673375
0.16786888101832692	-0.0001777189312673171
0.16940822542341866	-0.0001777185144057036
0.17095526655053575	-0.00017771809566397798
0.17251004288328856	-0.00017771767503421015
0.1740725930977048	-0.00017771725250835787
0.1756429560631934	-0.0001777168280783601
0.17722117084350925	-0.00017771640173619985
0.17880727669772659	-0.0001777159734736833
0.18040131308121543	-0.00017771554328267257
0.18200331964662148	-0.0001777151111549612
0.18361333624485465	-0.00017771467708230075
0.18523140292607912	-0.00017771424105636057
0.18685755994070938	-0.00017771380306887537
0.18849184774041308	-0.00017771336311144906
0.19013430697911532	-0.00017771292117558358
0.19178497851401088	-0.00017771247725296817
0.19344390340658082	-0.000177712031334955
0.19511112292361377	-0.00017771158341305007
0.1967866785382319	-0.00017771113347872028
0.19847061193092289	-0.00017771068152324689
0.2001629649905775	-0.00017771022753793934
0.20186377981553055	-0.00017770977151415426
0.20357309871460819	-0.00017770931344303673
0.2052909642081813	-0.00017770885331584038
0.207017419029222	-0.00017770839112365343
0.20875250612436788	-0.00017770792685748734
0.21049626865498966	-0.00017770746050854247
0.21224874999826462	-0.0001777069920676705
0.21400999374825602	-0.00017770652152588064
0.2157800437169973	-0.00017770604887405714
0.21755894393558234	-0.00017770557410309298
0.21934673865526005	-0.00017770509720366927
0.2211434723485364	-0.00017770461816661053
0.22294918971027902	-0.00017770413698263614
0.22476393565883038	-0.00017770365364232283
0.22658775533712455	-0.00017770316813629124
0.22842069411381005	-0.00017770268045513068
0.23026279758437915	-0.00017770219058932434
0.23211411157230094	-0.00017770169852923258
0.23397468213016254	-0.00017770120426536555
0.23584455554081346	-0.00017770070778789113
0.23772377831851751	-0.0001777002090872789
0.23961239721011024	-0.0001776997081536635
0.24151045919616082	-0.0001776992049772218
0.24341801149214168	-0.00017769869954808467
0.24533510154960245	-0.0001776981918562828
0.24726177705735047	-0.00017769768189196798
0.2491980859426373	-0.00017769716964492809
0.25114407637235053	-0.00017769665510517874
0.2530997967542124	-0.00017769613826252494
0.2550652957379834	-0.0001776956191067496
0.2570406222166734	-0.0001776950976276469
0.25902582532775686	-0.00017769457381481204
0.26102095445439577	-0.00017769404765798292
0.2630260592266676	-0.0001776935191466323
0.26504118952280104	-0.00017769298827029705
0.26706639547041516	-0.00017769245501839597
0.26910172744776706	-0.0001776919193803476
0.27114723608500574	-0.0001776913813455578
0.2732029722654309	-0.00017769084090321264
0.2752689871267581	-0.00017769029804255465
0.2773453320623917	-0.00017768975275277892
0.2794320587227036	-0.00017768920502292276
0.281529219016317	-0.00017768865484215547
0.2836368651113984	-0.00017768810219934654
0.28575504943695557	-0.0001776875470834163
0.28788382468414025	-0.00017768698948323326
0.2900232438075611	-0.0001776864293877766
0.29217336002659877	-0.00017768586678552377
0.29433422682673194	-0.00017768530166540266
0.29650589796086546	-0.00017768473401589188
0.29868842745066976	-0.0001776841638255854
0.30088186958792296	-0.0001776835910830634
0.30308627893586265	-0.00017768301577663004
0.305301710330542	-0.00017768243789474498
0.3075282188821948	-0.0001776818574258241
0.30976585997660583	-0.00017768127435799523
0.31201468927648873	-0.00017768068867955963
0.31427476272287097	-0.00017768010037861408
0.3165461365364855	-0.00017767950944328628
0.318828867219168	-0.0001776789158615277
0.3211230115552639	-0.00017767831962138658
0.32342862661304006	-0.00017767772071070515
0.3257457697461053	-0.00017767711911732508
0.32807449859483556	-0.00017767651482908592
0.33041487108780954	-0.00017767590783363742
0.3327669454432486	-0.00017767529811862023
0.33513078017046477	-0.00017767468567174378
0.33750643407131686	-0.000177674070480488
0.33989396624167323	-0.00017767345253230958
0.3422934360728816	-0.00017767283181467462
0.34470490325324576	-0.0001776722083148432
0.3471284277695118	-0.00017767158202030306
0.34956406990835936	-0.000177670952918097
0.3520118902579012	-0.0001776703209954795
0.3544719497091907	-0.00017766968623956106
0.35694430945773664	-0.00017766904863736793
0.3594290310050252	-0.00017766840817591862
0.36192617616005013	-0.00017766776484211377
0.3644358070408504	-0.00017766711862292358
0.36695798607605457	-0.00017766646950497026
0.36949277600643504	-0.00017766581747525735
0.37204023988646695	-0.00017766516252024645
0.374600441085899	-0.00017766450462664173
0.3771734432913285	-0.00017766384378096567
0.379759310507785	-0.00017766317996979544
0.3823581070603237	-0.00017766251317944757
0.3849698975956254	-0.00017766184339645973
0.3875947470836033	-0.00017766117060691525
0.39023272081902133	-0.00017766049479725016
0.3928838844231162	-0.0001776598159534988
0.39554830384523165	-0.00017765913406182462
0.3982260453644579	-0.00017765844910824544
0.4009171755912802	-0.0001776577610787031
0.4036217614692367	-0.00017765706995917255
0.4063398702765827	-0.00017765637573545083
0.40907156962796565	-0.0001776556783932204
0.41181692747610543	-0.00017765497791817552
0.41457601211348605	-0.0001776542742958826
0.4173488921740533	-0.00017765356751197524
0.4201356366349237	-0.00017765285755177743
0.42293631481809807	-0.00017765214440069072
0.4257509963921885	-0.00017765142804390837
0.42857975137414944	-0.00017765070846672388
0.4314226501310203	-0.00017764998565405446
0.43427976338167545	-0.00017764925959103044
0.43715116219858396	-0.00017764853026245965
0.440036918009577	-0.0001776477976530643
0.44293710259962477	-0.00017764706174765358
0.4458517881126228	-0.0001776463225307278
0.4487810470531859	-0.00017764557998663834
0.45172495228845155	-0.0001776448340997846
0.45468357704989376	-0.00017764408485437805
0.45765699493514306	-0.00017764333223443114
0.46064527990981863	-0.00017764257622380542
0.4636485063093676	-0.000177641816806265
0.4666667488409145	-0.00017764105396554623
0.4697000825851191	-0.00017764028768488203
0.4727485829980444	-0.00017763951794767363
0.4758123259130346	-0.00017763874473697165
0.47889138754259974	-0.00017763796803562358
0.4819858444803126	-0.00017763718782630295
0.4850957737027142	-0.00017763640409147377
0.48822125257122767	-0.00017763561681335038
0.49136235883408375	-0.00017763482597407245
0.49451917062825407	-0.0001776340315551823
0.49769176648139524	-0.0001776332335383136
0.5008802253138022	-0.00017763243190453936
0.5040846264403713	-0.00017763162663469152
0.5073050495725733	-0.00017763081770944155
0.510541574820436	-0.00017763000510908906
0.5137942826945383	-0.00017762918881331842
0.5170632541080108	-0.00017762836880169712
0.520348570378551	-0.00017762754505343077
0.5236503132304436	-0.00017762671754707285
0.5269685647965956	-0.0001776258862608242
0.5303034076205784	-0.00017762505117255252
0.5336549246586811	-0.00017762421225938754
0.5370231992819746	-0.00017762336949816537
0.5404083152783844	-0.00017762252286503683
0.5438103568547764	-0.00017762167233567055
0.5472294086390501	-0.00017762081788475439
0.5506655556822453	-0.0001776199594868721
0.5541188834606565	-0.00017761909711539728
0.5575894778779599	-0.0001776182307432502
0.5610774252673494	-0.00017761736034267728
0.564582812393686	-0.0001776164858847464
0.5681057264556543	-0.00017761560733995746
0.5716462550879327	-0.0001776147246777073
0.5752044863633723	-0.00017761383786660373
0.578780508795189	-0.00017761294687410718
0.5823744113391649	-0.00017761205166653905
0.5859862833958606	-0.00017761115220939994
0.5896162148128399	-0.00017761024846651036
0.5932642958869042	-0.00017760934040090114
0.5969306173663387	-0.0001776084279738884
0.6006152704531702	-0.0001776075111455682
0.6043183468054361	-0.00017760658987458355
0.6080399385394633	-0.00017760566411802954
0.6117801382321605	-0.00017760473383128563
0.615539038923321	-0.00017760379896781828
0.6193167341179376	-0.0001776028594797567
0.6231133177885273	-0.0001776019153168092
0.6269288843774701	-0.0001776009664268471
0.6307635287993573	-0.00017760001275578992
0.6346173464433539	-0.0001775990542470134
0.6384904331755705	-0.00017759809084173022
0.6423828853414483	-0.0001775971224784745
0.6462947997681555	-0.00017759614909342505
0.6502262737669962	-0.0001775951706197691
0.6541774051358311	-0.0001775941869879218
0.6581482921615099	-0.00017759319812519442
0.6621390336223173	-0.0001775922039557049
0.6661497287904288	-0.00017759120439993155
0.6701804774343807	-0.0001775901993752682
0.6742313798215525	-0.00017758918879499146
0.6783025367206603	-0.00017758817256839028
0.6823940494042636	-0.00017758715060091698
0.6865060196512851	-0.0001775861227932045
0.6906385497495416	-0.00017758508904158784
0.6947917424982893	-0.00017758404923732193
0.6989657012107808	-0.0001775830032667419
0.7031605297168348	-0.0001775819510105044
0.7073763323654189	-0.00017758089234362222
0.7116132140272461	-0.00017757982713544195
0.715871280097382	-0.00017757875524823313
0.7201506364978687	-0.00017757767653838217
0.7244513896803577	-0.00017757659085460755
0.7287736466287593	-0.0001775754980382402
0.733117514861903	-0.00017757439792311742
0.7374831024362126	-0.00017757329033429265
0.7418705179483935	-0.00017757217508818774
0.7462798705381356	-0.00017757105199213812
0.7507112698908263	-0.00017756992084282965
0.7551648262402804	-0.00017756878142743764
0.759640650371482	-0.0001775676335217681
0.7641388536233394	-0.00017756647688971675
0.7686595478914561	-0.0001775653112829278
0.7732028456309133	-0.00017756413643995193
0.7777688598590677	-0.00017756295208510865
0.7823577041583629	-0.000177561757928422
0.7869694926791548	-0.00017756055366341305
0.7916043401425507	-0.00017755933896727787
0.7962623618432633	-0.0001775581134993174
0.8009436736524796	-0.00017755687690008802
0.805648392020742	-0.000177555628789131
0.8103766339808457	-0.0001775543687650119
0.81512851715075	-0.00017755309640319706
0.8199041597365035	-0.00017755181125416388
0.8247036805351862	-0.00017755051284227747
0.8295271989378621	-0.00017754920066354404
0.8343748349325514	-0.00017754787418340238
0.8392467091072142	-0.00017754653283540004
0.8441429426527504	-0.000177545176017895
0.849063657366014	-0.000177543803091365
0.8540089756528442	-0.0001775424133763294
0.8589790205311084	-0.00017754100614923585
0.863973915633764	-0.0001775395806397941
0.8689739156337638	-0.00017753813923093348
0.8739739156337636	-0.0001775366845574736
0.8789739156337634	-0.00017753521658607626
0.8839739156337632	-0.00017753373458976817
0.8889739156337629	-0.0001775322377977949
0.8939739156337627	-0.0001775307253943105
0.8989739156337626	-0.000177529196513538
0.9039739156337624	-0.0001775276502365347
0.9089739156337622	-0.00017752608558618488
0.913973915633762	-0.00017752450152242228
0.9189739156337617	-0.00017752289693650066
0.9239739156337615	-0.00017752127064440455
0.9289739156337613	-0.00017751962137932091
0.9339739156337611	-0.00017751794778416403
0.938973915633761	-0.00017751624840168148
0.9439739156337608	-0.0001775145216642704
0.9489739156337605	-0.0001775127658819152
0.9539739156337603	-0.0001775109792275302
0.9589739156337601	-0.00017750915972254645
0.9639739156337599	-0.0001775073052174403
0.9689739156337597	-0.00017750541337115686
0.9739739156337595	-0.0001775034816263891
0.9789739156337594	-0.00017750150718170754
0.9839739156337591	-0.00017749948695746823
0.9889739156337589	-0.00017749741755859324
0.9939739156337587	-0.00017749529522774062
0.9989739156337585	-0.00017749311579393082
1.0039739156337584	-0.00017749087460839724
1.008973915633758	-0.00017748856647252807
1.013973915633758	-0.0001774861855505553
1.0189739156337576	-0.0001774837252667995
1.0239739156337575	-0.00017748117818400003
1.0289739156337572	-0.00017747853585970235
1.033973915633757	-0.00017747578867423244
1.038973915633757	-0.0001774729256261763
1.0439739156337566	-0.00017746993409027993
1.0489739156337565	-0.00017746679952643034
1.0539739156337562	-0.0001774635051331276
1.058973915633756	-0.00017746003143337855
1.0639739156337558	-0.00017745635577804045
1.0689739156337557	-0.0001774524517517995
1.0739739156337553	-0.00017744828846121566
1.0789739156337552	-0.00017744382967867537
1.0839739156337551	-0.00017743903281646894
1.0889739156337548	-0.00017743384769478083
1.0939739156337547	-0.0001774282150581743
1.0989739156337544	-0.0001774220647933671
1.1039739156337542	-0.00017741531378500392
1.108973915633754	-0.0001774078633336941
1.1139739156337538	-0.00017739959604814374
1.1189739156337537	-0.00017739037209986425
1.1239739156337534	-0.00017738002471398066
1.1289739156337533	-0.00017736835473080822
1.133973915633753	-0.00017735512405565168
1.1389739156337528	-0.00017734004775875543
1.1439739156337525	-0.00017732278455219388
1.1489739156337524	-0.00017730292530817012
1.153973915633752	-0.0001772799792136011
1.158973915633752	-0.0001772533570783012
1.1639739156337519	-0.00017722235120815034
1.1689739156337515	-0.00017718611114122472
1.1739739156337514	-0.00017714361440090482
1.178973915633751	-0.0001770936312434233
1.183973915633751	-0.00017703468218170445
1.1889739156337507	-0.0001769649868053624
1.1939739156337505	-0.00017688240213889302
1.1989739156337504	-0.00017678434840387393
1.2039739156337501	-0.00017666771963571436
1.20897391563375	-0.00017652877608162696
1.2139739156337497	-0.0001763630146829932
1.2189739156337496	-0.00017616501318113044
1.2239739156337492	-0.00017592824247097846
1.2289739156337491	-0.00017564484069088613
1.2339739156337488	-0.0001753053411649814
1.2389739156337487	-0.00017489834462361677
1.2439739156337486	-0.0001744101240511927
1.2489739156337483	-0.00017382414798405065
1.2539739156337482	-0.00017312050497448635
1.2589739156337478	-0.00017227520817924592
1.2639739156337477	-0.0001712593544867741
1.2689739156337474	-0.00017003810713123743
1.2739739156337473	-0.0001685694642326087
1.2789739156337472	-0.00016680276795123585
1.2839739156337469	-0.0001646768997619394
1.2889739156337467	-0.0001621180964627884
1.2939739156337464	-0.0001590373086297492
1.2989739156337463	-0.00015532700791180096
1.303973915633746	-0.000150857331378555
1.3089739156337459	-0.00014547142966893963
1.3139739156337455	-0.00013897986040908408
1.3189739156337454	-0.00013115383892802504
1.3239739156337453	-0.00012171712436722382
1.328973915633745	-0.00011033628073639608
1.333973915633745	-9.660900953018343e-5
1.3389739156337446	-8.00502037887498e-5
1.3439739156337445	-6.00753243710127e-5
1.3489739156337441	-3.598065008634361e-5
1.353973915633744	-6.919908239652097e-6
1.358973915633744	2.812324284109324e-5
1.3639739156337436	7.03674234313189e-5
1.3689739156337435	0.00012127096178058117
1.3739739156337432	0.00018257500412727294
1.378973915633743	0.0002563526257269977
1.3839739156337427	0.0003450640188502139
1.3879804367253072	0.0004290421661596408
1.3919869578168715	0.0005260367266510176
1.395993478908436	0.0006381735748017186
1.4	0.0007676775130051441
