0.0006999999999999628	-0.00016590859776388994
0.001403500000000035	-0.00016589871759601756
0.0021105174999999296	-0.00016589856427841766
0.0028210700874998964	-0.00016589854794594403
0.003535175437937438	-0.00016589853345494497
0.004252851315127062	-0.00016589851891890965
0.004974115571702636	-0.00016589850431133983
0.005698986149561044	-0.00016589848963152726
0.006427481080308875	-0.00016589847487923692
0.007159618485710418	-0.00016589846005387883
0.007895416578138905	-0.00016589844515524683
0.008634893661029494	-0.00016589843018289282
0.00937806812933463	-0.00016589841513645238
0.010124958469981361	-0.00016589840001552243
0.010875583262331262	-0.0001658983848198447
0.01162996117864295	-0.00016589836954892007
0.012388110984536127	-0.00016589835420236318
0.013150051539458866	-0.00016589833877989608
0.013915801797156208	-0.00016589832328105402
0.014685380806142003	-0.00016589830770544025
0.015458807710172712	-0.00016589829205271168
0.01623610174872358	-0.00016589827632241784
0.017017282257467212	-0.00016589826051418606
0.017802368668754516	-0.00016589824462764896
0.01859138051209827	-0.0001658982286623795
0.019384337414658823	-0.0001658982126179448
0.020181259101732015	-0.00016589819649398107
0.020982165397240727	-0.0001658981802900294
0.02178707622422691	-0.00016589816400582822
0.02259601160534814	-0.00016589814764078167
0.02340899166337483	-0.0001658981311945705
0.024226036621691812	-0.00016589811466674817
0.02504716680480027	-0.0001658980980569099
0.025872402638824326	-0.00016589808136455451
0.02670176465201842	-0.00016589806458942302
0.02753527347527842	-0.0001658980477309327
0.028372949842654864	-0.00016589803078870458
0.0292148145918682	-0.00016589801376234957
0.03006088866482743	-0.00016589799665142166
0.03091119310815165	-0.00016589797945538691
0.0317657490736924	-0.00016589796217394322
0.03262457781906081	-0.00016589794480653124
0.03348770070815601	-0.00016589792735282357
0.034355139211696875	-0.00016589790981218246
0.035226914907755424	-0.00016589789218433062
0.03610304948229413	-0.00016589787446869925
0.03698356472970569	-0.00016589785666491698
0.03786848255335419	-0.00016589783877249447
0.038757824966120964	-0.0001658978207909411
0.03965161409095162	-0.0001658978027197842
0.04054987216140643	-0.00016589778455867156
0.04145262152221345	-0.0001658977663069408
0.04235988462982453	-0.00016589774796424482
0.04327168405297366	-0.00016589772953004683
0.0441880424732386	-0.00016589771100390384
0.04510898268560485	-0.000165897692385352
0.046034527599032954	-0.0001658976736738119
0.04696470023702812	-0.00016589765486884814
0.04789952373821329	-0.00016589763597002008
0.048839021356904266	-0.00016589761697671587
0.04978321646368884	-0.00016589759788849268
0.05073213254600732	-0.0001658975787048652
0.05168579320873729	-0.00016589755942526284
0.052644222174780875	-0.00016589754004920517
0.05360744328565471	-0.00016589752057625745
0.054575480502083065	-0.00016589750100573546
0.05554835790459365	-0.00016589748133725055
0.05652609969411678	-0.00016589746157022535
0.05750873019258755	-0.00016589744170409097
0.05849627384355038	-0.0001658974217384294
0.05948875521276831	-0.00016589740167256796
0.060486198988831924	-0.00016589738150607806
0.061488629983776036	-0.0001658973612383677
0.062496073133695054	-0.00016589734086888843
0.06350855349936363	-0.00016589732039703985
0.06452609626686023	-0.00016589729982234477
0.06554872674819473	-0.00016589727914419772
0.0665764703819355	-0.0001658972583620122
0.06760935273384511	-0.0001658972374752808
0.06864739949751451	-0.0001658972164834201
0.06969063649500218	-0.0001658971953857823
0.07073908967747725	-0.000165897174181881
0.07179278512586448	-0.00016589715287106054
0.07285174905149387	-0.00016589713145279773
0.07391600779675113	-0.00016589710992636738
0.07498558783573481	-0.0001658970882913554
0.07606051577491364	-0.00016589706654700727
0.07714081835378801	-0.00016589704469279957
0.0782265224455569	-0.00016589702272808862
0.07931765505778446	-0.00016589700065220328
0.08041424333307354	-0.0001658969784646285
0.08151631454973869	-0.00016589695616465614
0.08262389612248718	-0.00016589693375172336
0.08373701560309972	-0.00016589691122506305
0.08485570068111534	-0.00016589688858427854
0.08597997918452092	-0.00016589686582844167
0.08710987908044335	-0.00016589684295704248
0.08824542847584554	-0.00016589681996946368
0.08938665561822474	-0.00016589679686496034
0.0905335888963159	-0.0001658967736428264
0.09168625684079766	-0.00016589675030257822
0.09284468812500156	-0.00016589672684331068
0.09400891156562662	-0.0001658967032645206
0.09517895612345495	-0.00016589667956538217
0.09635485090407213	-0.00016589665574526404
0.09753662515859228	-0.00016589663180340567
0.09872430828438533	-0.00016589660773923745
0.09991792982580742	-0.00016589658355195216
0.10111751947493633	-0.00016589655924081713
0.10232310707231096	-0.0001658965348050792
0.10353472260767245	-0.0001658965102441338
0.1047523962207106	-0.00016589648555713097
0.1059761582018141	-0.0001658964607433892
0.10720603899282295	-0.00016589643580206212
0.10844206918778705	-0.00016589641073252092
0.10968427953372589	-0.00016589638553392506
0.11093270093139453	-0.00016589636020554146
0.11218736443605157	-0.00016589633474654877
0.11344830125823162	-0.00016589630915617246
0.11471554276452282	-0.00016589628343366273
0.11598912047834534	-0.00016589625757811255
0.11726906608073716	-0.00016589623158889147
0.11855541141114084	-0.00016589620546502906
0.11984818846819666	-0.00016589617920578575
0.12114742941053756	-0.00016589615281028224
0.12245316655759021	-0.00016589612627777506
0.12376543239037813	-0.00016589609960729324
0.12508425955233007	-0.0001658960727980955
0.12640968085009188	-0.00016589604584919427
0.12774172925434224	-0.00016589601875985734
0.12908043790061416	-0.00016589599152912603
0.13042584009011704	-0.00016589596415612126
0.13177796929056776	-0.0001658959366399405
0.1331368591370207	-0.00016589590897980906
0.13450254343270562	-0.00016589588117461168
0.13587505614986897	-0.00016589585322359835
0.1372544314306183	-0.00016589582512571843
0.13864070358777136	-0.00016589579688011503
0.14003390710571012	-0.00016589576848576002
0.14143407664123844	-0.00016589573994171825
0.14284124702444484	-0.00016589571124710274
0.14425545325956707	-0.00016589568240089157
0.1456767305258648	-0.000165895653401973
0.14710511417849395	-0.0001658956242495291
0.14854063974938644	-0.00016589559494242497
0.14998334294813345	-0.0001658955654797788
0.1514332596628742	-0.00016589553586032394
0.15289042596118857	-0.00016589550608328414
0.15435487809099444	-0.0001658954761474168
0.15582665248144925	-0.00016589544605172726
0.15730578574385642	-0.0001658954157951264
0.1587923146725756	-0.00016589538537650905
0.1602862762459386	-0.00016589535479485625
0.1617877076271685	-0.0001658953240489771
0.16329664616530448	-0.00016589529313768174
0.16481312939613094	-0.00016589526205995414
0.16633719504311156	-0.0001658952308146587
0.16786888101832692	-0.00016589519940056607
0.16940822542341866	-0.0001658951678164253
0.17095526655053575	-0.00016589513606114618
0.17251004288328856	-0.00016589510413352176
0.1740725930977048	-0.00016589507203226765
0.1756429560631934	-0.00016589503975622628
0.17722117084350925	-0.00016589500730410282
0.17880727669772659	-0.0001658949746746628
0.18040131308121543	-0.00016589494186659807
0.18200331964662148	-0.00016589490887853275
0.18361333624485465	-0.0001658948757093051
0.18523140292607912	-0.0001658948423575516
0.18685755994070938	-0.00016589480882184406
0.18849184774041308	-0.00016589477510091803
0.19013430697911532	-0.00016589474119328484
0.19178497851401088	-0.00016589470709762073
0.19344390340658082	-0.00016589467281253524
0.19511112292361377	-0.00016589463833657886
0.1967866785382319	-0.00016589460366831345
0.19847061193092289	-0.00016589456880619318
0.2001629649905775	-0.00016589453374875028
0.20186377981553055	-0.00016589449849464607
0.20357309871460819	-0.00016589446304204493
0.2052909642081813	-0.00016589442738965723
0.207017419029222	-0.000165894391535823
0.20875250612436788	-0.00016589435547896455
0.21049626865498966	-0.00016589431921737213
0.21224874999826462	-0.0001658942827495794
0.21400999374825602	-0.00016589424607380072
0.2157800437169973	-0.00016589420918844102
0.21755894393558234	-0.00016589417209175283
0.21934673865526005	-0.0001658941347818494
0.2211434723485364	-0.00016589409725728969
0.22294918971027902	-0.00016589405951610066
0.22476393565883038	-0.00016589402155647398
0.22658775533712455	-0.00016589398337666316
0.22842069411381005	-0.00016589394497480285
0.23026279758437915	-0.00016589390634892844
0.23211411157230094	-0.00016589386749719218
0.23397468213016254	-0.0001658938284176692
0.23584455554081346	-0.00016589378910828682
0.23772377831851751	-0.0001658937495671472
0.23961239721011024	-0.00016589370979215947
0.24151045919616082	-0.0001658936697814048
0.24341801149214168	-0.00016589362953255737
0.24533510154960245	-0.00016589358904369332
0.24726177705735047	-0.00016589354831249048
0.2491980859426373	-0.00016589350733684172
0.25114407637235053	-0.0001658934661146689
0.2530997967542124	-0.0001658934246434159
0.2550652957379834	-0.0001658933829209438
0.2570406222166734	-0.00016589334094493983
0.25902582532775686	-0.00016589329871296289
0.26102095445439577	-0.00016589325622262717
0.2630260592266676	-0.00016589321347156558
0.26504118952280104	-0.00016589317045712158
0.26706639547041516	-0.00016589312717691366
0.26910172744776706	-0.0001658930836281981
0.27114723608500574	-0.0001658930398085503
0.2732029722654309	-0.00016589299571514928
0.2752689871267581	-0.00016589295134537932
0.2773453320623917	-0.00016589290669636345
0.2794320587227036	-0.0001658928617654997
0.281529219016317	-0.00016589281654983928
0.2836368651113984	-0.00016589277104630707
0.28575504943695557	-0.00016589272525220587
0.28788382468414025	-0.0001658926791645096
0.2900232438075611	-0.0001658926327798889
0.29217336002659877	-0.0001658925860955132
0.29433422682673194	-0.0001658925391081962
0.29650589796086546	-0.00016589249181453338
0.29868842745066976	-0.000165892444211241
0.30088186958792296	-0.00016589239629519282
0.30308627893586265	-0.00016589234806279417
0.305301710330542	-0.0001658922995106147
0.3075282188821948	-0.00016589225063517874
0.30976585997660583	-0.00016589220143271456
0.31201468927648873	-0.00016589215189976293
0.31427476272287097	-0.00016589210203241285
0.3165461365364855	-0.0001658920518269254
0.318828867219168	-0.0001658920012793239
0.3211230115552639	-0.0001658919503857508
0.32342862661304006	-0.00016589189914209662
0.3257457697461053	-0.000165891847544277
0.32807449859483556	-0.0001658917955880678
0.33041487108780954	-0.0001658917432691325
0.3327669454432486	-0.00016589169058312396
0.33513078017046477	-0.0001658916375256134
0.33750643407131686	-0.00016589158409203715
0.33989396624167323	-0.00016589153027764925
0.3422934360728816	-0.0001658914760778846
0.34470490325324576	-0.00016589142148771925
0.3471284277695118	-0.00016589136650227497
0.34956406990835936	-0.00016589131111661773
0.3520118902579012	-0.00016589125532544464
0.3544719497091907	-0.0001658911991234915
0.35694430945773664	-0.00016589114250546488
0.3594290310050252	-0.0001658910854658158
0.36192617616005013	-0.00016589102799892012
0.3644358070408504	-0.00016589097009905154
0.36695798607605457	-0.00016589091176051604
0.36949277600643504	-0.00016589085297707452
0.37204023988646695	-0.0001658907937427227
0.374600441085899	-0.00016589073405133488
0.3771734432913285	-0.00016589067389622945
0.379759310507785	-0.00016589061327109417
0.3823581070603237	-0.0001658905521691794
0.3849698975956254	-0.00016589049058359062
0.3875947470836033	-0.00016589042850744776
0.39023272081902133	-0.00016589036593346539
0.3928838844231162	-0.00016589030285431763
0.39554830384523165	-0.00016589023926268627
0.3982260453644579	-0.00016589017515071704
0.4009171755912802	-0.00016589011051066182
0.4036217614692367	-0.00016589004533439037
0.4063398702765827	-0.00016588997961367768
0.40907156962796565	-0.0001658899133401938
0.41181692747610543	-0.00016588984650521747
0.41457601211348605	-0.00016588977909994085
0.4173488921740533	-0.00016588971111533205
0.4201356366349237	-0.0001658896425419543
0.42293631481809807	-0.00016588957337055997
0.4257509963921885	-0.00016588950359115482
0.42857975137414944	-0.00016588943319391993
0.4314226501310203	-0.00016588936216850215
0.43427976338167545	-0.0001658892905043648
0.43715116219858396	-0.00016588921819082837
0.440036918009577	-0.00016588914521675226
0.44293710259962477	-0.000165889071570918
0.4458517881126228	-0.0001658889972414572
0.4487810470531859	-0.00016588892221674697
0.45172495228845155	-0.00016588884648437093
0.45468357704989376	-0.00016588877003174084
0.45765699493514306	-0.0001658886928460256
0.46064527990981863	-0.00016588861491374045
0.4636485063093676	-0.000165888536221634
0.4666667488409145	-0.00016588845675548618
0.4697000825851191	-0.0001658883765008925
0.4727485829980444	-0.0001658882954433159
0.4758123259130346	-0.0001658882135674717
0.47889138754259974	-0.0001658881308576853
0.4819858444803126	-0.00016588804729813204
0.4850957737027142	-0.0001658879628720779
0.48822125257122767	-0.00016588787756282675
0.49136235883408375	-0.00016588779135287917
0.49451917062825407	-0.00016588770422422557
0.49769176648139524	-0.00016588761615846041
0.5008802253138022	-0.00016588752713683774
0.5040846264403713	-0.00016588743713948924
0.5073050495725733	-0.0001658873461465721
0.510541574820436	-0.0001658872541373215
0.5137942826945383	-0.00016588716109033902
0.5170632541080108	-0.0001658870669838405
0.520348570378551	-0.00016588697179511285
0.5236503132304436	-0.0001658868755008567
0.5269685647965956	-0.0001658867780771134
0.5303034076205784	-0.00016588667949906898
0.5336549246586811	-0.00016588657974138065
0.5370231992819746	-0.0001658864787775472
0.5404083152783844	-0.00016588637658061044
0.5438103568547764	-0.0001658862731225461
0.5472294086390501	-0.00016588616837445302
0.5506655556822453	-0.00016588606230658878
0.5541188834606565	-0.00016588595488819933
0.5575894778779599	-0.00016588584608748482
0.5610774252673494	-0.0001658857358718004
0.564582812393686	-0.0001658856242072274
0.5681057264556543	-0.00016588551105876446
0.5716462550879327	-0.00016588539639033912
0.5752044863633723	-0.0001658852801645751
0.578780508795189	-0.00016588516234293687
0.5823744113391649	-0.00016588504288541291
0.5859862833958606	-0.00016588492175084453
0.5896162148128399	-0.00016588479889645497
0.5932642958869042	-0.00016588467427815966
0.5969306173663387	-0.0001658845478501398
0.6006152704531702	-0.0001658844195652469
0.6043183468054361	-0.00016588428937407124
0.6080399385394633	-0.00016588415722635033
0.6117801382321605	-0.0001658840230691799
0.615539038923321	-0.00016588388684815882
0.6193167341179376	-0.0001658837485069758
0.6231133177885273	-0.0001658836079868729
0.6269288843774701	-0.0001658834652271262
0.6307635287993573	-0.00016588332016497027
0.6346173464433539	-0.0001658831727349114
0.6384904331755705	-0.00016588302286906937
0.6423828853414483	-0.00016588287049697955
0.6462947997681555	-0.0001658827155457921
0.6502262737669962	-0.0001658825579391128
0.6541774051358311	-0.0001658823975982694
0.6581482921615099	-0.00016588223444122453
0.6621390336223173	-0.00016588206838239942
0.6661497287904288	-0.00016588189933318786
0.6701804774343807	-0.00016588172720124973
0.6742313798215525	-0.00016588155189046938
0.6783025367206603	-0.00016588137330073458
0.6823940494042636	-0.00016588119132784798
0.6865060196512851	-0.0001658810058631328
0.6906385497495416	-0.00016588081679360902
0.6947917424982893	-0.00016588062400113213
0.6989657012107808	-0.0001658804273626196
0.7031605297168348	-0.0001658802267497443
0.7073763323654189	-0.00016588002202844973
0.7116132140272461	-0.00016587981305876137
0.715871280097382	-0.00016587959969449663
0.7201506364978687	-0.0001658793817828555
0.7244513896803577	-0.0001658791591642264
0.7287736466287593	-0.0001658789316712957
0.733117514861903	-0.00016587869912943127
0.7374831024362126	-0.0001658784613558405
0.7418705179483935	-0.00016587821815851046
0.7462798705381356	-0.00016587796933681737
0.7507112698908263	-0.0001658777146802937
0.7551648262402804	-0.00016587745396805454
0.759640650371482	-0.00016587718696845988
0.7641388536233394	-0.00016587691343820699
0.7686595478914561	-0.00016587663312206565
0.7732028456309133	-0.00016587634575129686
0.7777688598590677	-0.00016587605104356192
0.7823577041583629	-0.00016587574870182648
0.7869694926791548	-0.00016587543841340373
0.7916043401425507	-0.00016587511984855665
0.7962623618432633	-0.00016587479266030728
0.8009436736524796	-0.0001658744564820691
0.805648392020742	-0.00016587411092722971
0.8103766339808457	-0.0001658737555875514
0.81512851715075	-0.00016587339003130993
0.8199041597365035	-0.00016587301380229267
0.8247036805351862	-0.00016587262641700473
0.8295271989378621	-0.00016587222736375796
0.8343748349325514	-0.0001658718161000095
0.8392467091072142	-0.00016587139204986309
0.8441429426527504	-0.0001658709546017328
0.849063657366014	-0.00016587050310612388
0.8540089756528442	-0.0001658700368710493
0.8589790205311084	-0.00016586955516017897
0.863973915633764	-0.00016586905718835853
0.8689739156337638	-0.00016586854321089912
0.8739739156337636	-0.00016586801373480258
0.8789739156337634	-0.00016586746831277193
0.8839739156337632	-0.000165866906209801
0.8889739156337629	-0.00016586632664546854
0.8939739156337627	-0.00016586572879083813
0.8989739156337626	-0.00016586511176400561
0.9039739156337624	-0.0001658644746259971
0.9089739156337622	-0.000165863816375246
0.913973915633762	-0.00016586313594256028
0.9189739156337617	-0.00016586243218424663
0.9239739156337615	-0.0001658617038755076
0.9289739156337613	-0.00016586094970219488
0.9339739156337611	-0.0001658601682514931
0.938973915633761	-0.000165859358002509
0.9439739156337608	-0.00016585851731389274
0.9489739156337605	-0.0001658576444114018
0.9539739156337603	-0.00016585673737177633
0.9589739156337601	-0.0001658557941067944
0.9639739156337599	-0.0001658548123425976
0.9689739156337597	-0.00016585378959664242
0.9739739156337595	-0.0001658527231520183
0.9789739156337594	-0.0001658516100262211
0.9839739156337591	-0.00016585044693659677
0.9889739156337589	-0.00016584923025765122
0.9939739156337587	-0.0001658479559739403
0.9989739156337585	-0.00016584661962328165
1.0039739156337584	-0.00016584521623061335
1.008973915633758	-0.0001658437402305668
1.013973915633758	-0.00016584218537582933
1.0189739156337576	-0.00016584054462989007
1.0239739156337575	-0.00016583881003894035
1.0289739156337572	-0.0001658369725821465
1.033973915633757	-0.0001658350219922168
1.038973915633757	-0.00016583294654492307
1.0439739156337566	-0.00016583073280522734
1.0489739156337565	-0.00016582836532927117
1.0539739156337562	-0.00016582582630645496
1.058973915633756	-0.00016582309513273193
1.0639739156337558	-0.00016582014790226976
1.0689739156337557	-0.0001658169567979623
1.0739739156337553	-0.0001658134893637021
1.0789739156337552	-0.00016580970763156632
1.0839739156337551	-0.0001658055670765038
1.0889739156337548	-0.00016580101536202256
1.0939739156337547	-0.0001657959908337542
1.0989739156337544	-0.00016579042071274795
1.1039739156337542	-0.00016578421892142738
1.108973915633754	-0.00016577728347182537
1.1139739156337538	-0.0001657694933220378
1.1189739156337537	-0.00016576070459527515
1.1239739156337534	-0.00016575074602680572
1.1289739156337533	-0.00016573941348120463
1.133973915633753	-0.00016572646334838979
1.1389739156337528	-0.00016571160458563817
1.1439739156337525	-0.00016569448912809575
1.1489739156337524	-0.00016567470032767786
1.153973915633752	-0.00016565173901706855
1.158973915633752	-0.00016562500670739853
1.1639739156337519	-0.0001655937853259857
1.1689739156337515	-0.00016555721278619623
1.1739739156337514	-0.0001655142535265587
1.178973915633751	-0.0001654636629866671
1.183973915633751	-0.0001654039447754418
1.1889739156337507	-0.00016533329903017284
1.1939739156337505	-0.0001652495601637782
1.1989739156337504	-0.00016515012182874577
1.2039739156337501	-0.00016503184648763308
1.20897391563375	-0.00016489095644881436
1.2139739156337497	-0.0001647229025927226
1.2189739156337496	-0.00016452220624461238
1.2239739156337492	-0.00016428226873116113
1.2289739156337491	-0.00016399514204196402
1.2339739156337488	-0.00016365125267628388
1.2389739156337487	-0.00016323906912562956
1.2439739156337486	-0.0001627447014766035
1.2489739156337483	-0.00016215141923171407
1.2539739156337482	-0.00016143907055061037
1.2589739156337478	-0.00016058338262281283
1.2639739156337477	-0.0001595551186597493
1.2689739156337474	-0.00015831906193549886
1.2739739156337473	-0.00015683279127520978
1.2789739156337472	-0.00015504520527230952
1.2839739156337469	-0.00015289474420383226
1.2889739156337467	-0.00015030724904651791
1.2939739156337464	-0.00014719338614392732
1.2989739156337463	-0.00014344555400049326
1.303973915633746	-0.00013893417552644335
1.3089739156337459	-0.0001335032651790628
1.3139739156337455	-0.00012696514635489556
1.3189739156337454	-0.00011909418107224812
1.3239739156337453	-0.0001096193628816734
1.328973915633745	-9.821561736493338e-5
1.333973915633745	-8.44936558714012e-5
1.3389739156337446	-6.798824212099846e-5
1.3439739156337445	-4.814476450254181e-5
1.3489739156337441	-2.4304067907769238e-5
1.353973915633744	4.314401672462363e-6
1.358973915633744	3.8630936623630286e-5
1.3639739156337436	7.972497510123253e-5
1.3689739156337435	0.000128854873813656
1.3739739156337432	0.00018747697986229694
1.378973915633743	0.00025726250263519076
1.3839739156337427	0.00034011021430627663
1.3879804367253072	0.00041748205805734056
1.3919869578168715	0.0005056856219046714
1.395993478908436	0.000606137615837227
1.4	0.000720217434717022
