0.0006999999999999628	-0.00017603768226805041
0.001403500000000035	-0.00017602698501584558
0.0021105174999999296	-0.0001760258903065308
0.0028210700874998964	-0.00017602491531673248
0.003535175437937438	-0.00017602393635415326
0.004252851315127062	-0.00017602295171226853
0.004974115571702636	-0.00017602196132970361
0.005698986149561044	-0.00017602096516785112
0.006427481080308875	-0.00017601996318808265
0.007159618485710418	-0.0001760189553515156
0.007895416578138905	-0.00017601794161897544
0.008634893661029494	-0.00017601692195081759
0.00937806812933463	-0.00017601589630719417
0.010124958469981361	-0.0001760148646480448
0.010875583262331262	-0.00017601382693271144
0.01162996117864295	-0.00017601278312044089
0.012388110984536127	-0.00017601173316995837
0.013150051539458866	-0.00017601067703976398
0.013915801797156208	-0.00017600961468800314
0.014685380806142003	-0.00017600854607239684
0.015458807710172712	-0.00017600747115044664
0.01623610174872358	-0.0001760063898791353
0.017017282257467212	-0.0001760053022152638
0.017802368668754516	-0.00017600420811507552
0.01859138051209827	-0.0001760031075346688
0.019384337414658823	-0.0001760020004295536
0.020181259101732015	-0.00017600088675498376
0.020982165397240727	-0.0001759997664658118
0.02178707622422691	-0.00017599863951659578
0.02259601160534814	-0.0001759975058613373
0.02340899166337483	-0.00017599636545371017
0.024226036621691812	-0.00017599521824707885
0.02504716680480027	-0.00017599406419436297
0.025872402638824326	-0.00017599290324799572
0.02670176465201842	-0.00017599173536007534
0.02753527347527842	-0.00017599056048230632
0.028372949842654864	-0.00017598937856598163
0.0292148145918682	-0.00017598818956181874
0.03006088866482743	-0.00017598699342036224
0.03091119310815165	-0.00017598579009156092
0.0317657490736924	-0.00017598457952489852
0.03262457781906081	-0.0001759833616695233
0.03348770070815601	-0.0001759821364741476
0.034355139211696875	-0.00017598090388692622
0.035226914907755424	-0.00017597966385566108
0.03610304948229413	-0.0001759784163275738
0.03698356472970569	-0.0001759771612495624
0.03786848255335419	-0.0001759758985679704
0.038757824966120964	-0.00017597462822862872
0.03965161409095162	-0.00017597335017699233
0.04054987216140643	-0.00017597206435804332
0.04145262152221345	-0.0001759707707161433
0.04235988462982453	-0.00017596946919519322
0.04327168405297366	-0.0001759681597386348
0.0441880424732386	-0.00017596684228948954
0.04510898268560485	-0.00017596551678995692
0.046034527599032954	-0.00017596418318205793
0.04696470023702812	-0.00017596284140710075
0.04789952373821329	-0.0001759614914059906
0.048839021356904266	-0.00017596013311895915
0.04978321646368884	-0.0001759587664856686
0.05073213254600732	-0.0001759573914453785
0.05168579320873729	-0.00017595600793672623
0.052644222174780875	-0.00017595461589779845
0.05360744328565471	-0.00017595321526601282
0.054575480502083065	-0.00017595180597834202
0.055548357904593434	-0.00017595038797107407
0.056526099694116344	-0.0001759489611800599
0.0575087301925869	-0.00017594752554028612
0.05849627384354973	-0.0001759460809864182
0.05948875521276744	-0.00017594462745237893
0.06048619898883127	-0.00017594316487137682
0.061488629983775384	-0.00017594169317615657
0.06249607313369419	-0.00017594021229878071
0.06350855349936275	-0.00017593872217059751
0.06452609626685958	-0.00017593722272244095
0.06554872674819387	-0.00017593571388433693
0.06657647038193484	-0.00017593419558573005
0.06760935273384447	-0.00017593266775533405
0.06864739949751365	-0.0001759311303213456
0.0696906364950013	-0.00017592958321102555
0.07073908967747639	-0.000175928026351161
0.07179278512586384	-0.00017592645966763967
0.07285174905149322	-0.0001759248830858074
0.0739160077967507	-0.00017592329653016495
0.07498558783573436	-0.00017592169992451835
0.07606051577491299	-0.00017592009319187716
0.07714081835378758	-0.0001759184762546267
0.07822652244555647	-0.000175916849034362
0.07931765505778425	-0.00017591521145166243
0.0804142433330731	-0.00017591356342672358
0.08151631454973848	-0.00017591190487873553
0.08262389612248718	-0.00017591023572596784
0.0837370156030995	-0.00017590855588615808
0.0848557006811149	-0.00017590686527603656
0.0859799791845205	-0.00017590516381153385
0.08710987908044313	-0.00017590345140773456
0.08824542847584534	-0.00017590172797894612
0.08938665561822454	-0.00017589999343854316
0.09053358889631567	-0.0001758982476990377
0.09168625684079722	-0.00017589649067206451
0.09284468812500112	-0.00017589472226831927
0.09400891156562617	-0.00017589294239767628
0.0951789561234543	-0.00017589115096902137
0.09635485090407148	-0.00017588934789033233
0.09753662515859184	-0.00017588753306858835
0.0987243082843847	-0.00017588570640996462
0.09991792982580656	-0.00017588386781948852
0.10111751947493569	-0.00017588201720125578
0.10232310707231031	-0.00017588015445848613
0.1035347226076718	-0.00017587827949319126
0.10475239622071016	-0.00017587639220656548
0.10597615820181366	-0.00017587449249860507
0.10720603899282274	-0.00017587258026836183
0.10844206918778684	-0.00017587065541375203
0.10968427953372567	-0.0001758687178316599
0.1109327009313943	-0.00017586676741784566
0.11218736443605135	-0.00017586480406701696
0.11344830125823162	-0.0001758628276727091
0.11471554276452282	-0.00017586083812731838
0.11598912047834534	-0.00017585883532215908
0.11726906608073695	-0.00017585681914729877
0.11855541141114062	-0.00017585478949162835
0.11984818846819621	-0.00017585274624290563
0.12114742941053713	-0.00017585068928759745
0.12245316655758978	-0.0001758486185109113
0.1237654323903777	-0.00017584653379699392
0.12508425955232963	-0.00017584443502846462
0.12640968085009122	-0.00017584232208684163
0.1277417292543416	-0.0001758401948522712
0.1290804379006133	-0.0001758380532035572
0.13042584009011637	-0.0001758358970182055
0.1317779692905669	-0.00017583372617237578
0.13313685913701961	-0.0001758315405407798
0.13450254343270476	-0.0001758293399968092
0.13587505614986833	-0.00017582712441238234
0.13725443143061763	-0.0001758248936579754
0.13864070358777073	-0.0001758226476026255
0.14003390710570945	-0.00017582038611396402
0.14143407664123803	-0.00017581810905802355
0.1428412470244442	-0.00017581581629928358
0.1442554532595664	-0.0001758135077007711
0.14567673052586416	-0.00017581118312386536
0.1471051141784935	-0.00017580884242845437
0.14854063974938603	-0.0001758064854727401
0.149983342948133	-0.00017580411211331546
0.15143325966287374	-0.000175801722205075
0.15289042596118813	-0.00017579931560128735
0.15435487809099402	-0.00017579689215338734
0.15582665248144906	-0.00017579445171127286
0.1573057857438562	-0.00017579199412285645
0.15879231467257537	-0.0001757895192344484
0.16028627624593816	-0.00017578702689043956
0.16178770762716785	-0.00017578451693343614
0.16329664616530362	-0.0001757819892040938
0.16481312939613008	-0.0001757794435411944
0.1663371950431107	-0.0001757768797817103
0.16786888101832628	-0.00017577429776047807
0.1694082254234178	-0.00017577169731042627
0.1709552665505349	-0.00017576907826251124
0.17251004288328747	-0.00017576644044556034
0.17407259309770393	-0.00017576378368642555
0.17564295606319252	-0.00017576110780966292
0.17722117084350858	-0.00017575841263791945
0.17880727669772617	-0.0001757556979913674
0.18040131308121476	-0.00017575296368831024
0.18200331964662084	-0.00017575020954453585
0.18361333624485401	-0.00017574743537365932
0.18523140292607826	-0.00017574464098692625
0.18685755994070874	-0.00017574182619330424
0.1884918477404122	-0.00017573899079934395
0.19013430697911424	-0.00017573613460906764
0.1917849785140098	-0.00017573325742412067
0.19344390340657974	-0.00017573035904361437
0.19511112292361268	-0.00017572743926410353
0.1967866785382308	-0.00017572449787954335
0.19847061193092203	-0.00017572153468127714
0.20016296499057665	-0.0001757185494579104
0.20186377981552947	-0.0001757155419954653
0.2035730987146071	-0.00017571251207697006
0.20529096420818022	-0.0001757094594828735
0.20701741902922113	-0.00017570638399069116
0.20875250612436722	-0.0001757032853748194
0.210496268654989	-0.00017570016340710918
0.21224874999826396	-0.00017569701785600096
0.21400999374825516	-0.00017569384848720868
0.21578004371699644	-0.00017569065506309035
0.21755894393558148	-0.00017568743734293048
0.2193467386552594	-0.00017568419508291955
0.22114347234853576	-0.00017568092803583644
0.22294918971027836	-0.0001756776359510658
0.2247639356588297	-0.00017567431857484984
0.2265877553371239	-0.0001756709756498813
0.2284206941138094	-0.00017566760691523146
0.23026279758437848	-0.00017566421210663254
0.23211411157230027	-0.00017566079095600537
0.23397468213016168	-0.0001756573431917599
0.23584455554081238	-0.00017565386853839144
0.23772377831851643	-0.00017565036671660848
0.23961239721010893	-0.00017564683744340553
0.24151045919615952	-0.00017564328043174836
0.24341801149214037	-0.00017563969539033584
0.24533510154960114	-0.0001756360820241485
0.24726177705734917	-0.00017563244003380304
0.24919808594263598	-0.0001756287691156408
0.2511440763723492	-0.00017562506896184253
0.2530997967542111	-0.00017562133926005694
0.25506529573798215	-0.00017561757969345866
0.2570406222166721	-0.00017561378994085893
0.25902582532775553	-0.00017560996967616417
0.2610209544543945	-0.00017560611856864557
0.2630260592266663	-0.00017560223628283338
0.2650411895227997	-0.00017559832247835406
0.26706639547041383	-0.0001755943768097229
0.2691017274477658	-0.00017559039892648063
0.2711472360850044	-0.0001755863884729021
0.27320297226542956	-0.00017558234508797195
0.2752689871267568	-0.00017557826840547286
0.2773453320623904	-0.0001755741580534922
0.27943205872270227	-0.00017557001365455053
0.2815292190163157	-0.00017556583482559697
0.28363686511139713	-0.00017556162117770825
0.2857550494369543	-0.00017555737231606308
0.287883824684139	-0.00017555308783959704
0.2900232438075598	-0.00017554876734164862
0.29217336002659744	-0.00017554441040859396
0.2943342268267306	-0.00017554001662085431
0.2965058979608642	-0.00017553558555221137
0.2986884274506685	-0.00017553111676977471
0.3008818695879217	-0.00017552660983394738
0.3030862789358613	-0.00017552206429821874
0.3053017103305407	-0.00017551747970876336
0.30752821888219345	-0.00017551285560494424
0.3097658599766045	-0.00017550819151855752
0.31201468927648746	-0.00017550348697388158
0.3142747627228697	-0.00017549874148767931
0.31654613653648417	-0.0001754939545687812
0.31882886721916665	-0.00017548912571812013
0.32112301155526257	-0.00017548425442848016
0.3234286266130387	-0.00017547934018435118
0.325745769746104	-0.0001754743824617684
0.3280744985948343	-0.0001754693807281002
0.33041487108780826	-0.0001754643344417281
0.3327669454432473	-0.0001754592430523713
0.3351307801704635	-0.000175454106000164
0.3375064340713156	-0.00017544892271600455
0.33989396624167195	-0.0001754436926212037
0.3422934360728803	-0.00017543841512716938
0.3447049032532445	-0.0001754330896353348
0.34712842776951053	-0.00017542771553686562
0.3495640699083581	-0.0001754222922124576
0.3520118902578999	-0.00017541681903200578
0.35447194970918944	-0.00017541129535465275
0.35694430945773536	-0.00017540572052810786
0.35942903100502394	-0.00017540009388902403
0.36192617616004885	-0.00017539441476181536
0.36443580704084905	-0.0001753886824594817
0.3669579860760533	-0.00017538289628242428
0.3694927760064337	-0.00017537705551875168
0.3720402398864656	-0.00017537115944377062
0.37460044108589774	-0.0001753652073195717
0.37717344329132724	-0.00017535919839495426
0.37975931050778367	-0.0001753531319049898
0.38235810706032236	-0.00017534700707080083
0.3849698975956241	-0.00017534082309904437
0.38759474708360203	-0.00017533457918188024
0.39023272081902005	-0.00017532827449631697
0.39288388442311495	-0.00017532190820402876
0.3955483038452304	-0.00017531547945095127
0.39822604536445655	-0.00017530898736676796
0.40091717559127893	-0.00017530243106474202
0.4036217614692354	-0.00017529580964141547
0.4063398702765814	-0.00017528912217556393
0.40907156962796437	-0.00017528236772861437
0.4118169274761041	-0.00017527554534360165
0.41457601211348477	-0.00017526865404496417
0.41734889217405197	-0.00017526169283813367
0.42013563663492237	-0.00017525466070873632
0.4229363148180968	-0.00017524755662260132
0.4257509963921872	-0.00017524037952474655
0.4285797513741481	-0.00017523312833914184
0.431422650131019	-0.0001752258019681485
0.4342797633816742	-0.00017521839929211385
0.4371511621985827	-0.0001752109191682455
0.4400369180095757	-0.00017520336043061908
0.4429371025996235	-0.00017519572188938646
0.44585178811262155	-0.0001751880023299094
0.44878104705318456	-0.00017518020051251104
0.4517249522884503	-0.00017517231517141682
0.4546835770498925	-0.00017516434501423455
0.4576569949351417	-0.00017515628872158873
0.4606452799098173	-0.0001751481449454135
0.46364850630936627	-0.00017513991230943407
0.46666674884091325	-0.0001751315894074229
0.46970008258511775	-0.00017512317480282126
0.4727485829980431	-0.000175114667027796
0.47581232591303324	-0.00017510606458232347
0.47889138754259847	-0.0001750973659334329
0.4819858444803113	-0.00017508856951415575
0.48509577370271284	-0.00017507967372261732
0.48822125257122634	-0.00017507067692080155
0.4913623588340824	-0.00017506157743432386
0.49451917062825274	-0.00017505237355008044
0.49769176648139396	-0.00017504306351627546
0.5008802253138008	-0.00017503364554075928
0.50408462644037	-0.00017502411779004985
0.5073050495725719	-0.00017501447838770274
0.5105415748204347	-0.00017500472541356096
0.513794282694537	-0.0001749948569022832
0.5170632541080095	-0.00017498487084161758
0.5203485703785496	-0.00017497476517154897
0.5236503132304423	-0.00017496453778245437
0.5269685647965943	-0.00017495418651368065
0.530303407620577	-0.0001749437091519674
0.5336549246586798	-0.00017493310342995866
0.5370231992819733	-0.0001749223670239473
0.5404083152783831	-0.00017491149755285838
0.5438103568547752	-0.00017490049257585206
0.5472294086390488	-0.0001748893495905527
0.5506655556822441	-0.00017487806603133944
0.5541188834606553	-0.00017486663926679307
0.5575894778779587	-0.00017485506659779593
0.5610774252673482	-0.00017484334525515172
0.5645828123936848	-0.00017483147239760085
0.5681057264556529	-0.00017481944510900176
0.5716462550879313	-0.00017480726039569366
0.575204486363371	-0.00017479491518428904
0.5787805087951877	-0.00017478240631853755
0.5823744113391636	-0.00017476973055646875
0.5859862833958592	-0.0001747568845675143
0.5896162148128385	-0.0001747438649292276
0.5932642958869029	-0.0001747306681238621
0.5969306173663373	-0.0001747172905353011
0.6006152704531689	-0.00017470372844471385
0.6043183468054348	-0.00017468997802758539
0.6080399385394619	-0.00017467603534912195
0.6117801382321592	-0.00017466189636012317
0.6155390389233196	-0.00017464755689288413
0.6193167341179363	-0.00017463301265619333
0.623113317788526	-0.0001746182592306352
0.6269288843774687	-0.00017460329206323773
0.6307635287993559	-0.00017458810646237612
0.6346173464433525	-0.00017457269759174146
0.6384904331755692	-0.00017455706046445754
0.642382885341447	-0.00017454118993639702
0.6462947997681542	-0.00017452508069955094
0.6502262737669948	-0.00017450872727487588
0.6541774051358298	-0.0001744921240042579
0.6581482921615086	-0.00017447526504297967
0.6621390336223161	-0.00017445814435034944
0.6661497287904276	-0.00017444075568041697
0.6701804774343794	-0.0001744230925725884
0.6742313798215511	-0.00017440514834058077
0.678302536720659	-0.00017438691606077225
0.6823940494042624	-0.00017436838856042672
0.6865060196512838	-0.00017434955840408203
0.6906385497495403	-0.0001743304178793329
0.694791742498288	-0.00017431095898173623
0.6989657012107795	-0.00017429117339761094
0.7031605297168335	-0.00017427105248644608
0.7073763323654175	-0.00017425058726068364
0.7116132140272448	-0.00017422976836476345
0.7158712800973807	-0.00017420858605161687
0.7201506364978674	-0.00017418703015682915
0.7244513896803564	-0.0001741650900709082
0.728773646628758	-0.00017414275470858582
0.7331175148619017	-0.00017412001247434807
0.7374831024362114	-0.00017409685122562462
0.7418705179483922	-0.00017407325823155887
0.7462798705381343	-0.00017404922012695983
0.750711269890825	-0.00017402472286098776
0.7551648262402791	-0.00017399975164193393
0.7596406503714807	-0.00017397429087301922
0.7641388536233382	-0.0001739483240825068
0.7686595478914547	-0.00017392183384481706
0.773202845630912	-0.0001738948016921776
0.7777688598590664	-0.00017386720801474662
0.7823577041583616	-0.00017383903194926665
0.7869694926791535	-0.00017381025125239654
0.7916043401425493	-0.00017378084215803385
0.796262361843262	-0.00017375077921537687
0.8009436736524783	-0.00017372003510537966
0.8056483920207407	-0.00017368858043342476
0.8103766339808444	-0.00017365638349079246
0.8151285171507487	-0.00017362340998545225
0.8199041597365022	-0.00017358962273366762
0.8247036805351848	-0.00017355498130826148
0.8295271989378608	-0.00017351944163555573
0.8343748349325502	-0.0001734829555351539
0.8392467091072129	-0.00017344547019210188
0.844142942652749	-0.0001734069275506736
0.8490636573660127	-0.00017336726361971504
0.8540089756528428	-0.0001733264076745861
0.8589790205311072	-0.00017328428133912588
0.8639739156337627	-0.0001732407975301748
0.8689739156337625	-0.00017319603766598117
0.8739739156337623	-0.00017314996011561377
0.878973915633762	-0.00017310246885638157
0.8839739156337618	-0.00017305345651611264
0.8889739156337617	-0.00017300280353116967
0.8939739156337615	-0.00017295037661837733
0.8989739156337613	-0.00017289602705552903
0.9039739156337611	-0.00017283958874475696
0.9089739156337608	-0.00017278087603072413
0.9139739156337606	-0.00017271968124511175
0.9189739156337604	-0.00017265577193843786
0.9239739156337602	-0.00017258888776025354
0.9289739156337601	-0.00017251873693971471
0.9339739156337599	-0.00017244499231236228
0.9389739156337596	-0.00017236728683069316
0.9439739156337594	-0.00017228520848857893
0.9489739156337592	-0.00017219829457289684
0.953973915633759	-0.00017210602515099974
0.9589739156337588	-0.00017200781568159606
0.9639739156337586	-0.00017190300862133016
0.9689739156337585	-0.00017179086388150223
0.9739739156337582	-0.00017167054796247603
0.978973915633758	-0.00017154112157203528
0.9839739156337578	-0.00017140152549746668
0.9889739156337576	-0.00017125056446894618
0.9939739156337574	-0.00017108688871001515
0.9989739156337571	-0.0001709089728199039
1.003973915633757	-0.0001707150915787325
1.0089739156337567	-0.00017050329219964793
1.0139739156337566	-0.0001702713624742115
1.0189739156337563	-0.0001700167941700412
1.0239739156337562	-0.0001697367409309055
1.028973915633756	-0.00016942796981072434
1.0339739156337557	-0.00016908680542838868
1.0389739156337556	-0.00016870906555866162
1.0439739156337553	-0.00016828998678695625
1.0489739156337552	-0.00016782413861336678
1.0539739156337549	-0.00016730532413869874
1.0589739156337548	-0.0001667264651352737
1.0639739156337544	-0.00016607946895115592
1.0689739156337543	-0.00016535507426026542
1.0739739156337542	-0.00016454267217830802
1.0789739156337539	-0.00016363009867348697
1.0839739156337538	-0.00016260339353444642
1.0889739156337535	-0.00016144652036264345
1.0939739156337533	-0.0001601410411514076
1.098973915633753	-0.00015866573795484236
1.103973915633753	-0.0001569961729425479
1.1089739156337528	-0.0001551041767356688
1.1139739156337525	-0.00015295725332764608
1.1189739156337524	-0.00015051788808729432
1.123973915633752	-0.00014774274327545225
1.128973915633752	-0.0001445817232314809
1.1339739156337516	-0.0001409768888059662
1.1389739156337515	-0.0001368611978153064
1.1439739156337512	-0.00013215704523927938
1.148973915633751	-0.00012677457361453696
1.153973915633751	-0.00012060972067152082
1.1589739156337506	-0.00011354196778236835
1.1639739156337505	-0.00010543174938149623
1.1689739156337502	-9.611748033146198e-5
1.17397391563375	-8.541215547818106e-5
1.1789739156337498	-7.309947358800388e-5
1.1839739156337497	-5.8929436829797484e-5
1.1889739156337495	-4.26133772131288e-5
1.1939739156337492	-2.381836327016909e-5
1.197980436725312	-6.710450506296327e-6
1.2019869578168745	1.2456223296972007e-5
1.2059934789084372	3.3933072059087676e-5
1.21	5.799877501142983e-5
