0.0006999999999999628	-0.0001739884196389907
0.001403500000000035	-0.0001739777626505485
0.0021105174999999296	-0.0001739772673492983
0.0028210700874998964	-0.00017397691046229508
0.003535175437937438	-0.00017397655334976532
0.004252851315127062	-0.00017397619408060657
0.004974115571702636	-0.0001739758326125869
0.005698986149561044	-0.00017397546892961458
0.006427481080308875	-0.0001739751030156171
0.007159618485710418	-0.00017397473485463022
0.007895416578138905	-0.00017397436443041474
0.008634893661029494	-0.00017397399172647021
0.00937806812933463	-0.00017397361672637647
0.010124958469981361	-0.00017397323941347557
0.010875583262331262	-0.00017397285977090445
0.01162996117864295	-0.00017397247778173217
0.012388110984536127	-0.00017397209342874724
0.013150051539458866	-0.00017397170669475665
0.013915801797156208	-0.00017397131756235646
0.014685380806142003	-0.000173970926013835
0.015458807710172712	-0.00017397053203151885
0.01623610174872358	-0.0001739701355974617
0.017017282257467212	-0.00017396973669354997
0.017802368668754516	-0.0001739693353015267
0.01859138051209827	-0.00017396893140301457
0.019384337414658823	-0.00017396852497944575
0.020181259101732015	-0.00017396811601199692
0.020982165397240727	-0.00017396770448181484
0.02178707622422691	-0.00017396729036965898
0.02259601160534814	-0.00017396687365631202
0.02340899166337483	-0.00017396645432235484
0.024226036621691812	-0.00017396603234800829
0.02504716680480027	-0.000173965607713597
0.025872402638824326	-0.00017396518039889777
0.02670176465201842	-0.00017396475038385523
0.02753527347527842	-0.00017396431764799634
0.028372949842654864	-0.00017396388217071762
0.0292148145918682	-0.00017396344393125795
0.03006088866482743	-0.0001739630029086096
0.03091119310815165	-0.00017396255908149266
0.0317657490736924	-0.0001739621124286954
0.03262457781906081	-0.0001739616629284068
0.03348770070815601	-0.00017396121055896857
0.034355139211696875	-0.0001739607552982791
0.035226914907755424	-0.00017396029712414015
0.03610304948229413	-0.00017395983601409257
0.03698356472970569	-0.00017395937194540441
0.03786848255335419	-0.00017395890489531465
0.038757824966120964	-0.00017395843484068347
0.03965161409095162	-0.00017395796175805365
0.04054987216140643	-0.0001739574856239022
0.04145262152221345	-0.00017395700641452798
0.04235988462982453	-0.00017395652410579624
0.04327168405297366	-0.00017395603867346117
0.0441880424732386	-0.0001739555500929509
0.04510898268560485	-0.00017395505833962146
0.046034527599032954	-0.00017395456338842536
0.04696470023702812	-0.00017395406521402982
0.04789952373821329	-0.00017395356379108654
0.048839021356904266	-0.00017395305909368453
0.04978321646368884	-0.00017395255109584754
0.05073213254600732	-0.00017395203977129653
0.05168579320873729	-0.00017395152509346747
0.052644222174780875	-0.00017395100703559158
0.05360744328565471	-0.00017395048557048427
0.054575480502083065	-0.0001739499606708711
0.055548357904593434	-0.00017394943230902886
0.056526099694116344	-0.00017394890045703304
0.0575087301925869	-0.00017394836508666933
0.05849627384354973	-0.00017394782616948223
0.05948875521276744	-0.00017394728367659662
0.06048619898883127	-0.0001739467375789257
0.061488629983775384	-0.00017394618784706046
0.06249607313369419	-0.00017394563445129234
0.06350855349936275	-0.0001739450773616053
0.06452609626685958	-0.0001739445165477019
0.06554872674819387	-0.00017394395197880983
0.06657647038193484	-0.00017394338362399392
0.06760935273384447	-0.00017394281145200605
0.06864739949751365	-0.0001739422354311409
0.0696906364950013	-0.00017394165552950947
0.07073908967747639	-0.00017394107171473156
0.07179278512586384	-0.0001739404839541374
0.07285174905149322	-0.000173939892214713
0.0739160077967507	-0.0001739392964632149
0.07498558783573436	-0.0001739386966657398
0.07606051577491299	-0.00017393809278835217
0.07714081835378758	-0.0001739374847964954
0.07822652244555647	-0.0001739368726554532
0.07931765505778425	-0.00017393625632990223
0.0804142433330731	-0.00017393563578426604
0.08151631454973848	-0.0001739350109826595
0.08262389612248718	-0.0001739343818886236
0.0837370156030995	-0.00017393374846543408
0.0848557006811149	-0.00017393311067584268
0.0859799791845205	-0.0001739324684822856
0.08710987908044313	-0.00017393182184686324
0.08824542847584534	-0.00017393117073098753
0.08938665561822454	-0.00017393051509588897
0.09053358889631567	-0.0001739298549022285
0.09168625684079722	-0.0001739291901103331
0.09284468812500112	-0.00017392852067991314
0.09400891156562617	-0.00017392784657045362
0.0951789561234543	-0.0001739271677407491
0.09635485090407148	-0.00017392648414930826
0.09753662515859184	-0.00017392579575409997
0.0987243082843847	-0.0001739251025125269
0.09991792982580656	-0.00017392440438171051
0.10111751947493569	-0.0001739237013180655
0.10232310707231031	-0.00017392299327765305
0.1035347226076718	-0.00017392228021590397
0.10475239622071016	-0.0001739215620878305
0.10597615820181366	-0.00017392083884787608
0.10720603899282274	-0.00017392011045006973
0.10844206918778684	-0.00017391937684766055
0.10968427953372567	-0.00017391863799354044
0.1109327009313943	-0.00017391789383998838
0.11218736443605135	-0.0001739171443387856
0.11344830125823162	-0.00017391638944105206
0.11471554276452282	-0.00017391562909730037
0.11598912047834534	-0.00017391486325759036
0.11726906608073695	-0.00017391409187132815
0.11855541141114062	-0.00017391331488727604
0.11984818846819621	-0.0001739125322535833
0.12114742941053713	-0.0001739117439177394
0.12245316655758978	-0.00017391094982681404
0.1237654323903777	-0.0001739101499269275
0.12508425955232963	-0.0001739093441637908
0.12640968085009122	-0.00017390853248229856
0.1277417292543416	-0.00017390771482674595
0.1290804379006133	-0.0001739068911407155
0.13042584009011637	-0.00017390606136725016
0.1317779692905669	-0.00017390522544834342
0.13313685913701961	-0.00017390438332550923
0.13450254343270476	-0.0001739035349396373
0.13587505614986833	-0.00017390268023066124
0.13725443143061763	-0.00017390181913788257
0.13864070358777073	-0.0001739009515997614
0.14003390710570945	-0.0001739000775540285
0.14143407664123803	-0.00017389919693767289
0.1428412470244442	-0.00017389830968679682
0.1442554532595664	-0.00017389741573680406
0.14567673052586416	-0.000173896515022143
0.1471051141784935	-0.00017389560747657642
0.14854063974938603	-0.0001738946930328442
0.149983342948133	-0.000173893771622959
0.15143325966287374	-0.00017389284317805942
0.15289042596118813	-0.0001738919076281962
0.15435487809099402	-0.00017389096490282399
0.15582665248144906	-0.0001738900149302124
0.1573057857438562	-0.00017388905763775865
0.15879231467257537	-0.00017388809295199677
0.16028627624593816	-0.00017388712079846334
0.16178770762716785	-0.00017388614110166493
0.16329664616530362	-0.0001738851537851521
0.16481312939613008	-0.0001738841587713456
0.1663371950431107	-0.00017388315598188854
0.16786888101832628	-0.00017388214533700346
0.1694082254234178	-0.0001738811267562061
0.1709552665505349	-0.00017388010015773357
0.17251004288328747	-0.00017387906545876685
0.17407259309770393	-0.00017387802257534058
0.17564295606319252	-0.0001738769714223072
0.17722117084350858	-0.00017387591191351325
0.17880727669772617	-0.00017387484396140933
0.18040131308121476	-0.00017387376747745022
0.18200331964662084	-0.00017387268237178285
0.18361333624485401	-0.00017387158855323043
0.18523140292607826	-0.0001738704859294339
0.18685755994070874	-0.00017386937440677476
0.1884918477404122	-0.00017386825389021537
0.19013430697911424	-0.00017386712428351137
0.1917849785140098	-0.0001738659854890869
0.19344390340657974	-0.00017386483740775883
0.19511112292361268	-0.00017386367993915818
0.1967866785382308	-0.0001738625129813636
0.19847061193092203	-0.0001738613364311571
0.20016296499057665	-0.00017386015018360185
0.20186377981552947	-0.0001738589541325554
0.2035730987146071	-0.00017385774816994296
0.20529096420818022	-0.00017385653218652793
0.20701741902922113	-0.00017385530607121475
0.20875250612436722	-0.00017385406971143737
0.210496268654989	-0.00017385282299298434
0.21224874999826396	-0.0001738515657997178
0.21400999374825516	-0.000173850298014214
0.21578004371699644	-0.00017384901951688044
0.21755894393558148	-0.00017384773018660766
0.2193467386552594	-0.00017384642990037202
0.22114347234853576	-0.00017384511853354658
0.22294918971027836	-0.00017384379595914999
0.2247639356588297	-0.00017384246204871183
0.2265877553371239	-0.00017384111667170208
0.2284206941138094	-0.0001738397596955274
0.23026279758437848	-0.00017383839098562335
0.23211411157230027	-0.00017383701040537983
0.23397468213016168	-0.00017383561781607665
0.23584455554081238	-0.00017383421307688883
0.23772377831851643	-0.00017383279604474183
0.23961239721010893	-0.0001738313665742713
0.24151045919615952	-0.0001738299245181015
0.24341801149214037	-0.00017382846972635309
0.24533510154960114	-0.0001738270020468129
0.24726177705734917	-0.00017382552132478096
0.24919808594263598	-0.00017382402740331922
0.2511440763723492	-0.00017382252012285612
0.2530997967542111	-0.00017382099932132666
0.25506529573798215	-0.00017381946483398136
0.2570406222166721	-0.0001738179164934474
0.25902582532775553	-0.00017381635412972726
0.2610209544543945	-0.00017381477756996827
0.2630260592266663	-0.00017381318663860486
0.2650411895227997	-0.00017381158115703082
0.26706639547041383	-0.00017380996094394294
0.2691017274477658	-0.00017380832581482853
0.2711472360850044	-0.0001738066755823533
0.27320297226542956	-0.00017380501005576326
0.2752689871267568	-0.00017380332904132187
0.2773453320623904	-0.00017380163234215483
0.27943205872270227	-0.0001737999197577768
0.2815292190163157	-0.00017379819108451902
0.28363686511139713	-0.00017379644611517737
0.2857550494369543	-0.00017379468463912492
0.287883824684139	-0.00017379290644201108
0.2900232438075598	-0.0001737911113058868
0.29217336002659744	-0.00017378929900896742
0.2943342268267306	-0.0001737874693257773
0.2965058979608642	-0.0001737856220266294
0.2986884274506685	-0.00017378375687812886
0.3008818695879217	-0.0001737818736426442
0.3030862789358613	-0.00017377997207833012
0.3053017103305407	-0.00017377805193921132
0.30752821888219345	-0.0001737761129747006
0.3097658599766045	-0.00017377415492995083
0.31201468927648746	-0.0001737721775454965
0.3142747627228697	-0.00017377018055710484
0.31654613653648417	-0.00017376816369593168
0.31882886721916665	-0.00017376612668817043
0.32112301155526257	-0.0001737640692548132
0.3234286266130387	-0.0001737619911121482
0.325745769746104	-0.00017375989197095153
0.3280744985948343	-0.00017375777153667848
0.33041487108780826	-0.00017375562950936322
0.3327669454432473	-0.00017375346558363102
0.3351307801704635	-0.0001737512794480286
0.3375064340713156	-0.00017374907078543373
0.33989396624167195	-0.00017374683927277613
0.3422934360728803	-0.00017374458458080863
0.3447049032532445	-0.0001737423063738495
0.34712842776951053	-0.00017374000431010357
0.3495640699083581	-0.0001737376780407264
0.3520118902578999	-0.00017373532721074356
0.35447194970918944	-0.00017373295145760016
0.35694430945773536	-0.00017373055041234329
0.35942903100502394	-0.00017372812369821132
0.36192617616004885	-0.00017372567093127997
0.36443580704084905	-0.00017372319172012174
0.3669579860760533	-0.0001737206856651684
0.3694927760064337	-0.00017371815235918943
0.3720402398864656	-0.00017371559138672254
0.37460044108589774	-0.0001737130023237636
0.37717344329132724	-0.00017371038473792984
0.37975931050778367	-0.00017370773818774362
0.38235810706032236	-0.0001737050622228793
0.3849698975956241	-0.00017370235638378847
0.38759474708360203	-0.00017369962020120444
0.39023272081902005	-0.0001736968531963694
0.39288388442311495	-0.00017369405488018336
0.3955483038452304	-0.00017369122475368817
0.39822604536445655	-0.00017368836230697768
0.40091717559127893	-0.0001736854670195501
0.4036217614692354	-0.00017368253835983702
0.4063398702765814	-0.00017367957578488674
0.40907156962796437	-0.00017367657873995087
0.4118169274761041	-0.0001736735466582662
0.41457601211348477	-0.00017367047896076713
0.41734889217405197	-0.00017366737505572868
0.42013563663492237	-0.00017366423433843721
0.4229363148180968	-0.000173661056190816
0.4257509963921872	-0.00017365783998088175
0.4285797513741481	-0.0001736545850627361
0.431422650131019	-0.0001736512907759448
0.4342797633816742	-0.00017364795644493177
0.4371511621985827	-0.00017364458137920916
0.4400369180095757	-0.00017364116487198573
0.4429371025996235	-0.00017363770620057017
0.44585178811262155	-0.00017363420462573
0.44878104705318456	-0.0001736306593905613
0.4517249522884503	-0.00017362706972099686
0.4546835770498925	-0.00017362343482446257
0.4576569949351417	-0.00017361975388987275
0.4606452799098173	-0.00017361602608685067
0.46364850630936627	-0.00017361225056498905
0.46666674884091325	-0.0001736084264536046
0.46970008258511775	-0.0001736045528611136
0.4727485829980431	-0.0001736006288740158
0.47581232591303324	-0.00017359665355650913
0.47889138754259847	-0.00017359262595005533
0.4819858444803113	-0.00017358854507199827
0.48509577370271284	-0.00017358440991551493
0.48822125257122634	-0.00017358021944835858
0.4913623588340824	-0.00017357597261256663
0.49451917062825274	-0.00017357166832304892
0.49769176648139396	-0.00017356730546734785
0.5008802253138008	-0.00017356288290402283
0.50408462644037	-0.00017355839946275073
0.5073050495725719	-0.00017355385394230566
0.5105415748204347	-0.00017354924511019595
0.513794282694537	-0.00017354457170137006
0.5170632541080095	-0.0001735398324177883
0.5203485703785496	-0.0001735350259261674
0.5236503132304423	-0.00017353015085759394
0.5269685647965943	-0.00017352520580655184
0.530303407620577	-0.00017352018932883978
0.5336549246586798	-0.00017351509994082762
0.5370231992819733	-0.00017350993611827233
0.5404083152783831	-0.00017350469629412668
0.5438103568547752	-0.00017349937885811914
0.5472294086390488	-0.00017349398215415142
0.5506655556822441	-0.00017348850447957128
0.5541188834606553	-0.00017348294408276482
0.5575894778779587	-0.0001734772991620422
0.5610774252673482	-0.00017347156786354245
0.5645828123936848	-0.0001734657482790608
0.5681057264556529	-0.00017345983844459757
0.5716462550879313	-0.00017345383633747042
0.575204486363371	-0.0001734477398755596
0.5787805087951877	-0.00017344154691308484
0.5823744113391636	-0.00017343525523978793
0.5859862833958592	-0.00017342886257779857
0.5896162148128385	-0.00017342236657878386
0.5932642958869029	-0.00017341576482184928
0.5969306173663373	-0.00017340905480991962
0.6006152704531689	-0.0001734022339669732
0.6043183468054348	-0.00017339529963498364
0.6080399385394619	-0.00017338824907014638
0.6117801382321592	-0.000173381079439794
0.6155390389233196	-0.0001733737878181008
0.6193167341179363	-0.00017336637118262182
0.623113317788526	-0.0001733588264093252
0.6269288843774687	-0.00017335115026896923
0.6307635287993559	-0.0001733433394220658
0.6346173464433525	-0.00017333539041343877
0.6384904331755692	-0.0001733272996672832
0.642382885341447	-0.0001733190634815332
0.6462947997681542	-0.000173310678021619
0.6502262737669948	-0.0001733021393138625
0.6541774051358298	-0.00017329344323883592
0.6581482921615086	-0.00017328458552403735
0.6621390336223161	-0.0001732755617352846
0.6661497287904276	-0.00017326636726866054
0.6701804774343794	-0.0001732569973413674
0.6742313798215511	-0.00017324744698161992
0.678302536720659	-0.00017323771101737477
0.6823940494042624	-0.00017322778406561945
0.6865060196512838	-0.00017321766051872373
0.6906385497495403	-0.00017320733453121958
0.694791742498288	-0.00017319680000468975
0.6989657012107795	-0.0001731860505708181
0.7031605297168335	-0.00017317507957366154
0.7073763323654175	-0.00017316388004999725
0.7116132140272448	-0.0001731524447067487
0.7158712800973807	-0.00017314076589771698
0.7201506364978674	-0.00017312883559613508
0.7244513896803564	-0.00017311664536559363
0.728773646628758	-0.00017310418632682651
0.7331175148619017	-0.00017309144912145642
0.7374831024362114	-0.00017307842387087022
0.7418705179483922	-0.00017306510013100125
0.7462798705381343	-0.0001730514668411396
0.750711269890825	-0.00017303751226639417
0.7551648262402791	-0.00017302322393417392
0.7596406503714807	-0.00017300858856149562
0.7641388536233382	-0.00017299359197337858
0.7686595478914547	-0.00017297821901162392
0.773202845630912	-0.0001729624534301492
0.7777688598590664	-0.00017294627777820573
0.7823577041583616	-0.00017292967326754628
0.7869694926791535	-0.0001729126196210627
0.7916043401425493	-0.0001728950949020783
0.796262361843262	-0.00017287707531944243
0.8009436736524783	-0.0001728585350070013
0.8056483920207407	-0.0001728394457714086
0.8103766339808444	-0.00017281977680516162
0.8151285171507487	-0.0001727994943595246
0.8199041597365022	-0.00017277856137111588
0.8247036805351848	-0.00017275693703567985
0.8295271989378608	-0.00017273457632053303
0.8343748349325502	-0.0001727114294072777
0.8392467091072129	-0.0001726874410544454
0.844142942652749	-0.00017266254986688647
0.8490636573660127	-0.00017263668745992004
0.8540089756528428	-0.00017260977750046307
0.8589790205311072	-0.0001725817346084573
0.8639739156337627	-0.00017255246309528385
0.8689739156337625	-0.0001725219780473201
0.8739739156337623	-0.00017249020932091178
0.878973915633762	-0.00017245704540966365
0.8839739156337618	-0.00017242236156940252
0.8889739156337617	-0.00017238601850482458
0.8939739156337615	-0.00017234786058320409
0.8989739156337613	-0.00017230771383182293
0.9039739156337611	-0.00017226538368437605
0.9089739156337608	-0.000172220652454539
0.9139739156337606	-0.0001721732764945902
0.9189739156337604	-0.0001721229830011408
0.9239739156337602	-0.00017206946642312233
0.9289739156337601	-0.00017201238441655916
0.9339739156337599	-0.000171951353288942
0.9389739156337596	-0.0001718859428615935
0.9439739156337594	-0.00017181567067259032
0.9489739156337592	-0.0001717399954279474
0.953973915633759	-0.0001716583095993012
0.9589739156337588	-0.00017156993104636294
0.9639739156337586	-0.00017147409352879332
0.9689739156337585	-0.00017136993594895673
0.9739739156337582	-0.00017125649014544458
0.978973915633758	-0.00017113266703030092
0.9839739156337578	-0.00017099724082921287
0.9889739156337576	-0.0001708488311526374
0.9939739156337574	-0.00017068588257751423
0.9989739156337571	-0.0001705066413791729
1.003973915633757	-0.00017030912898986203
1.0089739156337567	-0.00017009111169912877
1.0139739156337566	-0.00016985006603544795
1.0189739156337563	-0.00016958313918263176
1.0239739156337562	-0.00016928710367746018
1.028973915633756	-0.00016895830552527528
1.0339739156337557	-0.00016859260472718458
1.0389739156337556	-0.00016818530705081213
1.0439739156337553	-0.0001677310857024379
1.0489739156337552	-0.00016722389132735983
1.0539739156337549	-0.00016665684852724654
1.0589739156337548	-0.0001660221367852253
1.0639739156337544	-0.00016531085335492172
1.0689739156337543	-0.00016451285527659945
1.0739739156337542	-0.000163616577229651
1.0789739156337539	-0.00016260882140502642
1.0839739156337538	-0.00016147451497905218
1.0889739156337535	-0.00016019643006438705
1.0939739156337533	-0.00015875486021902827
1.098973915633753	-0.00015712724666641504
1.103973915633753	-0.00015528774633849753
1.1089739156337528	-0.00015320673265213576
1.1139739156337525	-0.0001508502185856328
1.1189739156337524	-0.00014817919011217488
1.123973915633752	-0.00014514883634822372
1.128973915633752	-0.0001417076609330437
1.1339739156337516	-0.0001377964571135881
1.1389739156337515	-0.00013334712684494432
1.1439739156337512	-0.00012828132192779735
1.148973915633751	-0.0001225088828590797
1.153973915633751	-0.00011592604876301203
1.1589739156337506	-0.00010841340960389672
1.1639739156337505	-9.983357004053935e-5
1.1689739156337502	-9.002849297065862e-5
1.17397391563375	-7.881649031957625e-5
1.1789739156337498	-6.598882929572139e-5
1.1839739156337497	-5.1305924580781956e-5
1.1889739156337495	-3.4493091206690966e-5
1.1939739156337492	-1.5235839733389514e-5
1.197980436725312	2.201581491447639e-6
1.2019869578168745	2.1644872437645546e-5
1.2059934789084372	4.332663796277085e-5
1.21	6.75027995443013e-5
