0.0006999999999999628	-0.0001765712455533126
0.001403500000000035	-0.00017656097297614304
0.0021105174999999296	-0.0001765607259554504
0.0028210700874998964	-0.00017656061112736467
0.003535175437937438	-0.00017656049756286299
0.004252851315127062	-0.00017656038348613434
0.004974115571702636	-0.000176560268870141
0.005698986149561044	-0.00017656015371209964
0.006427481080308875	-0.00017656003800949627
0.007159618485710418	-0.0001765599217599702
0.007895416578138905	-0.00017655980496108435
0.008634893661029494	-0.0001765596876104583
0.00937806812933463	-0.00017655956970548105
0.010124958469981361	-0.00017655945124377324
0.010875583262331262	-0.0001765593322229052
0.01162996117864295	-0.00017655921264028013
0.012388110984536127	-0.00017655909249350018
0.013150051539458866	-0.00017655897178002483
0.013915801797156208	-0.00017655885049732445
0.014685380806142003	-0.00017655872864291868
0.015458807710172712	-0.00017655860621421552
0.01623610174872358	-0.00017655848320869555
0.017017282257467212	-0.0001765583596238598
0.017802368668754516	-0.0001765582354570664
0.01859138051209827	-0.00017655811070579924
0.019384337414658823	-0.0001765579853674232
0.020181259101732015	-0.00017655785943945134
0.020982165397240727	-0.00017655773291917024
0.02178707622422691	-0.0001765576058039766
0.02259601160534814	-0.00017655747809128627
0.02340899166337483	-0.00017655734977850475
0.024226036621691812	-0.00017655722086291063
0.02504716680480027	-0.0001765570913419425
0.025872402638824326	-0.0001765569612128848
0.02670176465201842	-0.0001765568304730669
0.02753527347527842	-0.0001765566991198224
0.028372949842654864	-0.00017655656715045997
0.0292148145918682	-0.00017655643456230226
0.03006088866482743	-0.00017655630135256364
0.03091119310815165	-0.00017655616751856778
0.0317657490736924	-0.0001765560330576479
0.03262457781906081	-0.00017655589796701062
0.03348770070815601	-0.00017655576224386756
0.034355139211696875	-0.00017655562588554224
0.035226914907755424	-0.00017655548888924054
0.03610304948229413	-0.00017655535125213432
0.03698356472970569	-0.00017655521297144837
0.03786848255335419	-0.0001765550740444542
0.038757824966120964	-0.0001765549344682313
0.03965161409095162	-0.0001765547942400291
0.04054987216140643	-0.00017655465335699022
0.04145262152221345	-0.0001765545118163677
0.04235988462982453	-0.00017655436961516832
0.04327168405297366	-0.00017655422675059363
0.0441880424732386	-0.00017655408321978392
0.04510898268560485	-0.00017655393901988336
0.046034527599032954	-0.0001765537941479072
0.04696470023702812	-0.00017655364860108327
0.04789952373821329	-0.00017655350237637398
0.048839021356904266	-0.0001765533554709784
0.04978321646368884	-0.00017655320788188887
0.05073213254600732	-0.00017655305960616807
0.05168579320873729	-0.00017655291064085766
0.052644222174780875	-0.00017655276098301815
0.05360744328565471	-0.00017655261062969813
0.054575480502083065	-0.00017655245957784828
0.05554835790459365	-0.00017655230782455777
0.05652609969411678	-0.00017655215536677024
0.05750873019258755	-0.000176552002201479
0.05849627384355038	-0.0001765518483256912
0.05948875521276831	-0.00017655169373633059
0.060486198988831924	-0.0001765515384303242
0.061488629983776036	-0.00017655138240468477
0.062496073133695054	-0.00017655122565634864
0.06350855349936363	-0.0001765510681821784
0.06452609626686023	-0.00017655090997920777
0.06554872674819473	-0.00017655075104419082
0.0665764703819355	-0.00017655059137409507
0.06760935273384511	-0.0001765504309658033
0.06864739949751451	-0.00017655026981619815
0.06969063649500218	-0.00017655010792211914
0.07073908967747725	-0.00017654994528045162
0.07179278512586448	-0.0001765497818880092
0.07285174905149387	-0.00017654961774162483
0.07391600779675113	-0.00017654945283807942
0.07498558783573481	-0.00017654928717433782
0.07606051577491364	-0.0001765491207470441
0.07714081835378801	-0.00017654895355299923
0.0782265224455569	-0.0001765487855890527
0.07931765505778446	-0.0001765486168519882
0.08041424333307354	-0.00017654844733850798
0.08151631454973869	-0.00017654827704531844
0.08262389612248718	-0.00017654810596931078
0.08373701560309972	-0.0001765479341070345
0.08485570068111534	-0.00017654776145531491
0.08597997918452092	-0.00017654758801091623
0.08710987908044335	-0.00017654741377038733
0.08824542847584554	-0.00017654723873051405
0.08938665561822474	-0.0001765470628880129
0.0905335888963159	-0.00017654688623941158
0.09168625684079766	-0.00017654670878149758
0.09284468812500156	-0.00017654653051088224
0.09400891156562662	-0.0001765463514241497
0.09517895612345495	-0.00017654617151799447
0.09635485090407213	-0.00017654599078903188
0.09753662515859228	-0.00017654580923383284
0.09872430828438533	-0.0001765456268489995
0.09991792982580742	-0.0001765454436311246
0.10111751947493633	-0.00017654525957677553
0.10232310707231096	-0.00017654507468257803
0.10353472260767245	-0.00017654488894498408
0.1047523962207106	-0.00017654470236063246
0.1059761582018141	-0.00017654451492598723
0.10720603899282295	-0.00017654432663767106
0.10844206918778705	-0.00017654413749216576
0.10968427953372589	-0.0001765439474858829
0.11093270093139453	-0.0001765437566154454
0.11218736443605157	-0.0001765435648772844
0.11344830125823162	-0.0001765433722678533
0.11471554276452282	-0.00017654317878369207
0.11598912047834534	-0.00017654298442115824
0.11726906608073716	-0.00017654278917675473
0.11855541141114084	-0.0001765425930469886
0.11984818846819666	-0.0001765423960281226
0.12114742941053756	-0.0001765421981167439
0.12245316655759021	-0.00017654199930912737
0.12376543239037813	-0.0001765417996017535
0.12508425955233007	-0.00017654159899095306
0.12640968085009188	-0.00017654139747321008
0.12774172925434224	-0.0001765411950447726
0.12908043790061416	-0.00017654099170205656
0.13042584009011704	-0.0001765407874414256
0.13177796929056776	-0.00017654058225918286
0.1331368591370207	-0.00017654037615170843
0.13450254343270562	-0.00017654016911526304
0.13587505614986897	-0.0001765399611461787
0.1372544314306183	-0.00017653975224078656
0.13864070358777136	-0.00017653954239531017
0.14003390710571012	-0.0001765393316061313
0.14143407664123844	-0.00017653911986944998
0.14284124702444484	-0.0001765389071815726
0.14425545325956707	-0.00017653869353873882
0.1456767305258648	-0.00017653847893714822
0.14710511417849395	-0.00017653826337310258
0.14854063974938644	-0.00017653804684282794
0.14998334294813345	-0.00017653782934251555
0.1514332596628742	-0.00017653761086832114
0.15289042596118857	-0.00017653739141653736
0.15435487809099444	-0.00017653717098329596
0.15582665248144925	-0.00017653694956484058
0.15730578574385642	-0.00017653672715725737
0.1587923146725756	-0.00017653650375676032
0.1602862762459386	-0.00017653627935943793
0.1617877076271685	-0.00017653605396156423
0.16329664616530448	-0.00017653582755911291
0.16481312939613094	-0.00017653560014833946
0.16633719504311156	-0.00017653537172530352
0.16786888101832692	-0.00017653514228605608
0.16940822542341866	-0.00017653491182677609
0.17095526655053575	-0.0001765346803435878
0.17251004288328856	-0.00017653444783251318
0.1740725930977048	-0.00017653421428949059
0.1756429560631934	-0.00017653397971080466
0.17722117084350925	-0.00017653374409233548
0.17880727669772659	-0.00017653350743024624
0.18040131308121543	-0.00017653326972049468
0.18200331964662148	-0.00017653303095915512
0.18361333624485465	-0.0001765327911422326
0.18523140292607912	-0.00017653255026568422
0.18685755994070938	-0.00017653230832543685
0.18849184774041308	-0.0001765320653176434
0.19013430697911532	-0.00017653182123816922
0.19178497851401088	-0.0001765315760830369
0.19344390340658082	-0.0001765313298481796
0.19511112292361377	-0.00017653108252955324
0.1967866785382319	-0.00017653083412305626
0.19847061193092289	-0.00017653058462469408
0.2001629649905775	-0.00017653033403024164
0.20186377981553055	-0.0001765300823357408
0.20357309871460819	-0.00017652982953702127
0.2052909642081813	-0.00017652957563005255
0.207017419029222	-0.00017652932061054907
0.20875250612436788	-0.0001765290644745701
0.21049626865498966	-0.0001765288072178436
0.21224874999826462	-0.0001765285488362638
0.21400999374825602	-0.000176528289325635
0.2157800437169973	-0.0001765280286818319
0.21755894393558234	-0.00017652776690057977
0.21934673865526005	-0.00017652750397779328
0.2211434723485364	-0.00017652723990911872
0.22294918971027902	-0.0001765269746904654
0.22476393565883038	-0.000176526708317557
0.22658775533712455	-0.00017652644078617542
0.22842069411381005	-0.00017652617209194707
0.23026279758437915	-0.00017652590223074337
0.23211411157230094	-0.00017652563119822535
0.23397468213016254	-0.00017652535899006749
0.23584455554081346	-0.00017652508560200625
0.23772377831851751	-0.00017652481102976882
0.23961239721011024	-0.00017652453526893766
0.24151045919616082	-0.00017652425831513917
0.24341801149214168	-0.00017652398016404177
0.24533510154960245	-0.00017652370081131435
0.24726177705735047	-0.00017652342025253618
0.2491980859426373	-0.00017652313848332937
0.25114407637235053	-0.00017652285549918362
0.2530997967542124	-0.00017652257129574373
0.2550652957379834	-0.0001765222858685137
0.2570406222166734	-0.00017652199921304432
0.25902582532775686	-0.00017652171132475004
0.26102095445439577	-0.00017652142219928566
0.2630260592266676	-0.00017652113183196753
0.26504118952280104	-0.0001765208402183751
0.26706639547041516	-0.00017652054735385408
0.26910172744776706	-0.00017652025323383803
0.27114723608500574	-0.00017651995785368415
0.2732029722654309	-0.0001765196612088201
0.2752689871267581	-0.00017651936329462988
0.2773453320623917	-0.0001765190641063391
0.2794320587227036	-0.00017651876363926472
0.281529219016317	-0.00017651846188867983
0.2836368651113984	-0.00017651815884991753
0.28575504943695557	-0.0001765178545181617
0.28788382468414025	-0.00017651754888855874
0.2900232438075611	-0.00017651724195631255
0.29217336002659877	-0.00017651693371648734
0.29433422682673194	-0.0001765166241643273
0.29650589796086546	-0.00017651631329478553
0.29868842745066976	-0.00017651600110307316
0.30088186958792296	-0.00017651568758394947
0.30308627893586265	-0.0001765153727326343
0.305301710330542	-0.0001765150565439079
0.3075282188821948	-0.00017651473901271998
0.30976585997660583	-0.00017651442013396116
0.31201468927648873	-0.00017651409990240892
0.31427476272287097	-0.00017651377831283253
0.3165461365364855	-0.0001765134553600318
0.318828867219168	-0.00017651313103871498
0.3211230115552639	-0.0001765128053434714
0.32342862661304006	-0.0001765124782688266
0.3257457697461053	-0.00017651214980951853
0.32807449859483556	-0.0001765118199598119
0.33041487108780954	-0.00017651148871431773
0.3327669454432486	-0.000176511156067428
0.33513078017046477	-0.00017651082201332446
0.33750643407131686	-0.00017651048654636716
0.33989396624167323	-0.00017651014966083212
0.3422934360728816	-0.00017650981135073197
0.34470490325324576	-0.00017650947161018871
0.3471284277695118	-0.0001765091304332607
0.34956406990835936	-0.00017650878781369842
0.3520118902579012	-0.00017650844374564323
0.3544719497091907	-0.00017650809822252595
0.35694430945773664	-0.0001765077512382926
0.3594290310050252	-0.00017650740278649533
0.36192617616005013	-0.00017650705286060327
0.3644358070408504	-0.00017650670145406722
0.36695798607605457	-0.00017650634856030992
0.36949277600643504	-0.00017650599417243015
0.37204023988646695	-0.00017650563828364857
0.374600441085899	-0.00017650528088695617
0.3771734432913285	-0.0001765049219753785
0.379759310507785	-0.0001765045615415576
0.3823581070603237	-0.00017650419957826498
0.3849698975956254	-0.00017650383607813685
0.3875947470836033	-0.00017650347103346752
0.39023272081902133	-0.00017650310443673107
0.3928838844231162	-0.00017650273628004544
0.39554830384523165	-0.00017650236655532116
0.3982260453644579	-0.00017650199525456943
0.4009171755912802	-0.00017650162236952928
0.4036217614692367	-0.00017650124789160077
0.4063398702765827	-0.00017650087181240954
0.40907156962796565	-0.00017650049412311095
0.41181692747610543	-0.00017650011481479892
0.41457601211348605	-0.00017649973387822953
0.4173488921740533	-0.00017649935130417186
0.4201356366349237	-0.00017649896708311628
0.42293631481809807	-0.00017649858120536533
0.4257509963921885	-0.00017649819366088665
0.42857975137414944	-0.00017649780443961856
0.4314226501310203	-0.00017649741353117836
0.43427976338167545	-0.0001764970209248684
0.43715116219858396	-0.00017649662660997864
0.440036918009577	-0.0001764962305751877
0.44293710259962477	-0.0001764958328092628
0.4458517881126228	-0.00017649543330049397
0.4487810470531859	-0.00017649503203673932
0.45172495228845155	-0.00017649462900605378
0.45468357704989376	-0.00017649422419574356
0.45765699493514306	-0.0001764938175929122
0.46064527990981863	-0.0001764934091844294
0.4636485063093676	-0.0001764929989566702
0.4666667488409145	-0.00017649258689576941
0.4697000825851191	-0.0001764921729874067
0.4727485829980444	-0.0001764917572168913
0.4758123259130346	-0.0001764913395693232
0.47889138754259974	-0.00017649092002903406
0.4819858444803126	-0.00017649049858014019
0.4850957737027142	-0.00017649007520630886
0.48822125257122767	-0.00017648964989088118
0.49136235883408375	-0.00017648922261630237
0.49451917062825407	-0.00017648879336496417
0.49769176648139524	-0.0001764883621184644
0.5008802253138022	-0.00017648792885793658
0.5040846264403713	-0.0001764874935640643
0.5073050495725733	-0.00017648705621673607
0.510541574820436	-0.00017648661679542501
0.5137942826945383	-0.0001764861752788506
0.5170632541080108	-0.0001764857316452012
0.520348570378551	-0.00017648528587189665
0.5236503132304436	-0.00017648483793571336
0.5269685647965956	-0.00017648438781265146
0.5303034076205784	-0.00017648393547803045
0.5336549246586811	-0.00017648348090616354
0.5370231992819746	-0.00017648302407086356
0.5404083152783844	-0.0001764825649448434
0.5438103568547764	-0.00017648210350011684
0.5472294086390501	-0.0001764816397076795
0.5506655556822453	-0.00017648117353747528
0.5541188834606565	-0.000176480704958778
0.5575894778779599	-0.00017648023393935087
0.5610774252673494	-0.0001764797604462033
0.564582812393686	-0.00017647928444520434
0.5681057264556543	-0.00017647880590090714
0.5716462550879327	-0.00017647832477695724
0.5752044863633723	-0.00017647784103529016
0.578780508795189	-0.00017647735463693868
0.5823744113391649	-0.00017647686554125792
0.5859862833958606	-0.00017647637370644912
0.5896162148128399	-0.00017647587908907345
0.5932642958869042	-0.00017647538164396932
0.5969306173663387	-0.00017647488132468208
0.6006152704531702	-0.0001764743780829575
0.6043183468054361	-0.0001764738718685854
0.6080399385394633	-0.00017647336262978993
0.6117801382321605	-0.00017647285031279888
0.615539038923321	-0.00017647233486172597
0.6193167341179376	-0.00017647181621878493
0.6231133177885273	-0.00017647129432397048
0.6269288843774701	-0.00017647076911486817
0.6307635287993573	-0.00017647024052660316
0.6346173464433539	-0.00017646970849221935
0.6384904331755705	-0.0001764691729417051
0.6423828853414483	-0.00017646863380272018
0.6462947997681555	-0.00017646809099977536
0.6502262737669962	-0.0001764675444545335
0.6541774051358311	-0.00017646699408570778
0.6581482921615099	-0.00017646643980831904
0.6621390336223173	-0.0001764658815343921
0.6661497287904288	-0.00017646531917223077
0.6701804774343807	-0.00017646475262607025
0.6742313798215525	-0.00017646418179695776
0.6783025367206603	-0.00017646360658101992
0.6823940494042636	-0.00017646302687043526
0.6865060196512851	-0.00017646244255267745
0.6906385497495416	-0.00017646185351080036
0.6947917424982893	-0.00017646125962227685
0.6989657012107808	-0.00017646066075980424
0.7031605297168348	-0.00017646005679012818
0.7073763323654189	-0.00017645944757440978
0.7116132140272461	-0.0001764588329676333
0.715871280097382	-0.00017645821281813765
0.7201506364978687	-0.00017645758696764493
0.7244513896803577	-0.00017645695525064596
0.7287736466287593	-0.0001764563174936959
0.733117514861903	-0.00017645567351585523
0.7374831024362126	-0.0001764550231275291
0.7418705179483935	-0.0001764543661301609
0.7462798705381356	-0.0001764537023157732
0.7507112698908263	-0.00017645303146635272
0.7551648262402804	-0.00017645235335351174
0.759640650371482	-0.00017645166773741215
0.7641388536233394	-0.00017645097436665613
0.7686595478914561	-0.00017645027297709935
0.7732028456309133	-0.0001764495632913905
0.7777688598590677	-0.00017644884501799883
0.7823577041583629	-0.0001764481178503695
0.7869694926791548	-0.00017644738146603106
0.7916043401425507	-0.00017644663552564797
0.7962623618432633	-0.0001764458796714722
0.8009436736524796	-0.0001764451135270189
0.805648392020742	-0.0001764443366947478
0.8103766339808457	-0.00017644354875549385
0.81512851715075	-0.0001764427492667473
0.8199041597365035	-0.000176441937760917
0.8247036805351862	-0.0001764411137435384
0.8295271989378621	-0.0001764402766915494
0.8343748349325514	-0.00017643942605125176
0.8392467091072142	-0.00017643856123566036
0.8441429426527504	-0.00017643768162263967
0.849063657366014	-0.00017643678655170444
0.8540089756528442	-0.00017643587532104095
0.8589790205311084	-0.00017643494718474578
0.863973915633764	-0.00017643400134887565
0.8689739156337638	-0.00017643303913440596
0.8739739156337636	-0.0001764320620294751
0.8789739156337634	-0.00017643106976502108
0.8839739156337632	-0.00017643006160258037
0.8889739156337629	-0.0001764290367600205
0.8939739156337627	-0.0001764279944082385
0.8989739156337626	-0.00017642693366827966
0.9039739156337624	-0.00017642585360656425
0.9089739156337622	-0.0001764247532302817
0.913973915633762	-0.0001764236314827034
0.9189739156337617	-0.00017642248723640433
0.9239739156337615	-0.00017642131928760288
0.9289739156337613	-0.00017642012634760409
0.9339739156337611	-0.00017641890703612242
0.938973915633761	-0.0001764176598696919
0.9439739156337608	-0.00017641638325317815
0.9489739156337605	-0.0001764150754652052
0.9539739156337603	-0.00017641373464570288
0.9589739156337601	-0.00017641235877932068
0.9639739156337599	-0.00017641094567624727
0.9689739156337597	-0.00017640949295106182
0.9739739156337595	-0.00017640799799856165
0.9789739156337594	-0.00017640645796397427
0.9839739156337591	-0.00017640486970970905
0.9889739156337589	-0.0001764032297760666
0.9939739156337587	-0.00017640153433585488
0.9989739156337585	-0.00017639977913981692
1.0039739156337584	-0.00017639795945467344
1.008973915633758	-0.00017639606998755172
1.013973915633758	-0.00017639410479937962
1.0189739156337576	-0.00017639205720104584
1.0239739156337575	-0.00017638991962945304
1.0289739156337572	-0.00017638768350433643
1.033973915633757	-0.0001763853390537538
1.038973915633757	-0.00017638287510948392
1.0439739156337566	-0.00017638027886152923
1.0489739156337565	-0.000176377535567195
1.0539739156337562	-0.0001763746282021727
1.058973915633756	-0.00017637153704413376
1.0639739156337558	-0.00017636823917530555
1.0689739156337557	-0.00017636470788484504
1.0739739156337553	-0.00017636091195573578
1.0789739156337552	-0.00017635681480651245
1.0839739156337551	-0.00017635237346330093
1.0889739156337548	-0.00017634753732389242
1.0939739156337547	-0.0001763422466740481
1.0989739156337544	-0.00017633643090289187
1.1039739156337542	-0.00017633000635613062
1.108973915633754	-0.0001763228737532103
1.1139739156337538	-0.0001763149150777402
1.1189739156337537	-0.00017630598983431396
1.1239739156337534	-0.0001762959305354419
1.1289739156337533	-0.00017628453726978
1.133973915633753	-0.00017627157115055752
1.1389739156337528	-0.00017625674642175274
1.1439739156337525	-0.00017623972094133164
1.1489739156337524	-0.00017622008470584872
1.153973915633752	-0.00017619734601582624
1.158973915633752	-0.00017617091479506047
1.1639739156337519	-0.0001761400824753232
1.1689739156337515	-0.00017610399774736099
1.1739739156337514	-0.00017606163732407875
1.178973915633751	-0.00017601177069750484
1.183973915633751	-0.0001759529176610856
1.1889739156337507	-0.00017588329712040185
1.1939739156337505	-0.0001758007654149597
1.1989739156337504	-0.00017570274201575596
1.2039739156337501	-0.00017558612003210024
1.20897391563375	-0.00017544715843410732
1.2139739156337497	-0.0001752813522748039
1.2189739156337496	-0.00017508327642412188
1.2239739156337492	-0.00017484639741251632
1.2289739156337491	-0.0001745628468442069
1.2339739156337488	-0.00017422314847353584
1.2389739156337487	-0.00017381588935960356
1.2439739156337486	-0.00017332732346000672
1.2489739156337483	-0.00017274089351478438
1.2539739156337482	-0.0001720366540288799
1.2589739156337478	-0.00017119057442730538
1.2639739156337477	-0.00017017369699112662
1.2689739156337474	-0.00016895111876557856
1.2739739156337473	-0.00016748076019583178
1.2789739156337472	-0.0001657118755612698
1.2839739156337469	-0.0001635832511937678
1.2889739156337467	-0.00016102102672313552
1.2939739156337464	-0.00015793606191893546
1.2989739156337463	-0.00015422075676678278
1.303973915633746	-0.00014974521487504238
1.3089739156337459	-0.00014435261976314628
1.3139739156337455	-0.00013785366972226827
1.3189739156337454	-0.0001300198895165341
1.3239739156337453	-0.00012057560613685855
1.328973915633745	-0.00010918834138988258
1.333973915633745	-9.545733696006268e-5
1.3389739156337446	-7.889988908603607e-5
1.3439739156337445	-5.893513243725112e-5
1.3489739156337441	-3.486487987814816e-5
1.353973915633744	-5.85110213855157e-6
1.358973915633744	2.911037284688098e-5
1.3639739156337436	7.122033549141937e-5
1.3689739156337435	0.00012191116835956624
1.3739739156337432	0.00018288650440560197
1.378973915633743	0.00025616552735546744
1.3839739156337427	0.00034413152245053505
1.3879804367253072	0.00042725595067824134
1.3919869578168715	0.0005230984519704717
1.395993478908436	0.0006336802512597055
1.4	0.0007610974620538476
