0.0006999999999999628	-0.00017542794188437223
0.001403500000000035	-0.00017541699144570287
0.0021105174999999296	-0.00017541606089487114
0.0028210700874998964	-0.00017541525837059776
0.003535175437937438	-0.00017541445293799796
0.004252851315127062	-0.00017541364279215611
0.004974115571702636	-0.00017541282787638074
0.005698986149561044	-0.00017541200815804716
0.006427481080308875	-0.00017541118360454188
0.007159618485710418	-0.00017541035418309193
0.007895416578138905	-0.0001754095198606274
0.008634893661029494	-0.00017540868060372502
0.00937806812933463	-0.00017540783637879127
0.010124958469981361	-0.00017540698715184168
0.010875583262331262	-0.00017540613288873422
0.01162996117864295	-0.00017540527355497086
0.012388110984536127	-0.0001754044091157161
0.013150051539458866	-0.00017540353953586927
0.013915801797156208	-0.0001754026647801995
0.014685380806142003	-0.00017540178481289118
0.015458807710172712	-0.00017540089959802474
0.01623610174872358	-0.00017540000909927768
0.017017282257467212	-0.00017539911328013922
0.017802368668754516	-0.00017539821210363807
0.01859138051209827	-0.00017539730553261414
0.019384337414658823	-0.00017539639352943083
0.020181259101732015	-0.00017539547605633415
0.020982165397240727	-0.00017539455307508106
0.02178707622422691	-0.00017539362454724506
0.02259601160534814	-0.00017539269043383862
0.02340899166337483	-0.0001753917506958246
0.024226036621691812	-0.0001753908052935126
0.02504716680480027	-0.00017538985418719453
0.025872402638824326	-0.00017538889733655663
0.02670176465201842	-0.00017538793470114818
0.02753527347527842	-0.00017538696623989932
0.028372949842654864	-0.0001753859919116031
0.0292148145918682	-0.00017538501167461542
0.03006088866482743	-0.00017538402548689756
0.03091119310815165	-0.00017538303330611778
0.0317657490736924	-0.00017538203508947134
0.03262457781906081	-0.00017538103079378894
0.03348770070815601	-0.0001753800203756613
0.034355139211696875	-0.00017537900379107547
0.035226914907755424	-0.0001753779809957943
0.03610304948229413	-0.00017537695194507123
0.03698356472970569	-0.00017537591659381617
0.03786848255335419	-0.00017537487489653763
0.038757824966120964	-0.00017537382680730157
0.03965161409095162	-0.00017537277227972986
0.04054987216140643	-0.00017537171126716969
0.04145262152221345	-0.00017537064372237428
0.04235988462982453	-0.00017536956959770728
0.04327168405297366	-0.00017536848884523186
0.0441880424732386	-0.00017536740141633933
0.04510898268560485	-0.00017536630726219503
0.046034527599032954	-0.00017536520633336855
0.04696470023702812	-0.00017536409858002181
0.04789952373821329	-0.00017536298395183774
0.048839021356904266	-0.00017536186239816928
0.04978321646368884	-0.00017536073386765713
0.05073213254600732	-0.00017535959830866657
0.05168579320873729	-0.00017535845566896168
0.052644222174780875	-0.00017535730589587944
0.05360744328565471	-0.00017535614893623646
0.054575480502083065	-0.00017535498473635947
0.055548357904593434	-0.00017535381324208741
0.056526099694116344	-0.00017535263439867022
0.0575087301925869	-0.0001753514481509778
0.05849627384354973	-0.00017535025444317742
0.05948875521276744	-0.0001753490532191116
0.06048619898883127	-0.0001753478444218409
0.061488629983775384	-0.00017534662799416643
0.06249607313369419	-0.00017534540387808366
0.06350855349936275	-0.0001753441720151318
0.06452609626685958	-0.00017534293234638634
0.06554872674819387	-0.00017534168481218645
0.06657647038193484	-0.00017534042935233983
0.06760935273384447	-0.00017533916590615226
0.06864739949751365	-0.0001753378944122129
0.0696906364950013	-0.00017533661480872927
0.07073908967747639	-0.00017533532703291893
0.07179278512586384	-0.0001753340310217537
0.07285174905149322	-0.00017533272671145102
0.0739160077967507	-0.0001753314140376113
0.07498558783573436	-0.00017533009293510627
0.07606051577491299	-0.00017532876333825191
0.07714081835378758	-0.00017532742518071293
0.07822652244555647	-0.0001753260783954764
0.07931765505778425	-0.00017532472291480715
0.0804142433330731	-0.00017532335867043096
0.08151631454973848	-0.00017532198559326007
0.08262389612248718	-0.00017532060361347344
0.0837370156030995	-0.00017531921266070155
0.0848557006811149	-0.0001753178126636922
0.0859799791845205	-0.00017531640355063715
0.08710987908044313	-0.00017531498524885758
0.08824542847584534	-0.00017531355768500933
0.08938665561822454	-0.0001753121207849485
0.09053358889631567	-0.00017531067447380322
0.09168625684079722	-0.00017530921867589137
0.09284468812500112	-0.00017530775331482454
0.09400891156562617	-0.00017530627831329447
0.0951789561234543	-0.0001753047935933709
0.09635485090407148	-0.0001753032990761319
0.09753662515859184	-0.00017530179468193974
0.0987243082843847	-0.0001753002803302373
0.09991792982580656	-0.00017529875593973732
0.10111751947493569	-0.00017529722142822535
0.10232310707231031	-0.00017529567671254045
0.1035347226076718	-0.0001752941217088091
0.10475239622071016	-0.00017529255633219254
0.10597615820181366	-0.00017529098049676845
0.10720603899282274	-0.00017528939411607137
0.10844206918778684	-0.00017528779710239604
0.10968427953372567	-0.0001752861893672149
0.1109327009313943	-0.00017528457082099442
0.11218736443605135	-0.00017528294137327688
0.11344830125823162	-0.00017528130093258867
0.11471554276452282	-0.0001752796494065385
0.11598912047834534	-0.00017527798670165424
0.11726906608073695	-0.00017527631272341794
0.11855541141114062	-0.00017527462737633535
0.11984818846819621	-0.00017527293056382516
0.12114742941053713	-0.00017527122218830861
0.12245316655758978	-0.0001752695021510045
0.1237654323903777	-0.00017526777035210462
0.12508425955232963	-0.00017526602669068887
0.12640968085009122	-0.00017526427106464762
0.1277417292543416	-0.00017526250337095018
0.1290804379006133	-0.00017526072350503792
0.13042584009011637	-0.00017525893136148896
0.1317779692905669	-0.00017525712683358265
0.13313685913701961	-0.00017525530981331248
0.13450254343270476	-0.00017525348019151743
0.13587505614986833	-0.0001752516378578236
0.13725443143061763	-0.00017524978270047427
0.13864070358777073	-0.00017524791460653098
0.14003390710570945	-0.00017524603346178586
0.14143407664123803	-0.00017524413915060078
0.1428412470244442	-0.0001752422315560173
0.1442554532595664	-0.0001752403105597674
0.14567673052586416	-0.00017523837604221958
0.1471051141784935	-0.00017523642788223144
0.14854063974938603	-0.0001752344659574236
0.149983342948133	-0.00017523249014366583
0.15143325966287374	-0.00017523050031568606
0.15289042596118813	-0.00017522849634659827
0.15435487809099402	-0.00017522647810793855
0.15582665248144906	-0.00017522444546985523
0.1573057857438562	-0.00017522239830077832
0.15879231467257537	-0.00017522033646768108
0.16028627624593816	-0.00017521825983587343
0.16178770762716785	-0.00017521616826908078
0.16329664616530362	-0.00017521406162929656
0.16481312939613008	-0.00017521193977692556
0.1663371950431107	-0.00017520980257066678
0.16786888101832628	-0.00017520764986735495
0.1694082254234178	-0.00017520548152226656
0.1709552665505349	-0.00017520329738868887
0.17251004288328747	-0.00017520109731821655
0.17407259309770393	-0.00017519888116061808
0.17564295606319252	-0.00017519664876373506
0.17722117084350858	-0.00017519439997348125
0.17880727669772617	-0.00017519213463393555
0.18040131308121476	-0.0001751898525871381
0.18200331964662084	-0.00017518755367313128
0.18361333624485401	-0.0001751852377299249
0.18523140292607826	-0.00017518290459357977
0.18685755994070874	-0.00017518055409793858
0.1884918477404122	-0.00017517818607470115
0.19013430697911424	-0.00017517580035358578
0.1917849785140098	-0.00017517339676187925
0.19344390340657974	-0.0001751709751248362
0.19511112292361268	-0.00017516853526522026
0.1967866785382308	-0.00017516607700381826
0.19847061193092203	-0.00017516360015874103
0.20016296499057665	-0.0001751611045458468
0.20186377981552947	-0.00017515858997863752
0.2035730987146071	-0.0001751560562680591
0.20529096420818022	-0.00017515350322251134
0.20701741902922113	-0.00017515093064802094
0.20875250612436722	-0.0001751483383478037
0.210496268654989	-0.00017514572612258063
0.21224874999826396	-0.00017514309377043673
0.21400999374825516	-0.00017514044108653216
0.21578004371699644	-0.00017513776786346323
0.21755894393558148	-0.00017513507389081465
0.2193467386552594	-0.00017513235895551013
0.22114347234853576	-0.00017512962284136905
0.22294918971027836	-0.00017512686532927452
0.2247639356588297	-0.00017512408619725593
0.2265877553371239	-0.00017512128521998875
0.2284206941138094	-0.0001751184621692057
0.23026279758437848	-0.00017511561681344458
0.23211411157230027	-0.00017511274891789225
0.23397468213016168	-0.00017510985824451664
0.23584455554081238	-0.00017510694455198975
0.23772377831851643	-0.00017510400759546474
0.23961239721010893	-0.00017510104712651706
0.24151045919615952	-0.00017509806289343836
0.24341801149214037	-0.0001750950546406426
0.24533510154960114	-0.00017509202210903225
0.24726177705734917	-0.00017508896503580293
0.24919808594263598	-0.00017508588315408898
0.2511440763723492	-0.0001750827761934812
0.2530997967542111	-0.00017507964387940042
0.25506529573798215	-0.0001750764859331187
0.2570406222166721	-0.00017507330207221648
0.25902582532775553	-0.00017507009200972838
0.2610209544543945	-0.00017506685545448872
0.2630260592266663	-0.00017506359211117182
0.2650411895227997	-0.00017506030167988468
0.26706639547041383	-0.00017505698385618412
0.2691017274477658	-0.0001750536383311673
0.2711472360850044	-0.00017505026479124562
0.27320297226542956	-0.00017504686291781863
0.2752689871267568	-0.00017504343238778806
0.2773453320623904	-0.00017503997287287917
0.27943205872270227	-0.00017503648403970073
0.2815292190163157	-0.00017503296554997292
0.28363686511139713	-0.00017502941705977297
0.2857550494369543	-0.00017502583822031186
0.287883824684139	-0.00017502222867684235
0.2900232438075598	-0.0001750185880693653
0.29217336002659744	-0.00017501491603214616
0.2943342268267306	-0.0001750112121935014
0.2965058979608642	-0.00017500747617604643
0.2986884274506685	-0.0001750037075961464
0.3008818695879217	-0.00017499990606407737
0.3030862789358613	-0.0001749960711841172
0.3053017103305407	-0.00017499220255358624
0.30752821888219345	-0.00017498829976359337
0.3097658599766045	-0.00017498436239869983
0.31201468927648746	-0.00017498039003637888
0.3142747627228697	-0.000174976382247164
0.31654613653648417	-0.00017497233859460143
0.31882886721916665	-0.00017496825863489438
0.32112301155526257	-0.00017496414191697662
0.3234286266130387	-0.00017495998798198128
0.325745769746104	-0.00017495579636349508
0.3280744985948343	-0.0001749515665871513
0.33041487108780826	-0.00017494729817047041
0.3327669454432473	-0.00017494299062282762
0.3351307801704635	-0.00017493864344506028
0.3375064340713156	-0.00017493425612959292
0.33989396624167195	-0.00017492982815986452
0.3422934360728803	-0.00017492535901044616
0.3447049032532445	-0.00017492084814661488
0.34712842776951053	-0.00017491629502438684
0.3495640699083581	-0.00017491169909015543
0.3520118902578999	-0.00017490705978043337
0.35447194970918944	-0.00017490237652186918
0.35694430945773536	-0.00017489764873053026
0.35942903100502394	-0.00017489287581237155
0.36192617616004885	-0.000174888057162327
0.36443580704084905	-0.0001748831921645163
0.3669579860760533	-0.0001748782801918088
0.3694927760064337	-0.00017487332060551192
0.3720402398864656	-0.00017486831275536008
0.37460044108589774	-0.00017486325597877605
0.37717344329132724	-0.00017485814960106877
0.37975931050778367	-0.00017485299293485158
0.38235810706032236	-0.00017484778528003444
0.3849698975956241	-0.00017484252592299087
0.38759474708360203	-0.00017483721413680476
0.39023272081902005	-0.00017483184918067694
0.39288388442311495	-0.00017482643029955957
0.3955483038452304	-0.00017482095672393622
0.39822604536445655	-0.0001748154276693863
0.40091717559127893	-0.0001748098423362133
0.4036217614692354	-0.0001748041999092178
0.4063398702765814	-0.00017479849955692227
0.40907156962796437	-0.00017479274043179073
0.4118169274761041	-0.0001747869216692447
0.41457601211348477	-0.0001747810423874803
0.41734889217405197	-0.0001747751016871503
0.42013563663492237	-0.00017476909865051738
0.4229363148180968	-0.00017476303234155042
0.4257509963921872	-0.0001747569018049768
0.4285797513741481	-0.000174750706066069
0.431422650131019	-0.0001747444441299992
0.4342797633816742	-0.00017473811498125717
0.4371511621985827	-0.00017473171758338157
0.4400369180095757	-0.00017472525087804938
0.4429371025996235	-0.00017471871378482365
0.44585178811262155	-0.00017471210520044744
0.44878104705318456	-0.00017470542399800025
0.4517249522884503	-0.000174698669026717
0.4546835770498925	-0.0001746918391109141
0.4576569949351417	-0.00017468493304952781
0.4606452799098173	-0.00017467794961543518
0.46364850630936627	-0.0001746708875547453
0.46666674884091325	-0.00017466374558581605
0.46970008258511775	-0.000174656522398815
0.4727485829980431	-0.00017464921665466724
0.47581232591303324	-0.00017464182698445104
0.47889138754259847	-0.000174634351988423
0.4819858444803113	-0.0001746267902350503
0.48509577370271284	-0.0001746191402603175
0.48822125257122634	-0.00017461140056679168
0.4913623588340824	-0.00017460356962223478
0.49451917062825274	-0.0001745956458592017
0.49769176648139396	-0.00017458762767341409
0.5008802253138008	-0.00017457951342325973
0.50408462644037	-0.00017457130142823675
0.5073050495725719	-0.00017456298996776162
0.5105415748204347	-0.00017455457728031152
0.513794282694537	-0.00017454606156201775
0.5170632541080095	-0.00017453744096530916
0.5203485703785496	-0.00017452871359751346
0.5236503132304423	-0.0001745198775195128
0.5269685647965943	-0.0001745109307445614
0.530303407620577	-0.00017450187123634205
0.5336549246586798	-0.00017449269690750612
0.5370231992819733	-0.00017448340561857767
0.5404083152783831	-0.0001744739951754052
0.5438103568547752	-0.0001744644633278794
0.5472294086390488	-0.00017445480776808747
0.5506655556822441	-0.00017444502612862237
0.5541188834606553	-0.00017443511597989766
0.5575894778779587	-0.0001744250748287454
0.5610774252673482	-0.00017441490011618855
0.5645828123936848	-0.00017440458921467373
0.5681057264556529	-0.00017439413942647403
0.5716462550879313	-0.00017438354798058963
0.575204486363371	-0.00017437281203062653
0.5787805087951877	-0.00017436192865185764
0.5823744113391636	-0.00017435089483853417
0.5859862833958592	-0.00017433970750125327
0.5896162148128385	-0.00017432836346323685
0.5932642958869029	-0.0001743168594577844
0.5969306173663373	-0.00017430519212469455
0.6006152704531689	-0.0001742933580067079
0.6043183468054348	-0.0001742813535456969
0.6080399385394619	-0.0001742691750789555
0.6117801382321592	-0.00017425681883560739
0.6155390389233196	-0.00017424428093135402
0.6193167341179363	-0.00017423155736465078
0.623113317788526	-0.00017421864401185564
0.6269288843774687	-0.000174205536622038
0.6307635287993559	-0.000174192230812078
0.6346173464433525	-0.00017417872206032495
0.6384904331755692	-0.0001741650057019179
0.642382885341447	-0.00017415107692126243
0.6462947997681542	-0.0001741369307461139
0.6502262737669948	-0.00017412256204003395
0.6541774051358298	-0.00017410796549550324
0.6581482921615086	-0.00017409313562545775
0.6621390336223161	-0.0001740780667547198
0.6661497287904276	-0.00017406275301086834
0.6701804774343794	-0.00017404718831482013
0.6742313798215511	-0.00017403136636978347
0.678302536720659	-0.00017401528065001933
0.6823940494042624	-0.0001739989243890291
0.6865060196512838	-0.00017398229056663734
0.6906385497495403	-0.00017396537189328187
0.694791742498288	-0.000173948160796803
0.6989657012107795	-0.0001739306494043041
0.7031605297168335	-0.0001739128295242169
0.7073763323654175	-0.0001738946926270292
0.7116132140272448	-0.00017387622982302064
0.7158712800973807	-0.00017385743183966637
0.7201506364978674	-0.0001738382889945237
0.7244513896803564	-0.00017381879116749646
0.728773646628758	-0.00017379892776973736
0.7331175148619017	-0.00017377868770842444
0.7374831024362114	-0.0001737580593491994
0.7418705179483922	-0.00017373703047381166
0.7462798705381343	-0.00017371558823241236
0.750711269890825	-0.00017369371909281724
0.7551648262402791	-0.0001736714087804908
0.7596406503714807	-0.00017364864221532572
0.7641388536233382	-0.00017362540343805882
0.7686595478914547	-0.0001736016755284305
0.773202845630912	-0.00017357744051462714
0.7777688598590664	-0.0001735526792696522
0.7823577041583616	-0.00017352737139548984
0.7869694926791535	-0.00017350149509198374
0.7916043401425493	-0.0001734750270085234
0.796262361843262	-0.00017344794207624207
0.8009436736524783	-0.0001734202133176732
0.8056483920207407	-0.00017339181162986302
0.8103766339808444	-0.00017336270553849228
0.8151285171507487	-0.00017333286091648838
0.8199041597365022	-0.00017330224066492342
0.8247036805351848	-0.00017327080434632002
0.8295271989378608	-0.000173238507767464
0.8343748349325502	-0.00017320530250015384
0.8392467091072129	-0.00017317113533330122
0.844142942652749	-0.00017313594764497854
0.8490636573660127	-0.00017309967468061058
0.8540089756528428	-0.00017306224472616113
0.8589790205311072	-0.0001730235781558139
0.8639739156337627	-0.00017298358633926293
0.8689739156337625	-0.00017294233517732205
0.8739739156337623	-0.00017289977671730258
0.878973915633762	-0.00017285581198521965
0.8839739156337618	-0.00017281033034930693
0.8889739156337617	-0.00017276320854679687
0.8939739156337615	-0.00017271430910798048
0.8989739156337613	-0.00017266347858210118
0.9039739156337611	-0.0001726105455415229
0.9089739156337608	-0.0001725553183342781
0.9139739156337606	-0.00017249758255602704
0.9189739156337604	-0.000172437098200536
0.9239739156337602	-0.0001723735964512084
0.9289739156337601	-0.00017230677606124524
0.9339739156337599	-0.0001722362992716082
0.9389739156337596	-0.00017216178719910337
0.9439739156337594	-0.00017208281462435763
0.9489739156337592	-0.00017199890409513218
0.953973915633759	-0.0001719095192466637
0.9589739156337588	-0.0001718140572284994
0.9639739156337586	-0.00017171184010866954
0.9689739156337585	-0.00017160210510571252
0.9739739156337582	-0.0001714839934764402
0.978973915633758	-0.00017135653786336428
0.9839739156337578	-0.00017121864786947546
0.9889739156337576	-0.00017106909359546386
0.9939739156337574	-0.00017090648683570954
0.9989739156337571	-0.00017072925957395722
1.003973915633757	-0.00017053563937125598
1.0089739156337567	-0.00017032362116442093
1.0139739156337566	-0.00017009093492717487
1.0189739156337563	-0.00016983500854758887
1.0239739156337562	-0.0001695529251763693
1.028973915633756	-0.00016924137417846958
1.0339739156337557	-0.0001688965946777959
1.0389739156337556	-0.00016851431051840762
1.0439739156337553	-0.0001680896552726416
1.0489739156337552	-0.00016761708570179357
1.0539739156337549	-0.0001670902818047793
1.0589739156337548	-0.00016650203128892584
1.0639739156337544	-0.00016584409592969204
1.0689739156337543	-0.00016510705687036218
1.0739739156337542	-0.0001642801354198621
1.0789739156337539	-0.00016335098533644965
1.0839739156337538	-0.00016230545192580135
1.0889739156337535	-0.00016112729250867294
1.0939739156337533	-0.0001597978519240373
1.098973915633753	-0.00015829568571201836
1.103973915633753	-0.00015659612242616773
1.1089739156337528	-0.00015467075518160346
1.1139739156337525	-0.0001524868509884987
1.1189739156337524	-0.00015000666466554108
1.123973915633752	-0.00014718664213953149
1.128973915633752	-0.0001439764957235178
1.1339739156337516	-0.0001403181314884096
1.1389739156337515	-0.00013614440614671426
1.1439739156337512	-0.0001313776879296853
1.148973915633751	-0.00012592819282339457
1.153973915633751	-0.00011969206429043697
1.1589739156337506	-0.00011254916131024578
1.1639739156337505	-0.00010436051639389024
1.1689739156337502	-9.496542228805826e-5
1.17397391563375	-8.417810365720666e-5
1.1789739156337498	-7.178392832276794e-5
1.1839739156337497	-5.7535112029330295e-5
1.1889739156337495	-4.1145871473537655e-5
1.1939739156337492	-2.2286982857560563e-5
1.197980436725312	-5.1377424109105285e-6
1.2019869578168745	1.4058302910727424e-5
1.2059934789084372	3.5548996966339846e-5
1.21	5.960876494631883e-5
