0.0006999999999999628	1.821264128477579e-11
0.001403500000000035	1.8252827312760872e-11
0.0021105174999999296	1.8293316621839256e-11
0.0028210700874998964	1.8334108157826768e-11
0.003535175437937438	1.8375204657381293e-11
0.004252851315127062	1.841660894010152e-11
0.004974115571702636	1.8458323858547112e-11
0.005698986149561044	1.850035229798763e-11
0.006427481080308875	1.8542697176843406e-11
0.007159618485710418	1.858536144714158e-11
0.007895416578138905	1.862834809498261e-11
0.008634893661029494	1.8671660141008775e-11
0.00937806812933463	1.8715300640886296e-11
0.010124958469981361	1.8759272685790667e-11
0.010875583262331262	1.880357940290319e-11
0.01162996117864295	1.884822395591207e-11
0.012388110984536127	1.8893209545525213e-11
0.013150051539458866	1.893853940998896e-11
0.013915801797156208	1.8984216825616e-11
0.014685380806142003	1.903024510732156e-11
0.015458807710172712	1.9076627609170517e-11
0.01623610174872358	1.9123367724928706e-11
0.017017282257467212	1.9170468888629135e-11
0.017802368668754516	1.9217934575144295e-11
0.01859138051209827	1.9265768300764814e-11
0.019384337414658823	1.931397362379703e-11
0.020181259101732015	1.9362554145160422e-11
0.020982165397240727	1.9411513508999504e-11
0.02178707622422691	1.9460855403307484e-11
0.02259601160534814	1.951058356055798e-11
0.02340899166337483	1.9560701758346134e-11
0.024226036621691812	1.9611213820044302e-11
0.02504716680480027	1.9662123615465532e-11
0.025872402638824326	1.97134350615388e-11
0.02670176465201842	1.9765152122998496e-11
0.02753527347527842	1.9817278813080542e-11
0.028372949842654864	1.9869819194234164e-11
0.0292148145918682	1.9922777378844644e-11
0.03006088866482743	1.997615752996834e-11
0.03091119310815165	2.0029963862081355e-11
0.0317657490736924	2.0084200641839075e-11
0.03262457781906081	2.0138872188848096e-11
0.03348770070815601	2.019398287645557e-11
0.034355139211696875	2.0249537132549543e-11
0.035226914907755424	2.0305539440369854e-11
0.03610304948229413	2.0361994339341355e-11
0.03698356472970569	2.041890642591258e-11
0.03786848255335419	2.0476280354415345e-11
0.038757824966120964	2.0534120837936186e-11
0.03965161409095162	2.059243264920338e-11
0.04054987216140643	2.0651220621491436e-11
0.04145262152221345	2.0710489649539314e-11
0.04235988462982453	2.077024469048616e-11
0.04327168405297366	2.083049076482124e-11
0.0441880424732386	2.089123295735514e-11
0.04510898268560485	2.0952476418203648e-11
0.046034527599032954	2.1014226363790437e-11
0.04696470023702812	2.1076488077870436e-11
0.04789952373821329	2.1139266912566874e-11
0.048839021356904266	2.1202568289430297e-11
0.04978321646368884	2.1266397700516115e-11
0.05073213254600732	2.1330760709478564e-11
0.05168579320873729	2.1395662952689068e-11
0.052644222174780875	2.1461110140371306e-11
0.05360744328565471	2.1527108057759663e-11
0.054575480502083065	2.159366256627321e-11
0.055548357904593434	2.1660779604719415e-11
0.056526099694116344	2.1728465190511888e-11
0.0575087301925869	2.179672542091644e-11
0.05849627384354973	2.1865566474316182e-11
0.05948875521276744	2.1934994611499158e-11
0.06048619898883127	2.2005016176975562e-11
0.061488629983775384	2.2075637600312333e-11
0.06249607313369419	2.2146865397496928e-11
0.06350855349936275	2.2218706172323537e-11
0.06452609626685958	2.2291166617807586e-11
0.06554872674819387	2.236425351762729e-11
0.06657647038193484	2.2437973747585053e-11
0.06760935273384447	2.25123342771082e-11
0.06864739949751365	2.2587342170766685e-11
0.0696906364950013	2.2663004589826087e-11
0.07073908967747639	2.2739328793827146e-11
0.07179278512586384	2.281632214219701e-11
0.07285174905149322	2.2893992095888675e-11
0.0739160077967507	2.2972346219054092e-11
0.07498558783573436	2.305139218074663e-11
0.07606051577491299	2.3131137756659923e-11
0.07714081835378758	2.321159083089569e-11
0.07822652244555647	2.3292759397768174e-11
0.07931765505778425	2.3374651563643583e-11
0.0804142433330731	2.3457275548812513e-11
0.08151631454973848	2.3540639689401307e-11
0.08262389612248718	2.3624752439319787e-11
0.0837370156030995	2.3709622372248113e-11
0.0848557006811149	2.3795258183656346e-11
0.0859799791845205	2.3881668692873787e-11
0.08710987908044313	2.396886284518987e-11
0.08824542847584534	2.4056849714002225e-11
0.08938665561822454	2.4145638503001355e-11
0.09053358889631567	2.4235238548406037e-11
0.09168625684079722	2.4325659321236408e-11
0.09284468812500112	2.4416910429635518e-11
0.09400891156562617	2.450900162123571e-11
0.0951789561234543	2.4601942785574876e-11
0.09635485090407148	2.4695743956556372e-11
0.09753662515859184	2.4790415314965403e-11
0.0987243082843847	2.488596719102739e-11
0.09991792982580656	2.498241006702581e-11
0.10111751947493569	2.5079754579969107e-11
0.10232310707231031	2.5178011524310696e-11
0.1035347226076718	2.5277191854729455e-11
0.10475239622071016	2.5377306688960622e-11
0.10597615820181366	2.547836731069043e-11
0.10720603899282274	2.558038517250423e-11
0.10844206918778684	2.5683371898901524e-11
0.10968427953372567	2.5787339289368436e-11
0.1109327009313943	2.5892299321516732e-11
0.11218736443605135	2.599826415428573e-11
0.11344830125823162	2.6105246131212045e-11
0.11471554276452282	2.6213257783769136e-11
0.11598912047834534	2.632231183477115e-11
0.11726906608073695	2.6432421201857736e-11
0.11855541141114062	2.654359900104013e-11
0.11984818846819621	2.6655858550334756e-11
0.12114742941053713	2.6769213373462236e-11
0.12245316655758978	2.6883677203631438e-11
0.1237654323903777	2.6999263987405395e-11
0.12508425955232963	2.7115987888641983e-11
0.12640968085009122	2.723386329252964e-11
0.1277417292543416	2.735290480969816e-11
0.1290804379006133	2.7473127280428014e-11
0.13042584009011637	2.7594545778943503e-11
0.1317779692905669	2.771717561780247e-11
0.13313685913701961	2.7841032352380413e-11
0.13450254343270476	2.796613178545157e-11
0.13587505614986833	2.809248997187076e-11
0.13725443143061763	2.8220123223356754e-11
0.13864070358777073	2.834904811338206e-11
0.14003390710570945	2.8479281482169046e-11
0.14143407664123803	2.8610840441797145e-11
0.1428412470244442	2.874374238142329e-11
0.1442554532595664	2.8878004972616005e-11
0.14567673052586416	2.9013646174811184e-11
0.1471051141784935	2.9150684240891943e-11
0.14854063974938603	2.928913772288297e-11
0.149983342948133	2.942902547778788e-11
0.15143325966287374	2.9570366673545145e-11
0.15289042596118813	2.9713180795125387e-11
0.15435487809099402	2.9857487650765513e-11
0.15582665248144906	3.0003307378345035e-11
0.1573057857438562	3.015066045190595e-11
0.15879231467257537	3.0299567688321386e-11
0.16028627624593816	3.0450050254124494e-11
0.16178770762716785	3.06021296724816e-11
0.16329664616530362	3.0755827830339067e-11
0.16481312939613008	3.091116698572759e-11
0.1663371950431107	3.106816977523936e-11
0.16786888101832628	3.1226859221676495e-11
0.1694082254234178	3.138725874188414e-11
0.1709552665505349	3.154939215475772e-11
0.17251004288328747	3.1713283689452024e-11
0.17407259309770393	3.18789579937666e-11
0.17564295606319252	3.204644014274622e-11
0.17722117084350858	3.221575564747287e-11
0.17880727669772617	3.2386930464074486e-11
0.18040131308121476	3.2559991002945975e-11
0.18200331964662084	3.273496413819003e-11
0.18361333624485401	3.291187721728894e-11
0.18523140292607826	3.3090758071003e-11
0.18685755994070874	3.3271635023515206e-11
0.1884918477404122	3.345453690281515e-11
0.19013430697911424	3.363949305134343e-11
0.1917849785140098	3.382653333688783e-11
0.19344390340657974	3.4015688163751726e-11
0.19511112292361268	3.420698848419486e-11
0.1967866785382308	3.440046581015778e-11
0.19847061193092203	3.4596152225271464e-11
0.20016296499057665	3.479408039717021e-11
0.20186377981552947	3.499428359010939e-11
0.2035730987146071	3.519679567789689e-11
0.20529096420818022	3.540165115714911e-11
0.20701741902922113	3.560888516088096e-11
0.20875250612436722	3.5818533472435016e-11
0.210496268654989	3.603063253977165e-11
0.21224874999826396	3.624521949010815e-11
0.21400999374825516	3.64623321449472e-11
0.21578004371699644	3.668200903547423e-11
0.21755894393558148	3.690428941835613e-11
0.2193467386552594	3.7129213291950563e-11
0.22114347234853576	3.7356821412926753e-11
0.22294918971027836	3.7587155313315855e-11
0.2247639356588297	3.782025731801306e-11
0.2265877553371239	3.8056170562729544e-11
0.2284206941138094	3.82949390124114e-11
0.23026279758437848	3.853660748014789e-11
0.23211411157230027	3.8781221646578025e-11
0.23397468213016168	3.9028828079806723e-11
0.23584455554081238	3.92794742558453e-11
0.23772377831851643	3.9533208579611144e-11
0.23961239721010893	3.9790080406467053e-11
0.24151045919615952	4.005014006435925e-11
0.24341801149214037	4.0313438876531696e-11
0.24533510154960114	4.0580029184870176e-11
0.24726177705734917	4.084996437386395e-11
0.24919808594263598	4.1123298895232703e-11
0.2511440763723492	4.1400088293214027e-11
0.2530997967542111	4.168038923054804e-11
0.25506529573798215	4.1964259515177436e-11
0.2570406222166721	4.2251758127682665e-11
0.25902582532775553	4.2542945249472745e-11
0.2610209544543945	4.2837882291762573e-11
0.2630260592266663	4.313663192536175e-11
0.2650411895227997	4.3439258111287715e-11
0.26706639547041383	4.3745826132246514e-11
0.2691017274477658	4.405640262499841e-11
0.2711472360850044	4.4371055613632996e-11
0.27320297226542956	4.4689854543803103e-11
0.2752689871267568	4.501287031792225e-11
0.2773453320623904	4.534017533136992e-11
0.27943205872270227	4.567184350974277e-11
0.2815292190163157	4.600795034717398e-11
0.28363686511139713	4.6348572945768996e-11
0.2857550494369543	4.6693790056171166e-11
0.287883824684139	4.7043682119326115e-11
0.2900232438075598	4.739833130946074e-11
0.29217336002659744	4.7757821578323946e-11
0.2943342268267306	4.812223870073799e-11
0.2965058979608642	4.849167032148725e-11
0.2986884274506685	4.886620600361351e-11
0.3008818695879217	4.924593727814254e-11
0.3030862789358613	4.9630957695305157e-11
0.3053017103305407	5.002136287729323e-11
0.30752821888219345	5.041725057261821e-11
0.3097658599766045	5.081872071210278e-11
0.31201468927648746	5.122587546659121e-11
0.3142747627228697	5.1638819306406956e-11
0.31654613653648417	5.2057659062654064e-11
0.31882886721916665	5.248250399038278e-11
0.32112301155526257	5.2913465833730705e-11
0.3234286266130387	5.335065889306729e-11
0.325745769746104	5.379420009424796e-11
0.3280744985948343	5.424420906002298e-11
0.33041487108780826	5.470080818369644e-11
0.3327669454432473	5.516412270511234e-11
0.3351307801704635	5.5634280789042424e-11
0.3375064340713156	5.611141360607645e-11
0.33989396624167195	5.6595655416085286e-11
0.3422934360728803	5.708714365437783e-11
0.3447049032532445	5.758601902062283e-11
0.34712842776951053	5.8092425570652996e-11
0.3495640699083581	5.860651081125283e-11
0.3520118902578999	5.912842579803975e-11
0.35447194970918944	5.965832523655373e-11
0.35694430945773536	6.019636758667617e-11
0.35942903100502394	6.074271517049938e-11
0.36192617616004885	6.129753428378244e-11
0.36443580704084905	6.186099531111773e-11
0.3669579860760533	6.243327284496824e-11
0.3694927760064337	6.301454580869383e-11
0.3720402398864656	6.360499758375304e-11
0.37460044108589774	6.420481614120698e-11
0.37717344329132724	6.481419417772487e-11
0.37975931050778367	6.543332925623844e-11
0.38235810706032236	6.606242395143565e-11
0.3849698975956241	6.670168600028927e-11
0.38759474708360203	6.735132845781274e-11
0.39023272081902005	6.801156985824988e-11
0.39288388442311495	6.868263438190982e-11
0.3955483038452304	6.936475202788286e-11
0.39822604536445655	7.005815879286312e-11
0.40091717559127893	7.076309685632566e-11
0.4036217614692354	7.147981477232069e-11
0.4063398702765814	7.220856766814909e-11
0.40907156962796437	7.294961745019343e-11
0.4118169274761041	7.370323301721928e-11
0.41457601211348477	7.446969048141935e-11
0.41734889217405197	7.52492733975629e-11
0.42013563663492237	7.604227300056221e-11
0.4229363148180968	7.684898845179659e-11
0.4257509963921872	7.766972709460465e-11
0.4285797513741481	7.850480471929205e-11
0.431422650131019	7.935454583805946e-11
0.4342797633816742	8.021928397032387e-11
0.4371511621985827	8.10993619388067e-11
0.4400369180095757	8.199513217690622e-11
0.4429371025996235	8.290695704782706e-11
0.44585178811262155	8.383520917596697e-11
0.44878104705318456	8.478027179112197e-11
0.4517249522884503	8.574253908605349e-11
0.4546835770498925	8.672241658801131e-11
0.4576569949351417	8.772032154484623e-11
0.4606452799098173	8.873668332636047e-11
0.46364850630936627	8.977194384155278e-11
0.46666674884091325	9.082655797253922e-11
0.46970008258511775	9.19009940258304e-11
0.4727485829980431	9.299573420183173e-11
0.47581232591303324	9.411127508334202e-11
0.47889138754259847	9.524812814397009e-11
0.4819858444803113	9.640682027738467e-11
0.48509577370271284	9.758789434836592e-11
0.48822125257122634	9.879190976666718e-11
0.4913623588340824	1.0001944308481396e-10
0.49451917062825274	1.0127108862092439e-10
0.49769176648139396	1.0254745910777154e-10
0.5008802253138008	1.0384918636936673e-10
0.50408462644037	1.0517692202635033e-10
0.5073050495725719	1.0653133823164433e-10
0.5105415748204347	1.079131284377983e-10
0.513794282694537	1.0932300819763512e-10
0.5170632541080095	1.1076171599980773e-10
0.5203485703785496	1.1223001414103316e-10
0.5236503132304423	1.1372868963682349e-10
0.5269685647965943	1.1525855517268658e-10
0.530303407620577	1.1682045009780662e-10
0.5336549246586798	1.1841524146342176e-10
0.5370231992819733	1.2004382510815183e-10
0.5404083152783831	1.2170712679276625e-10
0.5438103568547752	1.2340610338688206e-10
0.5472294086390488	1.2514174411039883e-10
0.5506655556822441	1.26915071832528e-10
0.5541188834606553	1.2872714443141665e-10
0.5575894778779587	1.305790562177283e-10
0.5610774252673482	1.3247193942551605e-10
0.5645828123936848	1.3440696577406968e-10
0.5681057264556529	1.363853481046503e-10
0.5716462550879313	1.3840834209614062e-10
0.575204486363371	1.4047724806408903e-10
0.5787805087951877	1.425934128476898e-10
0.5823744113391636	1.4475823178969955e-10
0.5859862833958592	1.4697315081455652e-10
0.5896162148128385	1.49239668610205e-10
0.5932642958869029	1.515593389197285e-10
0.5969306173663373	1.5393377294898206e-10
0.6006152704531689	1.5636464189709513e-10
0.6043183468054348	1.5885367961701768e-10
0.6080399385394619	1.614026854138188e-10
0.6117801382321592	1.6401352698895519e-10
0.6155390389233196	1.666881435392799e-10
0.6193167341179363	1.6942854902020834e-10
0.623113317788526	1.72236835583078e-10
0.6269288843774687	1.7511517719743293e-10
0.6307635287993559	1.7806583346977143e-10
0.6346173464433525	1.8109115367111433e-10
0.6384904331755692	1.841935809865692e-10
0.642382885341447	1.8737565700124925e-10
0.6462947997681542	1.9064002643766514e-10
0.6502262737669948	1.939894421611167e-10
0.6541774051358298	1.9742677047076683e-10
0.6581482921615086	2.009549966954182e-10
0.6621390336223161	2.0457723111455856e-10
0.6661497287904276	2.0829671522690721e-10
0.6701804774343794	2.121168283903464e-10
0.6742313798215511	2.1604109485933647e-10
0.678302536720659	2.2007319124782704e-10
0.6823940494042624	2.242169544482386e-10
0.6865060196512838	2.2847639003971125e-10
0.6906385497495403	2.3285568122167773e-10
0.694791742498288	2.3735919831214365e-10
0.6989657012107795	2.4199150885367306e-10
0.7031605297168335	2.4675738837413777e-10
0.7073763323654175	2.5166183185374016e-10
0.7116132140272448	2.567100659551033e-10
0.7158712800973807	2.6190756207867677e-10
0.7201506364978674	2.672600503125737e-10
0.7244513896803564	2.727735343529592e-10
0.728773646628758	2.7845430747970514e-10
0.7331175148619017	2.8430896968160984e-10
0.7374831024362114	2.903444460362971e-10
0.7418705179483922	2.9656800646288664e-10
0.7462798705381343	3.0298728697967095e-10
0.750711269890825	3.0961031261652263e-10
0.7551648262402791	3.1644552215109526e-10
0.7596406503714807	3.235017948610945e-10
0.7641388536233382	3.307884795121798e-10
0.7686595478914547	3.3831542583251026e-10
0.773202845630912	3.4609301876321206e-10
0.7777688598590664	3.5413221581838147e-10
0.7823577041583616	3.624445879417817e-10
0.7869694926791535	3.7104236431104616e-10
0.7916043401425493	3.7993848161653724e-10
0.796262361843262	3.891466384340141e-10
0.8009436736524783	3.9868135542108627e-10
0.8056483920207407	4.085580422017622e-10
0.8103766339808444	4.187930719661356e-10
0.8151285171507487	4.2940386501105407e-10
0.8199041597365022	4.4040898268906614e-10
0.8247036805351848	4.5182823352993464e-10
0.8295271989378608	4.636827936616002e-10
0.8343748349325502	4.759953441046437e-10
0.8392467091072129	4.88790228064475e-10
0.844142942652749	5.020936320247772e-10
0.8490636573660127	5.159337952864582e-10
0.8540089756528428	5.303412536382148e-10
0.8589790205311072	5.453491241383307e-10
0.8639739156337627	5.609934395970584e-10
0.8689739156337625	5.772477215472372e-10
0.8739739156337623	5.94129364973038e-10
0.878973915633762	6.116745420613097e-10
0.8839739156337618	6.299229560686709e-10
0.8889739156337617	6.489183741503188e-10
0.8939739156337615	6.687092598171884e-10
0.8989739156337613	6.893495252275354e-10
0.9039739156337611	7.108994277191228e-10
0.9089739156337608	7.334266400880667e-10
0.9139739156337606	7.570075302970994e-10
0.9189739156337604	7.817286937754829e-10
0.9239739156337602	8.076887905330606e-10
0.9289739156337601	8.350007502851887e-10
0.9339739156337599	8.637944220791082e-10
0.9389739156337596	8.942197610176067e-10
0.9439739156337594	9.264506641862895e-10
0.9489739156337592	9.606895915294466e-10
0.953973915633759	9.97173136057419e-10
0.9589739156337588	1.0361787424660136e-9
0.9639739156337586	1.0780328152848592e-9
0.9689739156337585	1.1231205086008237e-9
0.9739739156337582	1.1718975511024232e-9
0.978973915633758	1.2249045349356962e-9
0.9839739156337578	1.2827841874067313e-9
0.9889739156337576	1.3463022542407295e-9
0.9939739156337574	1.416372755944276e-9
0.9989739156337571	1.4940885396901502e-9
1.003973915633757	1.5807582439497054e-9
1.0089739156337567	1.6779510289556338e-9
1.0139739156337566	1.7875507115998316e-9
1.0189739156337563	1.9118212889419465e-9
1.0239739156337562	2.0534862526723167e-9
1.028973915633756	2.2158246027547845e-9
1.0339739156337557	2.4027870803035587e-9
1.0389739156337556	2.6191368794694222e-9
1.0439739156337553	2.8706199921204878e-9
1.0489739156337552	3.1641714191381907e-9
1.0539739156337549	3.5081647862615072e-9
1.0589739156337548	3.9127144762406034e-9
1.0639739156337544	4.39004128714686e-9
1.0689739156337543	4.9549149141871125e-9
1.0739739156337542	5.62518930683444e-9
1.0789739156337539	6.422450266649828e-9
1.0839739156337538	7.372798632854833e-9
1.0889739156337535	8.50779718109481e-9
1.0939739156337533	9.8656150867792e-9
1.098973915633753	1.1492410653987883e-8
1.103973915633753	1.344400118832572e-8
1.1089739156337528	1.5787878631905537e-8
1.1139739156337525	1.860564114792946e-8
1.1189739156337524	2.199592454095303e-8
1.123973915633752	2.607793355816282e-8
1.128973915633752	3.09956920946888e-8
1.1339739156337516	3.692315349690789e-8
1.1389739156337515	4.407033789715679e-8
1.1439739156337512	5.269069317054111e-8
1.148973915633751	6.308990996363695e-8
1.153973915633751	7.5636459466158e-8
1.1589739156337506	9.077416513704172e-8
1.1639739156337505	1.0903716609722222e-7
1.1689739156337502	1.310676795426363e-7
1.17397391563375	1.5763702084063514e-7
1.1789739156337498	1.896703905895077e-7
1.1839739156337497	2.2827598430735876e-7
1.1889739156337495	2.7477901753245106e-7
1.1939739156337492	3.3076128006597324e-7
1.197980436725312	3.837192285194077e-7
1.2019869578168745	4.4509787445590024e-7
1.2059934789084372	5.161935438873894e-7
1.21	5.984896508583798e-7
