0.0006999999999999628	8.257428068823281e-9
0.001403500000000035	8.261930782805656e-9
0.0021105174999999296	8.266460293030683e-9
0.0028210700874998964	8.271016689937765e-9
0.003535175437937438	8.275600155327301e-9
0.004252851315127062	8.280210873536005e-9
0.004974115571702636	8.284849030428367e-9
0.005698986149561044	8.289514813399488e-9
0.006427481080308875	8.294208411391162e-9
0.007159618485710418	8.298930014907913e-9
0.007895416578138905	8.303679816031965e-9
0.008634893661029494	8.308458008440041e-9
0.00937806812933463	8.313264787419895e-9
0.010124958469981361	8.318100349885884e-9
0.010875583262331262	8.322964894397003e-9
0.01162996117864295	8.32785862117234e-9
0.012388110984536127	8.332781732109392e-9
0.013150051539458866	8.337734430800909e-9
0.013915801797156208	8.342716922552717e-9
0.014685380806142003	8.347729414400999e-9
0.015458807710172712	8.352772115130802e-9
0.01623610174872358	8.357845235294334e-9
0.017017282257467212	8.362948987228994e-9
0.017802368668754516	8.368083585076444e-9
0.01859138051209827	8.37324924480138e-9
0.019384337414658823	8.378446184210852e-9
0.020181259101732015	8.383674622973576e-9
0.020982165397240727	8.38893478263952e-9
0.02178707622422691	8.394226886660275e-9
0.02259601160534814	8.399551160408553e-9
0.02340899166337483	8.404907831199534e-9
0.024226036621691812	8.410297128310524e-9
0.02504716680480027	8.415719283002675e-9
0.025872402638824326	8.421174528542225e-9
0.02670176465201842	8.426663100221464e-9
0.02753527347527842	8.4321852353812e-9
0.028372949842654864	8.437741173432267e-9
0.0292148145918682	8.443331155878368e-9
0.03006088866482743	8.448955426338743e-9
0.03091119310815165	8.454614230570274e-9
0.0317657490736924	8.46030781649225e-9
0.03262457781906081	8.466036434208337e-9
0.03348770070815601	8.47180033603202e-9
0.034355139211696875	8.477599776509387e-9
0.035226914907755424	8.483435012444572e-9
0.03610304948229413	8.489306302924172e-9
0.03698356472970569	8.49521390934313e-9
0.03786848255335419	8.501158095428762e-9
0.038757824966120964	8.50713912726826e-9
0.03965161409095162	8.513157273333898e-9
0.04054987216140643	8.519212804510244e-9
0.04145262152221345	8.525305994120213e-9
0.04235988462982453	8.531437117953283e-9
0.04327168405297366	8.537606454292223e-9
0.0441880424732386	8.543814283942132e-9
0.04510898268560485	8.55006089025804e-9
0.046034527599032954	8.556346559173927e-9
0.04696470023702812	8.562671579232362e-9
0.04789952373821329	8.569036241612962e-9
0.048839021356904266	8.57544084016378e-9
0.04978321646368884	8.581885671430795e-9
0.05073213254600732	8.588371034689008e-9
0.05168579320873729	8.5948972319735e-9
0.052644222174780875	8.601464568111704e-9
0.05360744328565471	8.6080733507548e-9
0.054575480502083065	8.61472389041046e-9
0.05554835790459365	8.621416500476403e-9
0.05652609969411678	8.628151497273391e-9
0.05750873019258755	8.634929200079184e-9
0.05849627384355038	8.641749931162991e-9
0.05948875521276831	8.648614015820851e-9
0.060486198988831924	8.655521782410333e-9
0.061488629983776036	8.66247356238732e-9
0.062496073133695054	8.669469690341324e-9
0.06350855349936363	8.676510504033448e-9
0.06452609626686023	8.683596344433511e-9
0.06554872674819473	8.690727555757524e-9
0.0665764703819355	8.697904485507378e-9
0.06760935273384511	8.705127484508803e-9
0.06864739949751451	8.71239690695165e-9
0.06969063649500218	8.719713110430667e-9
0.07073908967747725	8.727076455984785e-9
0.07179278512586448	8.734487308139792e-9
0.07285174905149387	8.741946034950317e-9
0.07391600779675113	8.749453008041759e-9
0.07498558783573481	8.7570086026544e-9
0.07606051577491364	8.764613197686487e-9
0.07714081835378801	8.772267175739446e-9
0.0782265224455569	8.779970923162558e-9
0.07931765505778446	8.787724830099492e-9
0.08041424333307354	8.795529290534038e-9
0.08151631454973869	8.803384702337663e-9
0.08262389612248718	8.811291467318111e-9
0.08373701560309972	8.819249991266911e-9
0.08485570068111534	8.827260684009656e-9
0.08597997918452092	8.835323959455767e-9
0.08710987908044335	8.843440235649314e-9
0.08824542847584554	8.851609934820871e-9
0.08938665561822474	8.859833483439806e-9
0.0905335888963159	8.868111312267791e-9
0.09168625684079766	8.876443856412218e-9
0.09284468812500156	8.884831555381728e-9
0.09400891156562662	8.893274853141817e-9
0.09517895612345495	8.901774198170548e-9
0.09635485090407213	8.910330043517144e-9
0.09753662515859228	8.918942846859807e-9
0.09872430828438533	8.927613070564624e-9
0.09991792982580742	8.936341181745938e-9
0.10111751947493633	8.9451276523278e-9
0.10232310707231096	8.95397295910501e-9
0.10353472260767245	8.962877583807236e-9
0.1047523962207106	8.9718420131621e-9
0.1059761582018141	8.980866738960432e-9
0.10720603899282295	8.989952258122439e-9
0.10844206918778705	8.999099072764433e-9
0.10968427953372589	9.008307690267025e-9
0.11093270093139453	9.017578623344517e-9
0.11218736443605157	9.026912390114928e-9
0.11344830125823162	9.036309514171131e-9
0.11471554276452282	9.045770524653829e-9
0.11598912047834534	9.055295956325078e-9
0.11726906608073716	9.064886349643536e-9
0.11855541141114084	9.074542250839569e-9
0.11984818846819666	9.084264211993747e-9
0.12114742941053756	9.094052791114236e-9
0.12245316655759021	9.103908552217878e-9
0.12376543239037813	9.113832065410279e-9
0.12508425955233007	9.123823906968899e-9
0.12640968085009188	9.133884659426856e-9
0.12774172925434224	9.144014911657634e-9
0.12908043790061416	9.154215258962426e-9
0.13042584009011704	9.16448630315751e-9
0.13177796929056776	9.174828652663818e-9
0.1331368591370207	9.185242922598907e-9
0.13450254343270562	9.195729734868184e-9
0.13587505614986897	9.206289718259219e-9
0.1372544314306183	9.216923508538446e-9
0.13864070358777136	9.22763174854699e-9
0.14003390710571012	9.238415088300298e-9
0.14143407664123844	9.249274185088573e-9
0.14284124702444484	9.260209703579446e-9
0.14425545325956707	9.271222315920845e-9
0.1456767305258648	9.282312701848145e-9
0.14710511417849395	9.293481548791163e-9
0.14854063974938644	9.304729551982736e-9
0.14998334294813345	9.316057414572183e-9
0.1514332596628742	9.32746584773602e-9
0.15289042596118857	9.338955570795155e-9
0.15435487809099444	9.350527311331124e-9
0.15582665248144925	9.362181805305725e-9
0.15730578574385642	9.373919797181686e-9
0.1587923146725756	9.385742040047624e-9
0.1602862762459386	9.397649295741828e-9
0.1617877076271685	9.409642334981233e-9
0.16329664616530448	9.42172193749184e-9
0.16481312939613094	9.433888892140083e-9
0.16633719504311156	9.446143997068242e-9
0.16786888101832692	9.458488059831669e-9
0.16940822542341866	9.470921897538356e-9
0.17095526655053575	9.483446336991062e-9
0.17251004288328856	9.49606221483228e-9
0.1740725930977048	9.508770377690534e-9
0.1756429560631934	9.52157168233224e-9
0.17722117084350925	9.534466995812725e-9
0.17880727669772659	9.547457195632906e-9
0.18040131308121543	9.560543169897065e-9
0.18200331964662148	9.573725817473978e-9
0.18361333624485465	9.587006048162218e-9
0.18523140292607912	9.600384782856076e-9
0.18685755994070938	9.613862953716934e-9
0.18849184774041308	9.627441504346478e-9
0.19013430697911532	9.641121389963215e-9
0.19178497851401088	9.654903577583723e-9
0.19344390340658082	9.668789046205018e-9
0.19511112292361377	9.682778786991333e-9
0.1967866785382319	9.696873803465761e-9
0.19847061193092289	9.711075111703905e-9
0.2001629649905775	9.725383740531209e-9
0.20186377981553055	9.739800731724758e-9
0.20357309871460819	9.754327140219324e-9
0.2052909642081813	9.768964034316092e-9
0.207017419029222	9.783712495896246e-9
0.20875250612436788	9.798573620638562e-9
0.21049626865498966	9.813548518241574e-9
0.21224874999826462	9.828638312649126e-9
0.21400999374825602	9.843844142281215e-9
0.2157800437169973	9.859167160268928e-9
0.21755894393558234	9.874608534694264e-9
0.21934673865526005	9.890169448834724e-9
0.2211434723485364	9.90585110141162e-9
0.22294918971027902	9.921654706846094e-9
0.22476393565883038	9.93758149551631e-9
0.22658775533712455	9.953632714023705e-9
0.22842069411381005	9.96980962546151e-9
0.23026279758437915	9.986113509691323e-9
0.23211411157230094	1.0002545663622292e-8
0.23397468213016254	1.0019107401499296e-8
0.23584455554081346	1.0035800055193964e-8
0.23772377831851751	1.0052624974503612e-8
0.23961239721011024	1.0069583527456118e-8
0.24151045919616082	1.0086677100619903e-8
0.24341801149214168	1.0103907099421666e-8
0.24533510154960245	1.0121274948469475e-8
0.24726177705735047	1.0138782091884158e-8
0.2491980859426373	1.0156429993635934e-8
0.25114407637235053	1.0174220137889059e-8
0.2530997967542124	1.0192154029354301e-8
0.2550652957379834	1.0210233193646727e-8
0.2570406222166734	1.022845917765352e-8
0.25902582532775686	1.0246833549908773e-8
0.26102095445439577	1.0265357900975087e-8
0.2630260592266676	1.02840338438349e-8
0.26504118952280104	1.0302863014290087e-8
0.26706639547041516	1.032184707136917e-8
0.26910172744776706	1.034098769774478e-8
0.27114723608500574	1.0360286600158177e-8
0.2732029722654309	1.0379745509856066e-8
0.2752689871267581	1.0399366183033504e-8
0.2773453320623917	1.0419150401289724e-8
0.2794320587227036	1.0439099972091668e-8
0.281529219016317	1.0459216729249393e-8
0.2836368651113984	1.0479502533401337e-8
0.28575504943695557	1.0499959272509958e-8
0.28788382468414025	1.0520588862370118e-8
0.2900232438075611	1.0541393247127536e-8
0.29217336002659877	1.0562374399808755e-8
0.29433422682673194	1.0583534322864866e-8
0.29650589796086546	1.0604875048725878e-8
0.29868842745066976	1.0626398640368457e-8
0.30088186958792296	1.0648107191896937e-8
0.30308627893586265	1.0670002829138464e-8
0.305301710330542	1.069208771024886e-8
0.3075282188821948	1.0714364026337126e-8
0.30976585997660583	1.0736834002100938e-8
0.31201468927648873	1.0759499896478918e-8
0.31427476272287097	1.0782364003316748e-8
0.3165461365364855	1.080542865205203e-8
0.318828867219168	1.0828696208411482e-8
0.3211230115552639	1.085216907512799e-8
0.32342862661304006	1.0875849692672453e-8
0.3257457697461053	1.0899740540006747e-8
0.32807449859483556	1.0923844135349668e-8
0.33041487108780954	1.0948163036966449e-8
0.3327669454432486	1.0972699843975292e-8
0.33513078017046477	1.0997457197173035e-8
0.33750643407131686	1.1022437779882931e-8
0.33989396624167323	1.104764431882199e-8
0.3422934360728816	1.1073079584990784e-8
0.34470490325324576	1.1098746394584115e-8
0.3471284277695118	1.1124647609926997e-8
0.34956406990835936	1.1150786140430735e-8
0.3520118902579012	1.1177164943576309e-8
0.3544719497091907	1.1203787025921581e-8
0.35694430945773664	1.1230655444132523e-8
0.3594290310050252	1.1257773306044903e-8
0.36192617616005013	1.1285143771748502e-8
0.3644358070408504	1.131277005470299e-8
0.36695798607605457	1.134065542288137e-8
0.36949277600643504	1.1368803199943327e-8
0.37204023988646695	1.1397216766438813e-8
0.374600441085899	1.1425899561045693e-8
0.3771734432913285	1.145485508183682e-8
0.379759310507785	1.1484086887582391e-8
0.3823581070603237	1.1513598599088722e-8
0.3849698975956254	1.1543393900570215e-8
0.3875947470836033	1.1573476541059596e-8
0.39023272081902133	1.1603850335857e-8
0.3928838844231162	1.1634519168017188e-8
0.39554830384523165	1.1665486989879072e-8
0.3982260453644579	1.1696757824635648e-8
0.4009171755912802	1.1728335767948662e-8
0.4036217614692367	1.1760224989607288e-8
0.4063398702765827	1.1792429735234366e-8
0.40907156962796565	1.1824954328038736e-8
0.41181692747610543	1.185780317061864e-8
0.41457601211348605	1.1890980746815171e-8
0.4173488921740533	1.1924491623619179e-8
0.4201356366349237	1.1958340453133208e-8
0.42293631481809807	1.1992531974588135e-8
0.4257509963921885	1.2027071016421059e-8
0.42857975137414944	1.206196249841009e-8
0.4314226501310203	1.20972114338758e-8
0.43427976338167545	1.2132822931943e-8
0.43715116219858396	1.2168802199873515e-8
0.440036918009577	1.220515454546465e-8
0.44293710259962477	1.2241885379522627e-8
0.4458517881126228	1.22790002184076e-8
0.4487810470531859	1.2316504686657065e-8
0.45172495228845155	1.2354404519689302e-8
0.45468357704989376	1.2392705566588442e-8
0.45765699493514306	1.2431413792974413e-8
0.46064527990981863	1.2470535283964256e-8
0.4636485063093676	1.2510076247222428e-8
0.4666667488409145	1.2550043016108688e-8
0.4697000825851191	1.2590442052922919e-8
0.4727485829980444	1.2631279952253777e-8
0.4758123259130346	1.2672563444434217e-8
0.47889138754259974	1.271429939910563e-8
0.4819858444803126	1.275649482889812e-8
0.4850957737027142	1.2799156893229551e-8
0.48822125257122767	1.2842292902227319e-8
0.49136235883408375	1.2885910320779655e-8
0.49451917062825407	1.2930016772719886e-8
0.49769176648139524	1.2974620045147915e-8
0.5008802253138022	1.3019728092899221e-8
0.5040846264403713	1.3065349043159088e-8
0.5073050495725733	1.3111491200235806e-8
0.510541574820436	1.3158163050494675e-8
0.5137942826945383	1.320537326746118e-8
0.5170632541080108	1.3253130717097997e-8
0.520348570378551	1.3301444463266086e-8
0.5236503132304436	1.3350323773375678e-8
0.5269685647965956	1.3399778124233837e-8
0.5303034076205784	1.3449817208099337e-8
0.5336549246586811	1.3500450938952835e-8
0.5370231992819746	1.3551689458989335e-8
0.5404083152783844	1.3603543145345476e-8
0.5438103568547764	1.3656022617068747e-8
0.5472294086390501	1.3709138742342884e-8
0.5506655556822453	1.3762902645976054e-8
0.5541188834606565	1.381732571716625e-8
0.5575894778779599	1.3872419617555285e-8
0.5610774252673494	1.3928196289585108e-8
0.564582812393686	1.398466796516732e-8
0.5681057264556543	1.4041847174683517e-8
0.5716462550879327	1.4099746756328562e-8
0.5752044863633723	1.4158379865813253e-8
0.578780508795189	1.4217759986444566e-8
0.5823744113391649	1.427790093959742e-8
0.5859862833958606	1.4338816895600792e-8
0.5896162148128399	1.4400522385052533e-8
0.5932642958869042	1.4463032310588802e-8
0.5969306173663387	1.4526361959123259e-8
0.6006152704531702	1.4590527014584534e-8
0.6043183468054361	1.465554357117515e-8
0.6080399385394633	1.4721428147170816e-8
0.6117801382321605	1.4788197699297823e-8
0.615539038923321	1.4855869637706585e-8
0.6193167341179376	1.4924461841578584e-8
0.6231133177885273	1.4993992675394743e-8
0.6269288843774701	1.5064481005899792e-8
0.6307635287993573	1.5135946219799587e-8
0.6346173464433539	1.5208408242227455e-8
0.6384904331755705	1.528188755602124e-8
0.6423828853414483	1.5356405221852e-8
0.6462947997681555	1.543198289925297e-8
0.6502262737669962	1.5508642868592594e-8
0.6541774051358311	1.5586408054046786e-8
0.6581482921615099	1.5665302047622127e-8
0.6621390336223173	1.574534913429209e-8
0.6661497287904288	1.5826574318302445e-8
0.6701804774343807	1.5909003350717613e-8
0.6742313798215525	1.599266275827575e-8
0.6783025367206603	1.607757987362786e-8
0.6823940494042636	1.6163782867044873e-8
0.6865060196512851	1.6251300779673818e-8
0.6906385497495416	1.634016355844074e-8
0.6947917424982893	1.643040209269835e-8
0.6989657012107808	1.652204825272306e-8
0.7031605297168348	1.6615134930180646e-8
0.7073763323654189	1.6709696080679433e-8
0.7116132140272461	1.6805766768550434e-8
0.715871280097382	1.6903383213992626e-8
0.7201506364978687	1.700258284274418e-8
0.7244513896803577	1.7103404338446977e-8
0.7287736466287593	1.7205887697890502e-8
0.733117514861903	1.7310074289329052e-8
0.7374831024362126	1.7416006914101725e-8
0.7418705179483935	1.7523729871783017e-8
0.7462798705381356	1.7633289029131702e-8
0.7507112698908263	1.774473189312596e-8
0.7551648262402804	1.7858107688398732e-8
0.759640650371482	1.7973467439429964e-8
0.7641388536233394	1.80908640578776e-8
0.7686595478914561	1.8210352435488757e-8
0.7732028456309133	1.8331989543071248e-8
0.7777688598590677	1.845583453607128e-8
0.7823577041583629	1.8581948867371883e-8
0.7869694926791548	1.8710396408002642e-8
0.7916043401425507	1.8841243576552664e-8
0.7962623618432633	1.8974559478190086e-8
0.8009436736524796	1.9110416054315297e-8
0.805648392020742	1.924888824404574e-8
0.8103766339808457	1.939005415891412e-8
0.81512851715075	1.95339952723814e-8
0.8199041597365035	1.9680796626052474e-8
0.8247036805351862	1.9830547054801885e-8
0.8295271989378621	1.9983339433418395e-8
0.8343748349325514	2.0139270947873738e-8
0.8392467091072142	2.029844339489657e-8
0.8441429426527504	2.046096351428129e-8
0.849063657366014	2.062694335923867e-8
0.8540089756528442	2.079650071119933e-8
0.8589790205311084	2.0969759546846027e-8
0.863973915633764	2.1146850566811177e-8
0.8689739156337638	2.1327188904520498e-8
0.8739739156337636	2.1510688518854697e-8
0.8789739156337634	2.1697447981511348e-8
0.8839739156337632	2.1887571564771966e-8
0.8889739156337629	2.2081169872920364e-8
0.8939739156337627	2.227836057851446e-8
0.8989739156337626	2.2479269284273272e-8
0.9039739156337624	2.268403053536937e-8
0.9089739156337622	2.28927890120198e-8
0.913973915633762	2.310570093849822e-8
0.9189739156337617	2.3322935752193268e-8
0.9239739156337615	2.3544678085446682e-8
0.9289739156337613	2.3771130123939446e-8
0.9339739156337611	2.400251441873421e-8
0.938973915633761	2.423907724527752e-8
0.9439739156337608	2.4481092622277773e-8
0.9489739156337605	2.4728867127125375e-8
0.9539739156337603	2.498274567333798e-8
0.9589739156337601	2.5243118450408685e-8
0.9639739156337599	2.5510429268771435e-8
0.9689739156337597	2.5785185603876686e-8
0.9739739156337595	2.6067970695582367e-8
0.9789739156337594	2.635945813446753e-8
0.9839739156337591	2.666042945810537e-8
0.9889739156337589	2.6971795391205733e-8
0.9939739156337587	2.729462149797843e-8
0.9989739156337585	2.763015917810874e-8
1.0039739156337584	2.7979883135439105e-8
1.008973915633758	2.8345536688260372e-8
1.013973915633758	2.872918658091297e-8
1.0189739156337576	2.9133289309117252e-8
1.0239739156337575	2.9560771399247867e-8
1.0289739156337572	3.0015126600643214e-8
1.033973915633757	3.05005335793961e-8
1.038973915633757	3.102199846546101e-8
1.0439739156337566	3.158552753086958e-8
1.0489739156337565	3.21983364000331e-8
1.0539739156337562	3.286910355554052e-8
1.058973915633756	3.360827755553254e-8
1.0639739156337558	3.442844938343956e-8
1.0689739156337557	3.5344803782737664e-8
1.0739739156337553	3.6375666379282455e-8
1.0789739156337552	3.754316697224886e-8
1.0839739156337551	3.887404371559321e-8
1.0889739156337548	4.040061817771738e-8
1.0939739156337547	4.216197765477498e-8
1.0989739156337544	4.4205408861776584e-8
1.1039739156337542	4.6588136525361323e-8
1.108973915633754	4.9379431804402265e-8
1.1139739156337538	5.2663169296165385e-8
1.1189739156337537	5.654092816385149e-8
1.1239739156337534	6.113575327348325e-8
1.1289739156337533	6.65967169153707e-8
1.133973915633753	7.310445163035842e-8
1.1389739156337528	8.087786098319508e-8
1.1439739156337525	9.01822591812493e-8
1.1489739156337524	1.0133924387200616e-7
1.153973915633752	1.1473867126194218e-7
1.158973915633752	1.308531813007681e-7
1.1639739156337519	1.5025581600023229e-7
1.1689739156337515	1.7364138955857e-7
1.1739739156337514	2.0185240914738583e-7
1.178973915633751	2.3591051520511495e-7
1.183973915633751	2.770546161954907e-7
1.1889739156337507	3.2678714269180504e-7
1.1939739156337505	3.86930148621758e-7
1.1989739156337504	4.596933547977112e-7
1.2039739156337501	5.477566750818992e-7
1.20897391563375	6.543703051881773e-7
1.2139739156337497	7.83476108164772e-7
1.2189739156337496	9.39854823202243e-7
1.2239739156337492	1.1293045847900785e-6
1.2289739156337491	1.3588574027434627e-6
1.2339739156337488	1.637041662903436e-6
1.2389739156337487	1.974200414858575e-6
1.2439739156337486	2.3828772788331976e-6
1.2489739156337483	2.878284303453077e-6
1.2539739156337482	3.478869128784441e-6
1.2589739156337478	4.207002461693123e-6
1.2639739156337477	5.089811280558236e-6
1.2689739156337474	6.160188504964517e-6
1.2739739156337473	7.458016272195198e-6
1.2789739156337472	9.031647666839507e-6
1.2839739156337469	1.0939700999343325e-5
1.2889739156337467	1.3253231810482442e-5
1.2939739156337464	1.605836102133731e-5
1.2989739156337463	1.945945342682671e-5
1.303973915633746	2.358295946263548e-5
1.3089739156337459	2.8582055314130133e-5
1.3139739156337455	3.464224245645544e-5
1.3189739156337454	4.1988098086898486e-5
1.3239739156337453	5.0891403052152415e-5
1.328973915633745	6.168091408100851e-5
1.333973915633745	7.475409247351574e-5
1.3389739156337446	9.059115154632169e-5
1.3439739156337445	0.0001097718391446839
1.3489739156337441	0.00013299542751094652
1.353973915633744	0.00016110443746124105
1.358973915633744	0.00019511267189154574
1.3639739156337436	0.00023623816708621777
1.3689739156337435	0.000285941677416249
1.3739739156337432	0.0003459712732991673
1.378973915633743	0.0004184135313603403
1.3839739156337427	0.000505751600375463
1.3879804367253072	0.0005884487616157019
1.3919869578168715	0.00068435284485096
1.395993478908436	0.0007954630675017748
1.4	0.0009240529123795703
