0.0006999999999999628	2.0767671349499836e-10
0.001403500000000035	2.0796615368875013e-10
0.0021105174999999296	2.0825755545503924e-10
0.0028210700874998964	2.0855092142405616e-10
0.003535175437937438	2.0884626742183728e-10
0.004252851315127062	2.091436095947793e-10
0.004974115571702636	2.0944296425407003e-10
0.005698986149561044	2.0974434787579808e-10
0.006427481080308875	2.1004777710295883e-10
0.007159618485710418	2.1035326874749782e-10
0.007895416578138905	2.1066083979242078e-10
0.008634893661029494	2.10970507393889e-10
0.00937806812933463	2.112822888833621e-10
0.010124958469981361	2.1159620176981674e-10
0.010875583262331262	2.1191226374190958e-10
0.01162996117864295	2.1223049267023912e-10
0.012388110984536127	2.1255090660963943e-10
0.013150051539458866	2.1287352380146456e-10
0.013915801797156208	2.1319836267594547e-10
0.014685380806142003	2.1352544185455883e-10
0.015458807710172712	2.1385478015245694e-10
0.01623610174872358	2.1418639658090586e-10
0.017017282257467212	2.1452031034977023e-10
0.017802368668754516	2.148565408700427e-10
0.01859138051209827	2.1519510775640866e-10
0.019384337414658823	2.15536030829827e-10
0.020181259101732015	2.1587933012019746e-10
0.020982165397240727	2.162250258690156e-10
0.02178707622422691	2.1657313853209706e-10
0.02259601160534814	2.1692368878234282e-10
0.02340899166337483	2.172766975125421e-10
0.024226036621691812	2.1763218583819984e-10
0.02504716680480027	2.1799017510044839e-10
0.025872402638824326	2.1835068686897205e-10
0.02670176465201842	2.1871374294496866e-10
0.02753527347527842	2.1907936536417303e-10
0.028372949842654864	2.1944757639996455e-10
0.0292148145918682	2.1981839856642665e-10
0.03006088866482743	2.2019185462154454e-10
0.03091119310815165	2.2056796757041237e-10
0.0317657490736924	2.2094676066850066e-10
0.03262457781906081	2.2132825742494625e-10
0.03348770070815601	2.2171248160594747e-10
0.034355139211696875	2.2209945723816272e-10
0.035226914907755424	2.224892086121874e-10
0.03610304948229413	2.2288176028607519e-10
0.03698356472970569	2.2327713708892848e-10
0.03786848255335419	2.236753641245152e-10
0.038757824966120964	2.240764667749897e-10
0.03965161409095162	2.2448047070462446e-10
0.04054987216140643	2.2488740186363103e-10
0.04145262152221345	2.25297286492028e-10
0.04235988462982453	2.2571015112359252e-10
0.04327168405297366	2.2612602258982526e-10
0.0441880424732386	2.2654492802404578e-10
0.04510898268560485	2.2696689486550172e-10
0.046034527599032954	2.273919508635562e-10
0.04696470023702812	2.2782012408195896e-10
0.04789952373821329	2.2825144290317985e-10
0.048839021356904266	2.2868593603279083e-10
0.04978321646368884	2.2912363250394837e-10
0.05073213254600732	2.295645616819422e-10
0.05168579320873729	2.300087532687981e-10
0.052644222174780875	2.304562373079826e-10
0.05360744328565471	2.3090704418916432e-10
0.054575480502083065	2.3136120465306653e-10
0.05554835790459365	2.3181874979639306e-10
0.05652609969411678	2.3227971107684905e-10
0.05750873019258755	2.3274412031820784e-10
0.05849627384355038	2.3321200971551514e-10
0.05948875521276831	2.3368341184032844e-10
0.060486198988831924	2.34158359646082e-10
0.061488629983776036	2.346368864735248e-10
0.062496073133695054	2.3511902605624746e-10
0.06350855349936363	2.356048125262972e-10
0.06452609626686023	2.3609428041991343e-10
0.06554872674819473	2.365874646833328e-10
0.0665764703819355	2.370844006786945e-10
0.06760935273384511	2.3758512419006616e-10
0.06864739949751451	2.3808967142955285e-10
0.06969063649500218	2.385980790435146e-10
0.07073908967747725	2.391103841188893e-10
0.07179278512586448	2.396266241896408e-10
0.07285174905149387	2.401468372432826e-10
0.07391600779675113	2.40671061727531e-10
0.07498558783573481	2.411993365571218e-10
0.07606051577491364	2.417317011206231e-10
0.07714081835378801	2.422681952875118e-10
0.0782265224455569	2.4280885941526815e-10
0.07931765505778446	2.433537343566253e-10
0.08041424333307354	2.4390286146696845e-10
0.08151631454973869	2.4445628261182834e-10
0.08262389612248718	2.450140401745323e-10
0.08373701560309972	2.4557617706396836e-10
0.08485570068111534	2.4614273672250175e-10
0.08597997918452092	2.4671376313403785e-10
0.08710987908044335	2.472893008321937e-10
0.08824542847584554	2.478693949086503e-10
0.08938665561822474	2.484540910216576e-10
0.0905335888963159	2.4904343540465603e-10
0.09168625684079766	2.4963747487505054e-10
0.09284468812500156	2.5023625684321356e-10
0.09400891156562662	2.508398293215637e-10
0.09517895612345495	2.5144824093386314e-10
0.09635485090407213	2.5206154092463494e-10
0.09753662515859228	2.5267977916882054e-10
0.09872430828438533	2.533030061815355e-10
0.09991792982580742	2.5393127312806614e-10
0.10111751947493633	2.545646318340227e-10
0.10232310707231096	2.552031347956594e-10
0.10353472260767245	2.5584683519041063e-10
0.1047523962207106	2.5649578688764475e-10
0.1059761582018141	2.571500444595318e-10
0.10720603899282295	2.578096631922085e-10
0.10844206918778705	2.584746990971009e-10
0.10968427953372589	2.5914520892247224e-10
0.11093270093139453	2.5982125016514896e-10
0.11218736443605157	2.605028810825441e-10
0.11344830125823162	2.6119016070482105e-10
0.11471554276452282	2.618831488473484e-10
0.11598912047834534	2.625819061233669e-10
0.11726906608073716	2.63286493956884e-10
0.11855541141114084	2.639969745958362e-10
0.11984818846819666	2.6471341112548996e-10
0.12114742941053756	2.6543586748209145e-10
0.12245316655759021	2.6616440846679177e-10
0.12376543239037813	2.668990997598557e-10
0.12508425955233007	2.6764000793508697e-10
0.12640968085009188	2.683872004745735e-10
0.12774172925434224	2.691407457837323e-10
0.12908043790061416	2.6990071320662275e-10
0.13042584009011704	2.706671730415266e-10
0.13177796929056776	2.714401965569143e-10
0.1331368591370207	2.7221985600763585e-10
0.13450254343270562	2.7300622465151626e-10
0.13587505614986897	2.7379937676616547e-10
0.1372544314306183	2.745993876662392e-10
0.13864070358777136	2.7540633372097714e-10
0.14003390710571012	2.762202923720839e-10
0.14143407664123844	2.7704134215200247e-10
0.14284124702444484	2.778695627025084e-10
0.14425545325956707	2.7870503479372977e-10
0.1456767305258648	2.7954784034348497e-10
0.14710511417849395	2.8039806243708546e-10
0.14854063974938644	2.8125578534746565e-10
0.14998334294813345	2.821210945557564e-10
0.1514332596628742	2.829940767722925e-10
0.15289042596118857	2.8387481995800677e-10
0.15435487809099444	2.8476341334630085e-10
0.15582665248144925	2.8565994746533007e-10
0.15730578574385642	2.8656451416078054e-10
0.1587923146725756	2.8747720661909276e-10
0.1602862762459386	2.8839811939114245e-10
0.1617877076271685	2.893273484165078e-10
0.16329664616530448	2.902649910481037e-10
0.16481312939613094	2.9121114607744246e-10
0.16633719504311156	2.9216591376039617e-10
0.16786888101832692	2.9312939584343047e-10
0.16940822542341866	2.941016955904965e-10
0.17095526655053575	2.9508291781042486e-10
0.17251004288328856	2.960731688849275e-10
0.1740725930977048	2.9707255679716093e-10
0.1756429560631934	2.9808119116094214e-10
0.17722117084350925	2.9909918325054084e-10
0.17880727669772659	3.0012664603118405e-10
0.18040131308121543	3.011636941901203e-10
0.18200331964662148	3.0221044416846185e-10
0.18361333624485465	3.032670141935868e-10
0.18523140292607912	3.0433352431239956e-10
0.18685755994070938	3.054100964251512e-10
0.18849184774041308	3.064968543201617e-10
0.19013430697911532	3.0759392370916447e-10
0.19178497851401088	3.0870143226352214e-10
0.19344390340658082	3.098195096511936e-10
0.19511112292361377	3.109482875745237e-10
0.1967866785382319	3.120878998089128e-10
0.19847061193092289	3.132384822422771e-10
0.2001629649905775	3.1440017291546476e-10
0.20186377981553055	3.1557311206351663e-10
0.20357309871460819	3.1675744215790217e-10
0.2052909642081813	3.1795330794968446e-10
0.207017419029222	3.19160856513651e-10
0.20875250612436788	3.2038023729348206e-10
0.21049626865498966	3.216116021479321e-10
0.21224874999826462	3.228551053980391e-10
0.21400999374825602	3.241109038754825e-10
0.2157800437169973	3.253791569719713e-10
0.21755894393558234	3.2666002668983677e-10
0.21934673865526005	3.2795367769378917e-10
0.2211434723485364	3.292602773638341e-10
0.22294918971027902	3.3057999584949623e-10
0.22476393565883038	3.319130061252351e-10
0.22658775533712455	3.332594840472105e-10
0.22842069411381005	3.346196084113728e-10
0.23026279758437915	3.3599356101293103e-10
0.23211411157230094	3.373815267072436e-10
0.23397468213016254	3.387836934721144e-10
0.23584455554081346	3.402002524716177e-10
0.23772377831851751	3.4163139812145786e-10
0.23961239721011024	3.430773281558812e-10
0.24151045919616082	3.4453824369619044e-10
0.24341801149214168	3.460143493209699e-10
0.24533510154960245	3.4750585313796393e-10
0.24726177705735047	3.49012966857739e-10
0.2491980859426373	3.5053590586914387e-10
0.25114407637235053	3.5207488931662073e-10
0.2530997967542124	3.536301401794196e-10
0.2550652957379834	3.5520188535279976e-10
0.2570406222166734	3.56790355731206e-10
0.25902582532775686	3.5839578629354495e-10
0.26102095445439577	3.600184161906074e-10
0.2630260592266676	3.6165848883463674e-10
0.26504118952280104	3.6331625199121185e-10
0.26706639547041516	3.649919578734292e-10
0.26910172744776706	3.666858632384716e-10
0.27114723608500574	3.6839822948662655e-10
0.2732029722654309	3.701293227628822e-10
0.2752689871267581	3.71879414061087e-10
0.2773453320623917	3.7364877933080777e-10
0.2794320587227036	3.7543769958694937e-10
0.281529219016317	3.772464610222514e-10
0.2836368651113984	3.790753551226643e-10
0.28575504943695557	3.809246787857657e-10
0.28788382468414025	3.8279473444230204e-10
0.2900232438075611	3.8468583018093167e-10
0.29217336002659877	3.8659827987623783e-10
0.29433422682673194	3.885324033201821e-10
0.29650589796086546	3.904885263570371e-10
0.29868842745066976	3.9246698102194223e-10
0.30088186958792296	3.944681056831787e-10
0.30308627893586265	3.964922451882932e-10
0.305301710330542	3.985397510141651e-10
0.3075282188821948	4.006109814211698e-10
0.30976585997660583	4.027063016115385e-10
0.31201468927648873	4.048260838920651e-10
0.31427476272287097	4.0697070784129983e-10
0.3165461365364855	4.0914056048135186e-10
0.318828867219168	4.1133603645443903e-10
0.3211230115552639	4.135575382044222e-10
0.32342862661304006	4.1580547616333905e-10
0.3257457697461053	4.18080268943224e-10
0.32807449859483556	4.203823435333259e-10
0.33041487108780954	4.227121355029223e-10
0.3327669454432486	4.250700892098722e-10
0.33513078017046477	4.2745665801513463e-10
0.33750643407131686	4.298723045035006e-10
0.33989396624167323	4.3231750071054964e-10
0.3422934360728816	4.347927283563005e-10
0.34470490325324576	4.3729847908559245e-10
0.3471284277695118	4.398352547154549e-10
0.34956406990835936	4.42403567489759e-10
0.3520118902579012	4.450039403413426e-10
0.3544719497091907	4.476369071619171e-10
0.35694430945773664	4.5030301307990015e-10
0.3594290310050252	4.5300281474659236e-10
0.36192617616005013	4.557368806309494e-10
0.3644358070408504	4.585057913231256e-10
0.36695798607605457	4.613101398472383e-10
0.36949277600643504	4.641505319836532e-10
0.37204023988646695	4.670275866009995e-10
0.374600441085899	4.699419359984073e-10
0.3771734432913285	4.728942262582985e-10
0.379759310507785	4.758851176099867e-10
0.3823581070603237	4.789152848046131e-10
0.3849698975956254	4.819854175017315e-10
0.3875947470836033	4.850962206680988e-10
0.39023272081902133	4.882484149888587e-10
0.3928838844231162	4.914427372918175e-10
0.39554830384523165	4.946799409851924e-10
0.3982260453644579	4.979607965092523e-10
0.4009171755912802	5.012860918025437e-10
0.4036217614692367	5.04656632783015e-10
0.4063398702765827	5.080732438447882e-10
0.40907156962796565	5.115367683710596e-10
0.41181692747610543	5.150480692637314e-10
0.41457601211348605	5.186080294905025e-10
0.4173488921740533	5.222175526498794e-10
0.4201356366349237	5.258775635550646e-10
0.42293631481809807	5.295890088372281e-10
0.4257509963921885	5.333528575689222e-10
0.42857975137414944	5.371701019085751e-10
0.4314226501310203	5.410417577667335e-10
0.43427976338167545	5.449688654949144e-10
0.43715116219858396	5.489524905980453e-10
0.440036918009577	5.529937244713473e-10
0.44293710259962477	5.570936851626533e-10
0.4458517881126228	5.612535181610877e-10
0.4487810470531859	5.654743972134274e-10
0.45172495228845155	5.697575251688743e-10
0.45468357704989376	5.741041348537854e-10
0.45765699493514306	5.785154899771695e-10
0.46064527990981863	5.829928860686659e-10
0.4636485063093676	5.875376514499524e-10
0.4666667488409145	5.921511482411199e-10
0.4697000825851191	5.968347734035745e-10
0.4727485829980444	6.015899598207465e-10
0.4758123259130346	6.064181774184567e-10
0.47889138754259974	6.113209343264464e-10
0.4819858444803126	6.162997780828798e-10
0.4850957737027142	6.213562968836517e-10
0.48822125257122767	6.264921208784385e-10
0.49136235883408375	6.317089235155401e-10
0.49451917062825407	6.370084229374964e-10
0.49769176648139524	6.423923834299933e-10
0.5008802253138022	6.478626169260296e-10
0.5040846264403713	6.534209845680985e-10
0.5073050495725733	6.590693983309379e-10
0.510541574820436	6.648098227071978e-10
0.5137942826945383	6.706442764595151e-10
0.5170632541080108	6.765748344414219e-10
0.520348570378551	6.826036294904809e-10
0.5236503132304436	6.887328543970743e-10
0.5269685647965956	6.949647639519761e-10
0.5303034076205784	7.013016770769372e-10
0.5336549246586811	7.077459790415148e-10
0.5370231992819746	7.143001237707928e-10
0.5404083152783844	7.209666362480245e-10
0.5438103568547764	7.277481150165309e-10
0.5472294086390501	7.346472347862541e-10
0.5506655556822453	7.416667491492384e-10
0.5541188834606565	7.488094934100231e-10
0.5575894778779599	7.560783875362069e-10
0.5610774252673494	7.634764392351328e-10
0.564582812393686	7.710067471631621e-10
0.5681057264556543	7.786725042739737e-10
0.5716462550879327	7.864770013130157e-10
0.5752044863633723	7.944236304655147e-10
0.578780508795189	8.025158891657573e-10
0.5823744113391649	8.107573840761851e-10
0.5859862833958606	8.191518352449411e-10
0.5896162148128399	8.277030804512236e-10
0.5932642958869042	8.364150797483928e-10
0.5969306173663387	8.452919202152688e-10
0.6006152704531702	8.543378209267418e-10
0.6043183468054361	8.635571381555574e-10
0.6080399385394633	8.729543708178678e-10
0.6117801382321605	8.825341661757514e-10
0.615539038923321	8.923013258109101e-10
0.6193167341179376	9.0226081188494e-10
0.6231133177885273	9.124177537017409e-10
0.6269288843774701	9.22777454589557e-10
0.6307635287993573	9.333453991207424e-10
0.6346173464433539	9.441272606887589e-10
0.6384904331755705	9.551289094630968e-10
0.6423828853414483	9.66356420744395e-10
0.6462947997681555	9.778160837432528e-10
0.6502262737669962	9.895144108084367e-10
0.6541774051358311	1.0014581471312001e-9
0.6581482921615099	1.0136542809550424e-9
0.6621390336223173	1.0261100543220244e-9
0.6661497287904288	1.0388329743888688e-9
0.6701804774343807	1.051830825349213e-9
0.6742313798215525	1.065111681000226e-9
0.6783025367206603	1.0786839179951836e-9
0.6823940494042636	1.0925562298273442e-9
0.6865060196512851	1.1067376415927715e-9
0.6906385497495416	1.121237525584887e-9
0.6947917424982893	1.136065617777308e-9
0.6989657012107808	1.1512320352558793e-9
0.7031605297168348	1.1667472946669297e-9
0.7073763323654189	1.1826223317539356e-9
0.7116132140272461	1.1988685220613792e-9
0.715871280097382	1.2154977028919683e-9
0.7201506364978687	1.2325221966115531e-9
0.7244513896803577	1.2499548354045725e-9
0.7287736466287593	1.2678089875943801e-9
0.733117514861903	1.286098585652364e-9
0.7374831024362126	1.3048381560354117e-9
0.7418705179483935	1.3240428510041507e-9
0.7462798705381356	1.3437284825926309e-9
0.7507112698908263	1.3639115589196488e-9
0.7551648262402804	1.38460932305466e-9
0.759640650371482	1.405839794677048e-9
0.7641388536233394	1.4276218147990158e-9
0.7686595478914561	1.449975093857626e-9
0.7732028456309133	1.4729202635223278e-9
0.7777688598590677	1.496478932616543e-9
0.7823577041583629	1.5206737476063116e-9
0.7869694926791548	1.545528458181288e-9
0.7916043401425507	1.5710679885337773e-9
0.7962623618432633	1.597318515041116e-9
0.8009436736524796	1.6243075511734529e-9
0.805648392020742	1.6520640405921184e-9
0.8103766339808457	1.6806184595749976e-9
0.81512851715075	1.7100029301129398e-9
0.8199041597365035	1.74025134527391e-9
0.8247036805351862	1.7713995087402147e-9
0.8295271989378621	1.8034852907992033e-9
0.8343748349325514	1.8365488035299803e-9
0.8392467091072142	1.8706325984954046e-9
0.8441429426527504	1.9057818909450087e-9
0.849063657366014	1.942044815397322e-9
0.8540089756528442	1.9794727185343957e-9
0.8589790205311084	2.0181204966618707e-9
0.863973915633764	2.058046986628068e-9
0.8689739156337638	2.0991497517009138e-9
0.8739739156337636	2.1414375744069897e-9
0.8789739156337634	2.184963167009696e-9
0.8839739156337632	2.2297834098008366e-9
0.8889739156337629	2.275959916047725e-9
0.8939739156337627	2.3235596987991485e-9
0.8989739156337626	2.37265596002163e-9
0.9039739156337624	2.423329026757438e-9
0.9089739156337622	2.4756674641461872e-9
0.913973915633762	2.5297694013920865e-9
0.9189739156337617	2.585744114314259e-9
0.9239739156337615	2.6437139172739715e-9
0.9289739156337613	2.7038164283671094e-9
0.9339739156337611	2.7662072852127727e-9
0.938973915633761	2.8310634049630007e-9
0.9439739156337608	2.8985869019070945e-9
0.9489739156337605	2.9690097999824317e-9
0.9539739156337603	3.042599706523363e-9
0.9589739156337601	3.1196666487627392e-9
0.9639739156337599	3.2005713172563506e-9
0.9689739156337597	3.285735012122081e-9
0.9739739156337595	3.37565165069897e-9
0.9789739156337594	3.4709022712832322e-9
0.9839739156337591	3.572172559821202e-9
0.9889739156337589	3.6802740382819876e-9
0.9939739156337587	3.796169689074868e-9
0.9989739156337585	3.9210049543807964e-9
1.0039739156337584	4.056145248794208e-9
1.008973915633758	4.203221365666716e-9
1.013973915633758	4.364184451072299e-9
1.0189739156337576	4.541372575344837e-9
1.0239739156337575	4.7375913639931865e-9
1.0289739156337572	4.956211673641658e-9
1.033973915633757	5.2012879340705426e-9
1.038973915633757	5.477701548229634e-9
1.0439739156337566	5.7913346771166865e-9
1.0489739156337565	6.149280870658078e-9
1.0539739156337562	6.560100381660136e-9
1.058973915633756	7.034129669038182e-9
1.0639739156337558	7.583856621369057e-9
1.0689739156337557	8.224375488172757e-9
1.0739739156337553	8.973938486193773e-9
1.0789739156337552	9.854624662894693e-9
1.0839739156337551	1.0893150984780018e-8
1.0889739156337548	1.2121855938223587e-8
1.0939739156337547	1.357989238440354e-8
1.0989739156337544	1.531467423938469e-8
1.1039739156337542	1.7383631048459993e-8
1.108973915633754	1.9856336046104844e-8
1.1139739156337538	2.281708727060487e-8
1.1189739156337537	2.636803825861903e-8
1.1239739156337534	3.063299541407452e-8
1.1289739156337533	3.576202409721813e-8
1.133973915633753	4.193703574629513e-8
1.1389739156337528	4.937856505761118e-8
1.1439739156337525	5.8353990781151483e-8
1.1489739156337524	6.918750770138081e-8
1.153973915633752	8.227222288185001e-8
1.158973915633752	9.808482870045978e-8
1.1639739156337519	1.1720340154943758e-7
1.1689739156337515	1.4032899190570086e-7
1.1739739156337514	1.683118131358505e-7
1.178973915633751	2.021830081421192e-7
1.183973915633751	2.4319318114466025e-7
1.1889739156337507	2.92859134227006e-7
1.1939739156337505	3.530205540517629e-7
1.1989739156337504	4.2590876462626794e-7
1.2039739156337501	5.142301107380654e-7
1.20897391563375	6.212670800648725e-7
1.2139739156337497	7.510009297241948e-7
1.2189739156337496	9.082603789141969e-7
1.2239739156337492	1.0989018918365926e-6
1.2289739156337491	1.330028238503961e-6
1.2339739156337488	1.610253426243246e-6
1.2389739156337487	1.9500237905353948e-6
1.2439739156337486	2.3620070782911397e-6
1.2489739156337483	2.861563818374247e-6
1.2539739156337482	3.4673182338414707e-6
1.2589739156337478	4.201849502150592e-6
1.2639739156337477	5.092528422395625e-6
1.2689739156337474	6.1725296267384885e-6
1.2739739156337473	7.482055516236272e-6
1.2789739156337472	9.069815262330966e-6
1.2839739156337469	1.099481065704696e-5
1.2889739156337467	1.332849048164325e-5
1.2939739156337464	1.615734654728291e-5
1.2989739156337463	1.9586037760314195e-5
1.303973915633746	2.3741143528617775e-5
1.3089739156337459	2.8775664483727266e-5
1.3139739156337455	3.487440657946943e-5
1.3189739156337454	4.226040357117936e-5
1.3239739156337453	5.1202551654072495e-5
1.328973915633745	6.202464696015059e-5
1.333973915633745	7.51160290686022e-5
1.3389739156337446	9.094403780253897e-5
1.3439739156337445	0.00011006848083783315
1.3489739156337441	0.000133158278434261
1.353973915633744	0.00016101038886474827
1.358973915633744	0.0001945710111901436
1.3639739156337436	0.0002349588958755926
1.3689739156337435	0.0002834903520747032
1.3739739156337432	0.00034170520809928464
1.378973915633743	0.0004113925490913457
1.3839739156337427	0.0004946145261184267
1.3879804367253072	0.0005726363589778713
1.3919869578168715	0.0006622145589458908
1.395993478908436	0.0007648217042398472
1.4	0.0008820620868077078
