0.0006999999999999628	1.4069279009507991e-8
0.001403500000000035	1.4075634874750139e-8
0.0021105174999999296	1.4082028122765613e-8
0.0028210700874998964	1.4088458877227419e-8
0.003535175437937438	1.4094927387261172e-8
0.004252851315127062	1.4101433905342825e-8
0.004974115571702636	1.4107978685991861e-8
0.005698986149561044	1.4114561985776977e-8
0.006427481080308875	1.412118406333652e-8
0.007159618485710418	1.4127845179399528e-8
0.007895416578138905	1.4134545596805183e-8
0.008634893661029494	1.4141285580525453e-8
0.00937806812933463	1.4148065397684733e-8
0.010124958469981361	1.4154885317583774e-8
0.010875583262331262	1.4161745611718322e-8
0.01162996117864295	1.416864655380487e-8
0.012388110984536127	1.417558841979938e-8
0.013150051539458866	1.4182571487923356e-8
0.013915801797156208	1.4189596038684003e-8
0.014685380806142003	1.4196662354899032e-8
0.015458807710172712	1.4203770721719811e-8
0.01623610174872358	1.4210921426654961e-8
0.017017282257467212	1.4218114759594492e-8
0.017802368668754516	1.4225351012834458e-8
0.01859138051209827	1.4232630481100955e-8
0.019384337414658823	1.4239953461576133e-8
0.020181259101732015	1.4247320253922962e-8
0.020982165397240727	1.4254731160310347e-8
0.02178707622422691	1.4262186485440169e-8
0.02259601160534814	1.426968653657234e-8
0.02340899166337483	1.427723162355286e-8
0.024226036621691812	1.4284822058839054e-8
0.02504716680480027	1.4292458157528632e-8
0.025872402638824326	1.4300140237385512e-8
0.02670176465201842	1.4307868618869471e-8
0.02753527347527842	1.4315643625163208e-8
0.028372949842654864	1.4323465582202034e-8
0.0292148145918682	1.433133481870173e-8
0.03006088866482743	1.4339251666189665e-8
0.03091119310815165	1.4347216459032789e-8
0.0317657490736924	1.4355229534469055e-8
0.03262457781906081	1.4363291232637898e-8
0.03348770070815601	1.4371401896610297e-8
0.034355139211696875	1.4379561872421514e-8
0.035226914907755424	1.4387771509101881e-8
0.03610304948229413	1.4396031158709235e-8
0.03698356472970569	1.4404341176361796e-8
0.03786848255335419	1.4412701920271508e-8
0.038757824966120964	1.4421113751776362e-8
0.03965161409095162	1.4429577035375406e-8
0.04054987216140643	1.4438092138762944e-8
0.04145262152221345	1.4446659432862816e-8
0.04235988462982453	1.445527929186453e-8
0.04327168405297366	1.4463952093258434e-8
0.0441880424732386	1.447267821787188e-8
0.04510898268560485	1.448145804990649e-8
0.046034527599032954	1.4490291976975065e-8
0.04696470023702812	1.4499180390139184e-8
0.04789952373821329	1.4508123683947533e-8
0.048839021356904266	1.4517122256474467e-8
0.04978321646368884	1.4526176509359953e-8
0.05073213254600732	1.45352868478483e-8
0.05168579320873729	1.4544453680829075e-8
0.052644222174780875	1.4553677420878598e-8
0.05360744328565471	1.4562958484300145e-8
0.054575480502083065	1.4572297291166552e-8
0.05554835790459365	1.4581694265362716e-8
0.05652609969411678	1.459114983462944e-8
0.05750873019258755	1.4600664430605555e-8
0.05849627384355038	1.4610238488873623e-8
0.05948875521276831	1.461987244900522e-8
0.060486198988831924	1.462956675460511e-8
0.061488629983776036	1.4639321853358221e-8
0.062496073133695054	1.464913819707656e-8
0.06350855349936363	1.465901624174748e-8
0.06452609626686023	1.4668956447579903e-8
0.06554872674819473	1.4678959279055382e-8
0.0665764703819355	1.4689025204975685e-8
0.06760935273384511	1.4699154698514616e-8
0.06864739949751451	1.4709348237268065e-8
0.06969063649500218	1.4719606303306515e-8
0.07073908967747725	1.4729929383226045e-8
0.07179278512586448	1.4740317968202954e-8
0.07285174905149387	1.4750772554046972e-8
0.07391600779675113	1.4761293641256056e-8
0.07498558783573481	1.4771881735072025e-8
0.07606051577491364	1.4782537345536487e-8
0.07714081835378801	1.4793260987548182e-8
0.0782265224455569	1.4804053180920747e-8
0.07931765505778446	1.4814914450442e-8
0.08041424333307354	1.4825845325932665e-8
0.08151631454973869	1.4836846342307304e-8
0.08262389612248718	1.4847918039636194e-8
0.08373701560309972	1.4859060963206299e-8
0.08485570068111534	1.487027566358572e-8
0.08597997918452092	1.4881562696686961e-8
0.08710987908044335	1.4892922623832387e-8
0.08824542847584554	1.4904356011820292e-8
0.08938665561822474	1.4915863432991267e-8
0.0905335888963159	1.4927445465297183e-8
0.09168625684079766	1.493910269236883e-8
0.09284468812500156	1.4950835703587603e-8
0.09400891156562662	1.4962645094155043e-8
0.09517895612345495	1.497453146516583e-8
0.09635485090407213	1.4986495423681018e-8
0.09753662515859228	1.4998537582801597e-8
0.09872430828438533	1.5010658561745297e-8
0.09991792982580742	1.502285898592179e-8
0.10111751947493633	1.5035139487011036e-8
0.10232310707231096	1.5047500703042938e-8
0.10353472260767245	1.5059943278476222e-8
0.1047523962207106	1.5072467864280713e-8
0.1059761582018141	1.5085075118019678e-8
0.10720603899282295	1.5097765703933433e-8
0.10844206918778705	1.5110540293026056e-8
0.10968427953372589	1.512339956314947e-8
0.11093270093139453	1.5136344199093702e-8
0.11218736443605157	1.5149374892674102e-8
0.11344830125823162	1.516249234282406e-8
0.11471554276452282	1.517569725568571e-8
0.11598912047834534	1.5188990344703375e-8
0.11726906608073716	1.5202372330719116e-8
0.11855541141114084	1.5215843942070016e-8
0.11984818846819666	1.5229405914683692e-8
0.12114742941053756	1.524305899218117e-8
0.12245316655759021	1.5256803925974696e-8
0.12376543239037813	1.5270641475374107e-8
0.12508425955233007	1.5284572407687804e-8
0.12640968085009188	1.5298597498331424e-8
0.12774172925434224	1.531271753093476e-8
0.12908043790061416	1.5326933297450655e-8
0.13042584009011704	1.534124559826803e-8
0.13177796929056776	1.5355655242322512e-8
0.1331368591370207	1.5370163047215238e-8
0.13450254343270562	1.5384769839325564e-8
0.13587505614986897	1.5399476453932786e-8
0.1372544314306183	1.5414283735336234e-8
0.13864070358777136	1.542919253697743e-8
0.14003390710571012	1.5444203721564443e-8
0.14143407664123844	1.5459318161201214e-8
0.14284124702444484	1.5474536737513737e-8
0.14425545325956707	1.5489860341782936e-8
0.1456767305258648	1.550528987507721e-8
0.14710511417849395	1.5520826248388095e-8
0.14854063974938644	1.553647038276815e-8
0.14998334294813345	1.555222320947199e-8
0.1514332596628742	1.556808567009725e-8
0.15289042596118857	1.5584058716730697e-8
0.15435487809099444	1.5600143312095616e-8
0.15582665248144925	1.5616340429701444e-8
0.15730578574385642	1.5632651053996206e-8
0.1587923146725756	1.5649076180522455e-8
0.1602862762459386	1.5665616816074313e-8
0.1617877076271685	1.5682273978858202e-8
0.16329664616530448	1.5699048698656408e-8
0.16481312939613094	1.57159420169937e-8
0.16633719504311156	1.5732954987305188e-8
0.16786888101832692	1.5750088675110118e-8
0.16940822542341866	1.5767344158185446e-8
0.17095526655053575	1.5784722526744464e-8
0.17251004288328856	1.5802224883619222e-8
0.1740725930977048	1.581985234444367e-8
0.1756429560631934	1.5837606037841656e-8
0.17722117084350925	1.5855487105619362e-8
0.17880727669772659	1.587349670295808e-8
0.18040131308121543	1.5891635998614582e-8
0.18200331964662148	1.5909906175120122e-8
0.18361333624485465	1.5928308428988532e-8
0.18523140292607912	1.5946843970923444e-8
0.18685755994070938	1.596551402603118e-8
0.18849184774041308	1.5984319834038488e-8
0.19013430697911532	1.6003262649513012e-8
0.19178497851401088	1.602234374208773e-8
0.19344390340658082	1.604156439668951e-8
0.19511112292361377	1.6060925913773386e-8
0.1967866785382319	1.6080429609559224e-8
0.19847061193092289	1.6100076816273356e-8
0.2001629649905775	1.6119868882396562e-8
0.20186377981553055	1.613980717291261e-8
0.20357309871460819	1.6159893069566743e-8
0.2052909642081813	1.6180127971124277e-8
0.207017419029222	1.620051329363675e-8
0.20875250612436788	1.622105047071338e-8
0.21049626865498966	1.6241740953794976e-8
0.21224874999826462	1.6262586212436547e-8
0.21400999374825602	1.628358773459266e-8
0.2157800437169973	1.6304747026910165e-8
0.21755894393558234	1.6326065615025787e-8
0.21934673865526005	1.634754504386811e-8
0.2211434723485364	1.6369186877967824e-8
0.22294918971027902	1.6390992701773883e-8
0.22476393565883038	1.6412964119972785e-8
0.22658775533712455	1.643510275781818e-8
0.22842069411381005	1.645741026146416e-8
0.23026279758437915	1.647988829830625e-8
0.23211411157230094	1.6502538557329472e-8
0.23397468213016254	1.6525362749461995e-8
0.23584455554081346	1.6548362607937933e-8
0.23772377831851751	1.657153988866553e-8
0.23961239721011024	1.6594896370603008e-8
0.24151045919616082	1.6618433856143888e-8
0.24341801149214168	1.6642154171508016e-8
0.24533510154960245	1.6666059167140625e-8
0.24726177705735047	1.66901507181214e-8
0.2491980859426373	1.6714430724580304e-8
0.25114407637235053	1.6738901112122344e-8
0.2530997967542124	1.6763563832261507e-8
0.2550652957379834	1.6788420862862887e-8
0.2570406222166734	1.6813474208595166e-8
0.25902582532775686	1.683872590139145e-8
0.26102095445439577	1.6864178000921355e-8
0.2630260592266676	1.6889832595070186e-8
0.26504118952280104	1.6915691800431373e-8
0.26706639547041516	1.694175776280749e-8
0.26910172744776706	1.6968032657723076e-8
0.27114723608500574	1.6994518690947618e-8
0.2732029722654309	1.7021218099028998e-8
0.2752689871267581	1.704813314984045e-8
0.2773453320623917	1.7075266143139255e-8
0.2794320587227036	1.7102619411134032e-8
0.281529219016317	1.713019531906961e-8
0.2836368651113984	1.7157996265820752e-8
0.28575504943695557	1.7186024684501086e-8
0.28788382468414025	1.7214283043083896e-8
0.2900232438075611	1.7242773845038328e-8
0.29217336002659877	1.7271499629978746e-8
0.29433422682673194	1.730046297432832e-8
0.29650589796086546	1.7329666491997767e-8
0.29868842745066976	1.735911283508146e-8
0.30088186958792296	1.7388804694564434e-8
0.30308627893586265	1.7418744801052048e-8
0.305301710330542	1.7448935925509453e-8
0.3075282188821948	1.74793808800219e-8
0.30976585997660583	1.7510082518573557e-8
0.31201468927648873	1.7541043737841065e-8
0.31427476272287097	1.7572267478007277e-8
0.3165461365364855	1.760375672359397e-8
0.318828867219168	1.7635514504313074e-8
0.3211230115552639	1.7667543895940193e-8
0.32342862661304006	1.7699848021205524e-8
0.3257457697461053	1.7732430050707814e-8
0.32807449859483556	1.776529320384973e-8
0.33041487108780954	1.7798440749796417e-8
0.3327669454432486	1.783187600845477e-8
0.33513078017046477	1.786560235147941e-8
0.33750643407131686	1.7899623203299568e-8
0.33989396624167323	1.793394204217326e-8
0.3422934360728816	1.7968562401268068e-8
0.34470490325324576	1.800348786976537e-8
0.3471284277695118	1.8038722093993576e-8
0.34956406990835936	1.8074268778589168e-8
0.3520118902579012	1.8110131687688044e-8
0.3544719497091907	1.8146314646144492e-8
0.35694430945773664	1.818282154077935e-8
0.3594290310050252	1.8219656321665708e-8
0.36192617616005013	1.8256823003439638e-8
0.3644358070408504	1.8294325666650084e-8
0.36695798607605457	1.83321684591401e-8
0.36949277600643504	1.837035559746459e-8
0.37204023988646695	1.840889136834354e-8
0.374600441085899	1.844778013015549e-8
0.3771734432913285	1.848702631446665e-8
0.379759310507785	1.852663442760217e-8
0.3823581070603237	1.8566609052257818e-8
0.3849698975956254	1.8606954849154875e-8
0.3875947470836033	1.864767655873755e-8
0.39023272081902133	1.868877900291746e-8
0.3928838844231162	1.8730267086864362e-8
0.39554830384523165	1.8772145800841906e-8
0.3982260453644579	1.8814420222099547e-8
0.4009171755912802	1.8857095516810246e-8
0.4036217614692367	1.890017694206155e-8
0.4063398702765827	1.8943669847905627e-8
0.40907156962796565	1.8987579679460865e-8
0.41181692747610543	1.9031911979075076e-8
0.41457601211348605	1.9076672388546438e-8
0.4173488921740533	1.9121866651408648e-8
0.4201356366349237	1.9167500615280064e-8
0.42293631481809807	1.921358023427796e-8
0.4257509963921885	1.9260111571502924e-8
0.42857975137414944	1.9307100801594236e-8
0.4314226501310203	1.9354554213356717e-8
0.43427976338167545	1.9402478212465484e-8
0.43715116219858396	1.9450879324250318e-8
0.440036918009577	1.949976419655702e-8
0.44293710259962477	1.9549139602696076e-8
0.4458517881126228	1.9599012444480013e-8
0.4487810470531859	1.9649389755343786e-8
0.45172495228845155	1.9700278703567996e-8
0.45468357704989376	1.975168659558949e-8
0.45765699493514306	1.980362087941831e-8
0.46064527990981863	1.985608914815538e-8
0.4636485063093676	1.990909914361695e-8
0.4666667488409145	1.9962658760072487e-8
0.4697000825851191	2.001677604809527e-8
0.4727485829980444	2.0071459218534503e-8
0.4758123259130346	2.0126716646609713e-8
0.47889138754259974	2.0182556876134736e-8
0.4819858444803126	2.0238988623873336e-8
0.4850957737027142	2.0296020784035135e-8
0.48822125257122767	2.0353662432913894e-8
0.49136235883408375	2.0411922833674618e-8
0.49451917062825407	2.0470811441294085e-8
0.49769176648139524	2.0530337907666203e-8
0.5008802253138022	2.0590512086868393e-8
0.5040846264403713	2.0651344040604554e-8
0.5073050495725733	2.0712844043829897e-8
0.510541574820436	2.0775022590557108e-8
0.5137942826945383	2.0837890399862783e-8
0.5170632541080108	2.090145842209436e-8
0.520348570378551	2.0965737845285647e-8
0.5236503132304436	2.1030740101793724e-8
0.5269685647965956	2.1096476875164207e-8
0.5303034076205784	2.116296010723068e-8
0.5336549246586811	2.123020200546511e-8
0.5370231992819746	2.1298215050582196e-8
0.5404083152783844	2.1367012004415503e-8
0.5438103568547764	2.143660591806832e-8
0.5472294086390501	2.1507010140361276e-8
0.5506655556822453	2.1578238326578654e-8
0.5541188834606565	2.1650304447536045e-8
0.5575894778779599	2.17232227989744e-8
0.5610774252673494	2.1797008011303075e-8
0.564582812393686	2.1871675059698265e-8
0.5681057264556543	2.194723927458297e-8
0.5716462550879327	2.2023716352495148e-8
0.5752044863633723	2.2101122367370378e-8
0.578780508795189	2.2179473782247928e-8
0.5823744113391649	2.2258787461433856e-8
0.5859862833958606	2.233908068312322e-8
0.5896162148128399	2.2420371152523457e-8
0.5932642958869042	2.250267701548317e-8
0.5969306173663387	2.258601687266335e-8
0.6006152704531702	2.2670409794272468e-8
0.6043183468054361	2.2755875335389318e-8
0.6080399385394633	2.2842433551904857e-8
0.6117801382321605	2.2930105017117336e-8
0.615539038923321	2.301891083900113e-8
0.6193167341179376	2.3108872678195386e-8
0.6231133177885273	2.3200012766739174e-8
0.6269288843774701	2.3292353927595245e-8
0.6307635287993573	2.338591959500136e-8
0.6346173464433539	2.3480733835687733e-8
0.6384904331755705	2.357682137101387e-8
0.6423828853414483	2.3674207600062827e-8
0.6462947997681555	2.3772918623749508e-8
0.6502262737669962	2.387298126999265e-8
0.6541774051358311	2.39744231200124e-8
0.6581482921615099	2.4077272535809724e-8
0.6621390336223173	2.4181558688891505e-8
0.6661497287904288	2.4287311590315516e-8
0.6701804774343807	2.4394562122124536e-8
0.6742313798215525	2.45033420702456e-8
0.6783025367206603	2.461368415894157e-8
0.6823940494042636	2.472562208690768e-8
0.6865060196512851	2.4839190565096885e-8
0.6906385497495416	2.4954425356388923e-8
0.6947917424982893	2.5071363317205252e-8
0.6989657012107808	2.5190042441187953e-8
0.7031605297168348	2.531050190507309e-8
0.7073763323654189	2.5432782116890636e-8
0.7116132140272461	2.5556924766637127e-8
0.715871280097382	2.5682972879582772e-8
0.7201506364978687	2.581097087238022e-8
0.7244513896803577	2.5940964612161976e-8
0.7287736466287593	2.60730014788258e-8
0.733117514861903	2.620713043072829e-8
0.7374831024362126	2.6343402074019124e-8
0.7418705179483935	2.648186873588155e-8
0.7462798705381356	2.6622584541957854e-8
0.7507112698908263	2.67656054982733e-8
0.7551648262402804	2.6910989577998625e-8
0.759640650371482	2.7058796813430087e-8
0.7641388536233394	2.7209089393608115e-8
0.7686595478914561	2.7361931768031102e-8
0.7732028456309133	2.7517390756991965e-8
0.7777688598590677	2.76755356691089e-8
0.7823577041583629	2.783643842670754e-8
0.7869694926791548	2.8000173699788195e-8
0.7916043401425507	2.8166819049407705e-8
0.7962623618432633	2.8336455081431993e-8
0.8009436736524796	2.850916561173899e-8
0.805648392020742	2.868503784412273e-8
0.8103766339808457	2.8864162562339726e-8
0.81512851715075	2.9046634337972652e-8
0.8199041597365035	2.9232551756057162e-8
0.8247036805351862	2.9422017660768684e-8
0.8295271989378621	2.9615139423855322e-8
0.8343748349325514	2.98120292390121e-8
0.8392467091072142	3.0012804445983224e-8
0.8441429426527504	3.021758788892136e-8
0.849063657366014	3.042650831443508e-8
0.8540089756528442	3.0639700815864906e-8
0.8589790205311084	3.085730733169623e-8
0.863973915633764	3.107947720770809e-8
0.8689739156337638	3.1305462487608634e-8
0.8739739156337636	3.1535142211245706e-8
0.8789739156337634	3.176862619067949e-8
0.8839739156337632	3.2006030305437856e-8
0.8889739156337629	3.2247477151035815e-8
0.8939739156337627	3.249309679322629e-8
0.8989739156337626	3.274302764896571e-8
0.9039739156337624	3.2997417518937116e-8
0.9089739156337622	3.325642480163855e-8
0.913973915633762	3.352021992522309e-8
0.9189739156337617	3.378898704083187e-8
0.9239739156337615	3.4062926030252465e-8
0.9289739156337613	3.4342254891777845e-8
0.9339739156337611	3.46272125815039e-8
0.938973915633761	3.491806240349813e-8
0.9439739156337608	3.521509606187703e-8
0.9489739156337605	3.551863851162657e-8
0.9539739156337603	3.58290537737815e-8
0.9589739156337601	3.614675191551591e-8
0.9639739156337599	3.647219743801957e-8
0.9689739156337597	3.6805919366324666e-8
0.9739739156337595	3.714852339746959e-8
0.9789739156337594	3.750070653877208e-8
0.9839739156337591	3.7863274759434885e-8
0.9889739156337589	3.823716428954376e-8
0.9939739156337587	3.8623467334965665e-8
0.9989739156337585	3.902346313964751e-8
1.0039739156337584	3.943865552452059e-8
1.008973915633758	3.987081827191992e-8
1.013973915633758	4.03220500151953e-8
1.0189739156337576	4.079484064579681e-8
1.0239739156337575	4.129215167779067e-8
1.0289739156337572	4.1817513528447065e-8
1.033973915633757	4.237514330272232e-8
1.038973915633757	4.297008743250001e-8
1.0439739156337566	4.360839444710793e-8
1.0489739156337565	4.4297324274294984e-8
1.0539739156337562	4.504560183272281e-8
1.058973915633756	4.5863724328899265e-8
1.0639739156337558	4.676433367527389e-8
1.0689739156337557	4.7762667876807385e-8
1.0739739156337553	4.887710818174241e-8
1.0789739156337552	5.0129842368798756e-8
1.0839739156337551	5.1547668881476417e-8
1.0889739156337548	5.3162971782821615e-8
1.0939739156337547	5.501490288791556e-8
1.0989739156337544	5.71508151751856e-8
1.1039739156337542	5.962800097120292e-8
1.108973915633754	6.251579979826415e-8
1.1139739156337538	6.589815459585398e-8
1.1189739156337537	6.987671179301949e-8
1.1239739156337534	7.457458104541742e-8
1.1289739156337533	8.014089511862247e-8
1.133973915633753	8.675634031980089e-8
1.1389739156337528	9.463986417104575e-8
1.1439739156337525	1.0405681103442848e-7
1.1489739156337524	1.1532878978461636e-7
1.153973915633752	1.288456423714903e-7
1.158973915633752	1.4507996063749093e-7
1.1639739156337519	1.6460469397946169e-7
1.1689739156337515	1.8811450592032908e-7
1.1739739156337514	2.1645167768208673e-7
1.178973915633751	2.5063752663858994e-7
1.183973915633751	2.919105133898659e-7
1.1889739156337507	3.417724607898801e-7
1.1939739156337505	4.020446108483435e-7
1.1989739156337504	4.749356122470679e-7
1.2039739156337501	5.631239758717481e-7
1.20897391563375	6.698580747473652e-7
1.2139739156337497	7.990774180500482e-7
1.2189739156337496	9.55559720636568e-7
1.2239739156337492	1.1450992490603564e-6
1.2289739156337491	1.3747230877641888e-6
1.2339739156337488	1.6529533778803854e-6
1.2389739156337487	1.9901252875675135e-6
1.2439739156337486	2.3987725394427727e-6
1.2489739156337483	2.8940948225260198e-6
1.2539739156337482	3.4945244433730155e-6
1.2589739156337478	4.2224132317775795e-6
1.2639739156337477	5.1048651396626075e-6
1.2689739156337474	6.174745311300785e-6
1.2739739156337473	7.471902841478493e-6
1.2789739156337472	9.044652191746918e-6
1.2839739156337469	1.0951567558243213e-5
1.2889739156337467	1.3263655676286428e-5
1.2939739156337464	1.606698595444424e-5
1.2989739156337463	1.9465872854273855e-5
1.303973915633746	2.3586724526364696e-5
1.3089739156337459	2.8582694386614077e-5
1.3139739156337455	3.4639299121719484e-5
1.3189739156337454	4.198119813095851e-5
1.3239739156337453	5.0880366220139155e-5
1.328973915633745	6.166593398582453e-5
1.333973915633745	7.47360191479155e-5
1.3389739156337446	9.057192722651216e-5
1.3439739156337445	0.00010975516108306653
1.3489739156337441	0.00013298774490257776
1.353973915633744	0.00016111643702682084
1.358973915633744	0.00019516147387484324
1.3639739156337436	0.00023635054789980997
1.3689739156337435	0.000286158766794857
1.3739739156337432	0.00034635535530112675
1.378973915633743	0.0004190578256780172
1.3839739156337427	0.0005067942318663264
1.3879804367253072	0.0005899535337722052
1.3919869578168715	0.0006864947980112222
1.395993478908436	0.000798478271351987
1.4	0.0009282573891505268
