0.0006999999999999628	4.276384065998387e-9
0.001403500000000035	4.279250886292587e-9
0.0021105174999999296	4.282135066570061e-9
0.0028210700874998964	4.285036668817829e-9
0.003535175437937438	4.287955814014477e-9
0.004252851315127062	4.290892624834944e-9
0.004974115571702636	4.293847225003362e-9
0.005698986149561044	4.296819739295815e-9
0.006427481080308875	4.299810293552072e-9
0.007159618485710418	4.3028190146864635e-9
0.007895416578138905	4.305846030699115e-9
0.008634893661029494	4.308891470687416e-9
0.00937806812933463	4.311955464857837e-9
0.010124958469981361	4.315038144537271e-9
0.010875583262331262	4.318139642185063e-9
0.01162996117864295	4.321260091405235e-9
0.012388110984536127	4.324399626958459e-9
0.013150051539458866	4.327558384774289e-9
0.013915801797156208	4.330736501964021e-9
0.014685380806142003	4.3339341168330715e-9
0.015458807710172712	4.337151368893854e-9
0.01623610174872358	4.340388398878695e-9
0.017017282257467212	4.343645348753141e-9
0.017802368668754516	4.346922361729186e-9
0.01859138051209827	4.350219582278947e-9
0.019384337414658823	4.353537156147963e-9
0.020181259101732015	4.356875230369367e-9
0.020982165397240727	4.360233953278004e-9
0.02178707622422691	4.3636134745240525e-9
0.02259601160534814	4.367013945088248e-9
0.02340899166337483	4.370435517296026e-9
0.024226036621691812	4.373878344832105e-9
0.02504716680480027	4.377342582755936e-9
0.025872402638824326	4.380828387516883e-9
0.02670176465201842	4.384335916969038e-9
0.02753527347527842	4.387865330387293e-9
0.028372949842654864	4.391416788483182e-9
0.0292148145918682	4.394990453420646e-9
0.03006088866482743	4.3985864888322725e-9
0.03091119310815165	4.40220505983606e-9
0.0317657490736924	4.405846333051419e-9
0.03262457781906081	4.409510476616993e-9
0.03348770070815601	4.413197660206869e-9
0.034355139211696875	4.416908055048734e-9
0.035226914907755424	4.420641833940635e-9
0.03610304948229413	4.424399171269359e-9
0.03698356472970569	4.428180243028677e-9
0.03786848255335419	4.4319852268368615e-9
0.038757824966120964	4.435814301956224e-9
0.03965161409095162	4.43966764931124e-9
0.04054987216140643	4.443545451507709e-9
0.04145262152221345	4.447447892852871e-9
0.04235988462982453	4.451375159373556e-9
0.04327168405297366	4.455327438837611e-9
0.0441880424732386	4.459304920773206e-9
0.04510898268560485	4.463307796489228e-9
0.046034527599032954	4.467336259096509e-9
0.04696470023702812	4.471390503528523e-9
0.04789952373821329	4.475470726562908e-9
0.048839021356904266	4.479577126842639e-9
0.04978321646368884	4.4837099048985e-9
0.05073213254600732	4.487869263171017e-9
0.05168579320873729	4.492055406032968e-9
0.052644222174780875	4.496268539812556e-9
0.05360744328565471	4.50050887281632e-9
0.054575480502083065	4.504776615352637e-9
0.05554835790459365	4.5090719797560605e-9
0.05652609969411678	4.513395180410581e-9
0.05750873019258755	4.517746433775381e-9
0.05849627384355038	4.522125958408601e-9
0.05948875521276831	4.526533974993636e-9
0.060486198988831924	4.530970706363776e-9
0.061488629983776036	4.535436377529133e-9
0.062496073133695054	4.5399312157023315e-9
0.06350855349936363	4.544455450325639e-9
0.06452609626686023	4.549009313098115e-9
0.06554872674819473	4.5535930380029e-9
0.0665764703819355	4.55820686133555e-9
0.06760935273384511	4.562851021732348e-9
0.06864739949751451	4.567525760198678e-9
0.06969063649500218	4.572231320138935e-9
0.07073908967747725	4.576967947385327e-9
0.07179278512586448	4.5817358902290525e-9
0.07285174905149387	4.586535399449836e-9
0.07391600779675113	4.591366728347534e-9
0.07498558783573481	4.59623013277346e-9
0.07606051577491364	4.601125871162092e-9
0.07714081835378801	4.606054204563974e-9
0.0782265224455569	4.611015396678207e-9
0.07931765505778446	4.6160097138859955e-9
0.08041424333307354	4.6210374252846846e-9
0.08151631454973869	4.62609880272207e-9
0.08262389612248718	4.631194120831268e-9
0.08373701560309972	4.636323657066487e-9
0.08485570068111534	4.641487691738994e-9
0.08597997918452092	4.6466865080534655e-9
0.08710987908044335	4.6519203921452355e-9
0.08824542847584554	4.657189633118286e-9
0.08938665561822474	4.6624945230833695e-9
0.0905335888963159	4.66783535719704e-9
0.09168625684079766	4.673212433700942e-9
0.09284468812500156	4.678626053961928e-9
0.09400891156562662	4.684076522513392e-9
0.09517895612345495	4.68956414709594e-9
0.09635485090407213	4.6950892386999315e-9
0.09753662515859228	4.700652111608062e-9
0.09872430828438533	4.706253083438614e-9
0.09991792982580742	4.711892475189896e-9
0.10111751947493633	4.717570611284511e-9
0.10232310707231096	4.7232878196156215e-9
0.10353472260767245	4.72904443159232e-9
0.1047523962207106	4.734840782187159e-9
0.1059761582018141	4.740677209983788e-9
0.10720603899282295	4.746554057225222e-9
0.10844206918778705	4.752471669863513e-9
0.10968427953372589	4.758430397609515e-9
0.11093270093139453	4.76443059398386e-9
0.11218736443605157	4.770472616368701e-9
0.11344830125823162	4.776556826060157e-9
0.11471554276452282	4.782683588322186e-9
0.11598912047834534	4.788853272440415e-9
0.11726906608073716	4.795066251777403e-9
0.11855541141114084	4.8013229038289055e-9
0.11984818846819666	4.807623610281043e-9
0.12114742941053756	4.813968757067863e-9
0.12245316655759021	4.8203587344310395e-9
0.12376543239037813	4.826793936978711e-9
0.12508425955233007	4.833274763747511e-9
0.12640968085009188	4.839801618263961e-9
0.12774172925434224	4.846374908607799e-9
0.12908043790061416	4.852995047475633e-9
0.13042584009011704	4.859662452246493e-9
0.13177796929056776	4.866377545047978e-9
0.1331368591370207	4.8731407528239055e-9
0.13450254343270562	4.8799525074023486e-9
0.13587505614986897	4.88681324556572e-9
0.1372544314306183	4.893723409121852e-9
0.13864070358777136	4.9006834449757235e-9
0.14003390710571012	4.907693805203216e-9
0.14143407664123844	4.9147549471256914e-9
0.14284124702444484	4.92186733338596e-9
0.14425545325956707	4.929031432025514e-9
0.1456767305258648	4.936247716563313e-9
0.14710511417849395	4.943516666075801e-9
0.14854063974938644	4.950838765278189e-9
0.14998334294813345	4.9582145046074326e-9
0.1514332596628742	4.965644380306672e-9
0.15289042596118857	4.973128894511216e-9
0.15435487809099444	4.980668555335383e-9
0.15582665248144925	4.988263876961782e-9
0.15730578574385642	4.995915379732047e-9
0.1587923146725756	5.003623590238654e-9
0.1602862762459386	5.011389041418778e-9
0.1617877076271685	5.019212272649993e-9
0.16329664616530448	5.02709382984741e-9
0.16481312939613094	5.035034265562719e-9
0.16633719504311156	5.043034139084779e-9
0.16786888101832692	5.05109401654268e-9
0.16940822542341866	5.059214471010154e-9
0.17095526655053575	5.0673960826119965e-9
0.17251004288328856	5.075639438632145e-9
0.1740725930977048	5.083945133625137e-9
0.1756429560631934	5.0923137695275564e-9
0.17722117084350925	5.100745955773115e-9
0.17880727669772659	5.109242309409647e-9
0.18040131308121543	5.117803455217431e-9
0.18200331964662148	5.126430025830989e-9
0.18361333624485465	5.135122661862026e-9
0.18523140292607912	5.1438820120257205e-9
0.18685755994070938	5.152708733268615e-9
0.18849184774041308	5.161603490899252e-9
0.19013430697911532	5.170566958721681e-9
0.19178497851401088	5.179599819170594e-9
0.19344390340658082	5.188702763450046e-9
0.19511112292361377	5.197876491674423e-9
0.1967866785382319	5.2071217130121704e-9
0.19847061193092289	5.216439145831865e-9
0.2001629649905775	5.225829517852193e-9
0.20186377981553055	5.235293566294108e-9
0.20357309871460819	5.244832038035659e-9
0.2052909642081813	5.254445689771195e-9
0.207017419029222	5.264135288171719e-9
0.20875250612436788	5.273901610050604e-9
0.21049626865498966	5.283745442531187e-9
0.21224874999826462	5.293667583217802e-9
0.21400999374825602	5.303668840370822e-9
0.2157800437169973	5.313750033085096e-9
0.21755894393558234	5.323911991471349e-9
0.21934673865526005	5.33415555684203e-9
0.2211434723485364	5.344481581900836e-9
0.22294918971027902	5.354890930935051e-9
0.22476393565883038	5.365384480013827e-9
0.22658775533712455	5.37596311718852e-9
0.22842069411381005	5.386627742698181e-9
0.23026279758437915	5.397379269179421e-9
0.23211411157230094	5.4082186218800486e-9
0.23397468213016254	5.419146738877279e-9
0.23584455554081346	5.430164571301281e-9
0.23772377831851751	5.441273083562106e-9
0.23961239721011024	5.452473253582619e-9
0.24151045919616082	5.463766073035169e-9
0.24341801149214168	5.475152547584813e-9
0.24533510154960245	5.48663369713588e-9
0.24726177705735047	5.498210556085447e-9
0.2491980859426373	5.50988417358131e-9
0.25114407637235053	5.521655613785477e-9
0.2530997967542124	5.533525956143947e-9
0.2550652957379834	5.5454962956620345e-9
0.2570406222166734	5.5575677431853614e-9
0.25902582532775686	5.569741425687089e-9
0.26102095445439577	5.582018486562541e-9
0.2630260592266676	5.594400085928271e-9
0.26504118952280104	5.606887400929652e-9
0.26706639547041516	5.6194816260540306e-9
0.26910172744776706	5.632183973451449e-9
0.27114723608500574	5.644995673262383e-9
0.2732029722654309	5.657917973952942e-9
0.2752689871267581	5.670952142657259e-9
0.2773453320623917	5.684099465527962e-9
0.2794320587227036	5.69736124809426e-9
0.281529219016317	5.710738815629215e-9
0.2836368651113984	5.724233513523358e-9
0.28575504943695557	5.7378467076690485e-9
0.28788382468414025	5.751579784852442e-9
0.2900232438075611	5.765434153154826e-9
0.29217336002659877	5.779411242363479e-9
0.29433422682673194	5.793512504391392e-9
0.29650589796086546	5.807739413708301e-9
0.29868842745066976	5.822093467779644e-9
0.30088186958792296	5.83657618751819e-9
0.30308627893586265	5.851189117744794e-9
0.305301710330542	5.865933827660643e-9
0.3075282188821948	5.880811911330927e-9
0.30976585997660583	5.895824988179853e-9
0.31201468927648873	5.910974703497484e-9
0.31427476272287097	5.926262728959314e-9
0.3165461365364855	5.941690763158308e-9
0.318828867219168	5.95726053214911e-9
0.3211230115552639	5.972973790007134e-9
0.32342862661304006	5.988832319399739e-9
0.3257457697461053	6.004837932172979e-9
0.32807449859483556	6.020992469951578e-9
0.33041487108780954	6.037297804755191e-9
0.3327669454432486	6.0537558396287606e-9
0.33513078017046477	6.07036850928986e-9
0.33750643407131686	6.0871377807915024e-9
0.33989396624167323	6.1040656542025125e-9
0.3422934360728816	6.121154163304262e-9
0.34470490325324576	6.138405376306411e-9
0.3471284277695118	6.155821396580136e-9
0.34956406990835936	6.173404363410373e-9
0.3520118902579012	6.191156452768089e-9
0.3544719497091907	6.2090798781020925e-9
0.35694430945773664	6.227176891151602e-9
0.3594290310050252	6.245449782781151e-9
0.36192617616005013	6.263900883835533e-9
0.3644358070408504	6.28253256601953e-9
0.36695798607605457	6.30134724279945e-9
0.36949277600643504	6.320347370330204e-9
0.37204023988646695	6.339535448405866e-9
0.374600441085899	6.358914021437168e-9
0.3771734432913285	6.37848567945446e-9
0.379759310507785	6.398253059138739e-9
0.3823581070603237	6.41821884488135e-9
0.3849698975956254	6.4383857698708206e-9
0.3875947470836033	6.458756617212683e-9
0.39023272081902133	6.479334221077683e-9
0.3928838844231162	6.500121467883706e-9
0.39554830384523165	6.521121297510931e-9
0.3982260453644579	6.542336704549982e-9
0.4009171755912802	6.563770739586277e-9
0.4036217614692367	6.585426510521749e-9
0.4063398702765827	6.6073071839324066e-9
0.40907156962796565	6.629415986466692e-9
0.41181692747610543	6.651756206284013e-9
0.41457601211348605	6.674331194533923e-9
0.4173488921740533	6.697144366879786e-9
0.4201356366349237	6.720199205066726e-9
0.42293631481809807	6.743499258535493e-9
0.4257509963921885	6.767048146084938e-9
0.42857975137414944	6.790849557583601e-9
0.4314226501310203	6.8149072557317706e-9
0.43427976338167545	6.839225077878649e-9
0.43715116219858396	6.863806937893225e-9
0.440036918009577	6.888656828091402e-9
0.44293710259962477	6.913778821223803e-9
0.4458517881126228	6.939177072523851e-9
0.4487810470531859	6.964855821819108e-9
0.45172495228845155	6.990819395708962e-9
0.45468357704989376	7.017072209809497e-9
0.45765699493514306	7.043618771069897e-9
0.46064527990981863	7.070463680161534e-9
0.4636485063093676	7.0976116339436546e-9
0.4666667488409145	7.1250674280071106e-9
0.4697000825851191	7.15283595930018e-9
0.4727485829980444	7.180922228840481e-9
0.4758123259130346	7.209331344513081e-9
0.47889138754259974	7.238068523961969e-9
0.4819858444803126	7.267139097575767e-9
0.4850957737027142	7.29654851157252e-9
0.48822125257122767	7.326302331187264e-9
0.49136235883408375	7.356406243966568e-9
0.49451917062825407	7.386866063173308e-9
0.49769176648139524	7.417687731308306e-9
0.5008802253138022	7.448877323750301e-9
0.5040846264403713	7.480441052522432e-9
0.5073050495725733	7.51238527018758e-9
0.510541574820436	7.544716473879891e-9
0.5137942826945383	7.57744130947677e-9
0.5170632541080108	7.610566575917201e-9
0.520348570378551	7.644099229673917e-9
0.5236503132304436	7.678046389383852e-9
0.5269685647965956	7.712415340644687e-9
0.5303034076205784	7.747213540986257e-9
0.5336549246586811	7.782448625018354e-9
0.5370231992819746	7.81812840977131e-9
0.5404083152783844	7.85426090022993e-9
0.5438103568547764	7.890854295073143e-9
0.5472294086390501	7.927916992628112e-9
0.5506655556822453	7.96545759704656e-9
0.5541188834606565	8.003484924716259e-9
0.5575894778779599	8.0420080109137e-9
0.5610774252673494	8.081036116714413e-9
0.564582812393686	8.120578736167678e-9
0.5681057264556543	8.160645603750059e-9
0.5716462550879327	8.201246702111624e-9
0.5752044863633723	8.242392270125488e-9
0.578780508795189	8.284092811257734e-9
0.5823744113391649	8.326359102271172e-9
0.5859862833958606	8.369202202279583e-9
0.5896162148128399	8.412633462168413e-9
0.5932642958869042	8.45666453440016e-9
0.5969306173663387	8.501307383223849e-9
0.6006152704531702	8.546574295306617e-9
0.6043183468054361	8.59247789081005e-9
0.6080399385394633	8.6390311349313e-9
0.6117801382321605	8.686247349935425e-9
0.615539038923321	8.734140227700398e-9
0.6193167341179376	8.782723842803218e-9
0.6231133177885273	8.832012666173794e-9
0.6269288843774701	8.882021579346385e-9
0.6307635287993573	8.932765889341056e-9
0.6346173464433539	8.98426134420487e-9
0.6384904331755705	9.036524149252766e-9
0.6423828853414483	9.089570984041575e-9
0.6462947997681555	9.143419020119085e-9
0.6502262737669962	9.198085939590183e-9
0.6541774051358311	9.25358995454447e-9
0.6581482921615099	9.30994982739486e-9
0.6621390336223173	9.367184892176706e-9
0.6661497287904288	9.425315076863644e-9
0.6701804774343807	9.484360926758067e-9
0.6742313798215525	9.544343629018336e-9
0.6783025367206603	9.605285038389737e-9
0.6823940494042636	9.667207704212457e-9
0.6865060196512851	9.730134898779761e-9
0.6906385497495416	9.79409064713366e-9
0.6947917424982893	9.859099758380758e-9
0.6989657012107808	9.925187858630206e-9
0.7031605297168348	9.992381425650499e-9
0.7073763323654189	1.0060707825359342e-8
0.7116132140272461	1.0130195350265904e-8
0.715871280097382	1.0200873259992853e-8
0.7201506364978687	1.0272771824021676e-8
0.7244513896803577	1.0345922366811245e-8
0.7287736466287593	1.042035731545769e-8
0.733117514861903	1.0496110250074299e-8
0.7374831024362126	1.0573215957091747e-8
0.7418705179483935	1.065171048569466e-8
0.7462798705381356	1.0731631207631351e-8
0.7507112698908263	1.0813016880664641e-8
0.7551648262402804	1.0895907715946673e-8
0.759640650371482	1.0980345449647259e-8
0.7641388536233394	1.1066373419191242e-8
0.7686595478914561	1.1154036644504379e-8
0.7732028456309133	1.1243381914720625e-8
0.7777688598590677	1.1334457880853883e-8
0.7823577041583629	1.1427315155008713e-8
0.7869694926791548	1.1522006416777874e-8
0.7916043401425507	1.1618586527571186e-8
0.7962623618432633	1.1717112653721132e-8
0.8009436736524796	1.181764439934854e-8
0.805648392020742	1.1920243950118352e-8
0.8103766339808457	1.202497622920096e-8
0.81512851715075	1.2131909066979377e-8
0.8199041597365035	1.2241113386306966e-8
0.8247036805351862	1.2352663405441214e-8
0.8295271989378621	1.2466636861180924e-8
0.8343748349325514	1.2583115255203264e-8
0.8392467091072142	1.2702184127189762e-8
0.8441429426527504	1.2823933359048374e-8
0.849063657366014	1.2948457515415305e-8
0.8540089756528442	1.3075856226718693e-8
0.8589790205311084	1.3206234622423946e-8
0.863973915633764	1.3339703823744897e-8
0.8689739156337638	1.3475835382435422e-8
0.8739739156337636	1.3614575894737777e-8
0.8789739156337634	1.3756011879471365e-8
0.8839739156337632	1.3900235159092156e-8
0.8889739156337629	1.4047343473031757e-8
0.8939739156337627	1.419744119494275e-8
0.8989739156337626	1.4350640174471552e-8
0.9039739156337624	1.4507060728266406e-8
0.9089739156337622	1.4666832810049946e-8
0.913973915633762	1.4830097395798155e-8
0.9189739156337617	1.4997008127572222e-8
0.9239739156337615	1.5167733268660337e-8
0.9289739156337613	1.534245803370276e-8
0.9339739156337611	1.552138737083698e-8
0.938973915633761	1.5704749289075603e-8
0.9439739156337608	1.5892798843751913e-8
0.9489739156337605	1.608582291662603e-8
0.9539739156337603	1.6284145956059755e-8
0.9589739156337601	1.64881368775922e-8
0.9639739156337599	1.6698217367572596e-8
0.9689739156337597	1.691487188384152e-8
0.9739739156337595	1.713865970967361e-8
0.9789739156337594	1.7370229492638547e-8
0.9839739156337591	1.7610336791535406e-8
0.9889739156337589	1.7859865265485307e-8
0.9939739156337587	1.8119852273802588e-8
0.9989739156337585	1.839151981842017e-8
1.0039739156337584	1.8676311958499222e-8
1.008973915633758	1.8975940066840145e-8
1.013973915633758	1.9292437588740833e-8
1.0189739156337576	1.9628226316967522e-8
1.0239739156337575	1.998619662465996e-8
1.0289739156337572	2.036980461732411e-8
1.033973915633757	2.078318979499406e-8
1.038973915633757	2.123131757973735e-8
1.0439739156337566	2.172015199051572e-8
1.0489739156337565	2.2256864871692897e-8
1.0539739156337562	2.2850089445261277e-8
1.058973915633756	2.351022761119522e-8
1.0639739156337558	2.4249822427138266e-8
1.0689739156337557	2.50840096330283e-8
1.0739739156337553	2.6031065039359703e-8
1.0789739156337552	2.7113068180146753e-8
1.0839739156337551	2.835670697735197e-8
1.0889739156337548	2.979425343531203e-8
1.0939739156337547	3.146474677875805e-8
1.0989739156337544	3.3415428205895084e-8
1.1039739156337542	3.570348083889971e-8
1.108973915633754	3.839813987040316e-8
1.1139739156337538	4.158325175321419e-8
1.1189739156337537	4.53603780798473e-8
1.1239739156337534	4.985256017676497e-8
1.1289739156337533	5.5208885157933907e-8
1.133973915633753	6.161002416739716e-8
1.1389739156337528	6.927494991232311e-8
1.1439739156337525	7.846908470537857e-8
1.1489739156337524	8.951418374647497e-8
1.153973915633752	1.028003232772845e-7
1.158973915633752	1.1880044195959598e-7
1.1639739156337519	1.3808797929752913e-7
1.1689739156337515	1.6135827070262543e-7
1.1739739156337514	1.8945449920426068e-7
1.178973915633751	2.23399174061814e-7
1.183973915633751	2.644323129741344e-7
1.1889739156337507	3.140577548766283e-7
1.1939739156337505	3.7409933376033035e-7
1.1989739156337504	4.467690117914341e-7
1.2039739156337501	5.347495158765091e-7
1.20897391563375	6.412945621927382e-7
1.2139739156337497	7.703504080266515e-7
1.2189739156337496	9.267032636545803e-7
1.2239739156337492	1.11615805808809e-6
1.2289739156337491	1.3457552164823938e-6
1.2339739156337488	1.624033516287103e-6
1.2389739156337487	1.9613487949051186e-6
1.2439739156337486	2.3702603451372317e-6
1.2489739156337483	2.865999329701598e-6
1.2539739156337482	3.4670365607570828e-6
1.2589739156337478	4.195770629693494e-6
1.2639739156337477	5.0793617612870126e-6
1.2689739156337474	6.150742052174813e-6
1.2739739156337473	7.449839110010683e-6
1.2789739156337472	9.025057739293626e-6
1.2839739156337469	1.0935073457613782e-5
1.2889739156337467	1.3251002541235101e-5
1.2939739156337464	1.605902629600782e-5
1.2989739156337463	1.9463562666180944e-5
1.303973915633746	2.3591096493955812e-5
1.3089739156337459	2.8594801103708805e-5
1.3139739156337455	3.466010877206179e-5
1.3189739156337454	4.201141637188178e-5
1.3239739156337453	5.0920145242428314e-5
1.328973915633745	6.17144111252878e-5
1.333973915633745	7.479060044915259e-5
1.3389739156337446	9.062719242245221e-5
1.3439739156337445	0.00010980121053734567
1.3489739156337441	0.0001330077292096233
1.353973915633744	0.00016108289664392396
1.358973915633744	0.00019503095649436432
1.3639739156337436	0.00023605574817472672
1.3689739156337435	0.0002855971243693964
1.3739739156337432	0.00034537262506102967
1.378973915633743	0.0004174245652722075
1.3839739156337427	0.0005041723981336102
1.3879804367253072	0.0005861914528686342
1.3919869578168715	0.0006811681732158783
1.395993478908436	0.000791017316145986
1.4	0.0009179026769459386
