0.0006999999999999628	6.943244181277575e-10
0.001403500000000035	6.950776242860769e-10
0.0021105174999999296	6.958356903761764e-10
0.0028210700874998964	6.965986312597275e-10
0.003535175437937438	6.973664839210981e-10
0.004252851315127062	6.981392859423949e-10
0.004974115571702636	6.989170752621192e-10
0.005698986149561044	6.996998901766288e-10
0.006427481080308875	7.004877693442253e-10
0.007159618485710418	7.012807517893966e-10
0.007895416578138905	7.020788769069889e-10
0.008634893661029494	7.028821844665741e-10
0.00937806812933463	7.036907146167417e-10
0.010124958469981361	7.045045078895824e-10
0.010875583262331262	7.053236052050749e-10
0.01162996117864295	7.061480478757518e-10
0.012388110984536127	7.069778776112115e-10
0.013150051539458866	7.078131365227955e-10
0.013915801797156208	7.086538671283694e-10
0.014685380806142003	7.0950011235708e-10
0.015458807710172712	7.103519155542163e-10
0.01623610174872358	7.112093204861991e-10
0.017017282257467212	7.120723713455451e-10
0.017802368668754516	7.129411127559319e-10
0.01859138051209827	7.138155897773816e-10
0.019384337414658823	7.146958479114403e-10
0.020181259101732015	7.155819331065359e-10
0.020982165397240727	7.164738917632612e-10
0.02178707622422691	7.17371770739899e-10
0.02259601160534814	7.182756173578867e-10
0.02340899166337483	7.191854794074647e-10
0.024226036621691812	7.201014051533506e-10
0.02504716680480027	7.21023443340483e-10
0.025872402638824326	7.219516431998608e-10
0.02670176465201842	7.22886054454542e-10
0.02753527347527842	7.238267273256089e-10
0.028372949842654864	7.247737125382531e-10
0.0292148145918682	7.257270613280417e-10
0.03006088866482743	7.266868254471435e-10
0.03091119310815165	7.276530571707317e-10
0.0317657490736924	7.286258093034591e-10
0.03262457781906081	7.29605135185988e-10
0.03348770070815601	7.305910887017141e-10
0.034355139211696875	7.315837242834644e-10
0.035226914907755424	7.325830969203783e-10
0.03610304948229413	7.335892621649313e-10
0.03698356472970569	7.346022761398708e-10
0.03786848255335419	7.356221955454985e-10
0.038757824966120964	7.366490776669154e-10
0.03965161409095162	7.376829803813847e-10
0.04054987216140643	7.38723962165854e-10
0.04145262152221345	7.397720821045472e-10
0.04235988462982453	7.408273998967076e-10
0.04327168405297366	7.418899758644084e-10
0.0441880424732386	7.429598709605551e-10
0.04510898268560485	7.440371467769038e-10
0.046034527599032954	7.45121865552323e-10
0.04696470023702812	7.462140901810978e-10
0.04789952373821329	7.473138842213561e-10
0.048839021356904266	7.484213119037052e-10
0.04978321646368884	7.495364381398673e-10
0.05073213254600732	7.506593285316265e-10
0.05168579320873729	7.517900493797162e-10
0.052644222174780875	7.52928667693053e-10
0.05360744328565471	7.54075251197862e-10
0.054575480502083065	7.552298683471975e-10
0.05554835790459365	7.563925883304394e-10
0.05652609969411678	7.575634810830262e-10
0.05750873019258755	7.587426172963105e-10
0.05849627384355038	7.599300684275198e-10
0.05948875521276831	7.611259067099625e-10
0.060486198988831924	7.62330205163358e-10
0.061488629983776036	7.635430376042996e-10
0.062496073133695054	7.647644786569563e-10
0.06350855349936363	7.659946037638034e-10
0.06452609626686023	7.672334891967106e-10
0.06554872674819473	7.684812120680806e-10
0.0665764703819355	7.697378503421635e-10
0.06760935273384511	7.710034828466234e-10
0.06864739949751451	7.722781892842301e-10
0.06969063649500218	7.735620502448076e-10
0.07073908967747725	7.748551472172805e-10
0.07179278512586448	7.761575626019451e-10
0.07285174905149387	7.774693797230148e-10
0.07391600779675113	7.78790682841318e-10
0.07498558783573481	7.801215571670813e-10
0.07606051577491364	7.814620888732002e-10
0.07714081835378801	7.82812365108432e-10
0.0782265224455569	7.84172474010996e-10
0.07931765505778446	7.855425047223342e-10
0.08041424333307354	7.869225474011044e-10
0.08151631454973869	7.883126932373497e-10
0.08262389612248718	7.897130344670494e-10
0.08373701560309972	7.91123664386725e-10
0.08485570068111534	7.925446773684051e-10
0.08597997918452092	7.939761688748872e-10
0.08710987908044335	7.954182354750605e-10
0.08824542847584554	7.968709748597104e-10
0.08938665561822474	7.983344858574389e-10
0.0905335888963159	7.998088684509059e-10
0.09168625684079766	8.012942237933765e-10
0.09284468812500156	8.027906542254344e-10
0.09400891156562662	8.042982632921609e-10
0.09517895612345495	8.058171557603767e-10
0.09635485090407213	8.073474376364559e-10
0.09753662515859228	8.088892161841429e-10
0.09872430828438533	8.104425999429421e-10
0.09991792982580742	8.120076987466377e-10
0.10111751947493633	8.135846237422362e-10
0.10232310707231096	8.151734874092007e-10
0.10353472260767245	8.167744035789837e-10
0.1047523962207106	8.18387487455002e-10
0.1059761582018141	8.200128556328756e-10
0.10720603899282295	8.216506261209566e-10
0.10844206918778705	8.233009183614544e-10
0.10968427953372589	8.249638532516518e-10
0.11093270093139453	8.266395531656779e-10
0.11218736443605157	8.283281419765993e-10
0.11344830125823162	8.300297450789415e-10
0.11471554276452282	8.317444894115202e-10
0.11598912047834534	8.334725034808116e-10
0.11726906608073716	8.352139173846131e-10
0.11855541141114084	8.369688628362449e-10
0.11984818846819666	8.387374731890981e-10
0.12114742941053756	8.405198834615977e-10
0.12245316655759021	8.423162303627914e-10
0.12376543239037813	8.441266523182166e-10
0.12508425955233007	8.459512894962516e-10
0.12640968085009188	8.477902838351169e-10
0.12774172925434224	8.496437790701581e-10
0.12908043790061416	8.515119207617908e-10
0.13042584009011704	8.533948563238049e-10
0.13177796929056776	8.552927350523811e-10
0.1331368591370207	8.572057081554515e-10
0.13450254343270562	8.591339287827172e-10
0.13587505614986897	8.61077552056256e-10
0.1372544314306183	8.63036735101522e-10
0.13864070358777136	8.650116370791649e-10
0.14003390710571012	8.670024192172421e-10
0.14143407664123844	8.69009244844145e-10
0.14284124702444484	8.710322794221499e-10
0.14425545325956707	8.730716905815152e-10
0.1456767305258648	8.751276481553246e-10
0.14710511417849395	8.772003242149221e-10
0.14854063974938644	8.792898931060778e-10
0.14998334294813345	8.813965314858121e-10
0.1514332596628742	8.835204183598852e-10
0.15289042596118857	8.856617351211049e-10
0.15435487809099444	8.878206655883261e-10
0.15582665248144925	8.899973960461812e-10
0.15730578574385642	8.921921152855824e-10
0.1587923146725756	8.944050146450601e-10
0.1602862762459386	8.966362880528603e-10
0.1617877076271685	8.988861320699294e-10
0.16329664616530448	9.011547459335992e-10
0.16481312939613094	9.03442331602364e-10
0.16633719504311156	9.057490938012864e-10
0.16786888101832692	9.080752400685188e-10
0.16940822542341866	9.104209808025849e-10
0.17095526655053575	9.12786529310742e-10
0.17251004288328856	9.151721018581881e-10
0.1740725930977048	9.17577917718336e-10
0.1756429560631934	9.200041992240965e-10
0.17722117084350925	9.22451171820112e-10
0.17880727669772659	9.249190641162124e-10
0.18040131308121543	9.274081079417553e-10
0.18200331964662148	9.299185384012e-10
0.18361333624485465	9.3245059393084e-10
0.18523140292607912	9.350045163566038e-10
0.18685755994070938	9.375805509530522e-10
0.18849184774041308	9.401789465037508e-10
0.19013430697911532	9.427999553626184e-10
0.19178497851401088	9.454438335168573e-10
0.19344390340658082	9.481108406509094e-10
0.19511112292361377	9.508012402119359e-10
0.1967866785382319	9.535152994766248e-10
0.19847061193092289	9.562532896193491e-10
0.2001629649905775	9.59015485781851e-10
0.20186377981553055	9.618021671443433e-10
0.20357309871460819	9.646136169980472e-10
0.2052909642081813	9.674501228195207e-10
0.207017419029222	9.703119763463028e-10
0.20875250612436788	9.731994736542954e-10
0.21049626865498966	9.761129152369046e-10
0.21224874999826462	9.790526060856096e-10
0.21400999374825602	9.820188557726802e-10
0.2157800437169973	9.85011978535321e-10
0.21755894393558234	9.880322933618804e-10
0.21934673865526005	9.910801240798196e-10
0.2211434723485364	9.941557994456568e-10
0.22294918971027902	9.972596532370113e-10
0.22476393565883038	1.0003920243464044e-9
0.22658775533712455	1.003553256877403e-9
0.22842069411381005	1.0067437002428343e-9
0.23026279758437915	1.0099637092650408e-9
0.23211411157230094	1.0132136442787161e-9
0.23397468213016254	1.0164938712356132e-9
0.23584455554081346	1.019804761811942e-9
0.23772377831851751	1.023146693518179e-9
0.23961239721011024	1.0265200498112609e-9
0.24151045919616082	1.0299252202092223e-9
0.24341801149214168	1.0333626004088665e-9
0.24533510154960245	1.0368325924056974e-9
0.24726177705735047	1.0403356046168182e-9
0.2491980859426373	1.0438720520068006e-9
0.25114407637235053	1.0474423562161494e-9
0.2530997967542124	1.0510469456930152e-9
0.2550652957379834	1.0546862558279102e-9
0.2570406222166734	1.058360729091677e-9
0.25902582532775686	1.0620708151764666e-9
0.26102095445439577	1.0658169711403004e-9
0.2630260592266676	1.0695996615549896e-9
0.26504118952280104	1.0734193586574474e-9
0.26706639547041516	1.07727654250485e-9
0.26910172744776706	1.0811717011332737e-9
0.27114723608500574	1.0851053307204223e-9
0.2732029722654309	1.0890779357520076e-9
0.2752689871267581	1.0930900291923273e-9
0.2773453320623917	1.0971421326590726e-9
0.2794320587227036	1.1012347766022228e-9
0.281529219016317	1.1053685004873786e-9
0.2836368651113984	1.109543852983753e-9
0.28575504943695557	1.1137613921566858e-9
0.28788382468414025	1.1180216856648826e-9
0.2900232438075611	1.1223253109627756e-9
0.29217336002659877	1.1266728555077307e-9
0.29433422682673194	1.1310649169725965e-9
0.29650589796086546	1.1355021034635507e-9
0.29868842745066976	1.1399850337435342e-9
0.30088186958792296	1.1445143374612259e-9
0.30308627893586265	1.1490906553860058e-9
0.305301710330542	1.1537146396489106e-9
0.3075282188821948	1.1583869539896935e-9
0.30976585997660583	1.1631082740103677e-9
0.31201468927648873	1.1678792874353005e-9
0.31427476272287097	1.1727006943780522e-9
0.3165461365364855	1.1775732076152e-9
0.318828867219168	1.1824975528674671e-9
0.3211230115552639	1.1874744690879588e-9
0.32342862661304006	1.1925047087584406e-9
0.3257457697461053	1.1975890381931146e-9
0.32807449859483556	1.2027282378508366e-9
0.33041487108780954	1.2079231026553751e-9
0.3327669454432486	1.2131744423245808e-9
0.33513078017046477	1.218483081708253e-9
0.33750643407131686	1.2238498611353367e-9
0.33989396624167323	1.2292756367703793e-9
0.3422934360728816	1.2347612809800743e-9
0.34470490325324576	1.2403076827094382e-9
0.3471284277695118	1.2459157478689152e-9
0.34956406990835936	1.2515863997316553e-9
0.3520118902579012	1.2573205793423224e-9
0.3544719497091907	1.263119245937121e-9
0.35694430945773664	1.2689833773756962e-9
0.3594290310050252	1.2749139705850584e-9
0.36192617616005013	1.2809120420165107e-9
0.3644358070408504	1.2869786281150913e-9
0.36695798607605457	1.2931147858028146e-9
0.36949277600643504	1.2993215929756723e-9
0.37204023988646695	1.3056001490149193e-9
0.374600441085899	1.3119515753133555e-9
0.3771734432913285	1.3183770158168872e-9
0.379759310507785	1.3248776375817622e-9
0.3823581070603237	1.3314546313485415e-9
0.3849698975956254	1.3381092121327591e-9
0.3875947470836033	1.3448426198332275e-9
0.39023272081902133	1.3516561198584534e-9
0.3928838844231162	1.3585510037719363e-9
0.39554830384523165	1.3655285899566817e-9
0.3982260453644579	1.3725902243000997e-9
0.4009171755912802	1.3797372808995814e-9
0.4036217614692367	1.386971162789555e-9
0.4063398702765827	1.3942933026911115e-9
0.40907156962796565	1.4017051637844802e-9
0.41181692747610543	1.409208240505709e-9
0.41457601211348605	1.416804059367994e-9
0.4173488921740533	1.4244941798088484e-9
0.4201356366349237	1.4322801950638442e-9
0.42293631481809807	1.44016373306812e-9
0.4257509963921885	1.4481464573863834e-9
0.42857975137414944	1.456230068172803e-9
0.4314226501310203	1.464416303161586e-9
0.43427976338167545	1.4727069386897548e-9
0.43715116219858396	1.481103790752773e-9
0.440036918009577	1.4896087160950616e-9
0.44293710259962477	1.4982236133357863e-9
0.4458517881126228	1.5069504241322348e-9
0.4487810470531859	1.5157911343814014e-9
0.45172495228845155	1.5247477754617596e-9
0.45468357704989376	1.5338224255167128e-9
0.45765699493514306	1.5430172107810451e-9
0.46064527990981863	1.5523343069524804e-9
0.4636485063093676	1.5617759406099992e-9
0.4666667488409145	1.5713443906804146e-9
0.4697000825851191	1.581041989955883e-9
0.4727485829980444	1.590871126663422e-9
0.4758123259130346	1.6008342460895926e-9
0.47889138754259974	1.6109338522617229e-9
0.4819858444803126	1.621172509688455e-9
0.4850957737027142	1.6315528451618722e-9
0.48822125257122767	1.6420775496238597e-9
0.49136235883408375	1.65274938009932e-9
0.49451917062825407	1.6635711616989494e-9
0.49769176648139524	1.6745457896948144e-9
0.5008802253138022	1.6856762316713315e-9
0.5040846264403713	1.6969655297552285e-9
0.5073050495725733	1.7084168029279261e-9
0.510541574820436	1.7200332494234319e-9
0.5137942826945383	1.731818149216218e-9
0.5170632541080108	1.74377486660192e-9
0.520348570378551	1.7559068528763175e-9
0.5236503132304436	1.7682176491156267e-9
0.5269685647965956	1.7807108890634905e-9
0.5303034076205784	1.7933903021290759e-9
0.5336549246586811	1.8062597165012892e-9
0.5370231992819746	1.8193230623846828e-9
0.5404083152783844	1.8325843753620396e-9
0.5438103568547764	1.8460477998900505e-9
0.5472294086390501	1.8597175929339692e-9
0.5506655556822453	1.873598127747681e-9
0.5541188834606565	1.887693897806047e-9
0.5575894778779599	1.902009520896928e-9
0.5610774252673494	1.9165497433799217e-9
0.564582812393686	1.931319444620671e-9
0.5681057264556543	1.946323641608318e-9
0.5716462550879327	1.9615674937656087e-9
0.5752044863633723	1.9770563079606806e-9
0.578780508795189	1.992795543730792e-9
0.5823744113391649	2.0087908187283942e-9
0.5859862833958606	2.0250479144005125e-9
0.5896162148128399	2.0415727819132894e-9
0.5932642958869042	2.058371548334488e-9
0.5969306173663387	2.075450523086257e-9
0.6006152704531702	2.092816204683093e-9
0.6043183468054361	2.1104752877692228e-9
0.6080399385394633	2.128434670471375e-9
0.6117801382321605	2.1467014620829234e-9
0.615539038923321	2.1652829910982184e-9
0.6193167341179376	2.184186813614685e-9
0.6231133177885273	2.2034207221234174e-9
0.6269288843774701	2.2229927547089147e-9
0.6307635287993573	2.2429112046809957e-9
0.6346173464433539	2.2631846306623655e-9
0.6384904331755705	2.2838218671574554e-9
0.6423828853414483	2.3048320356304223e-9
0.6462947997681555	2.3262245561200377e-9
0.6502262737669962	2.3480091594240656e-9
0.6541774051358311	2.3701958998842963e-9
0.6581482921615099	2.3927951688094712e-9
0.6621390336223173	2.41581770857285e-9
0.6661497287904288	2.439274627424611e-9
0.6701804774343807	2.4631774150637946e-9
0.6742313798215525	2.487537959014645e-9
0.6783025367206603	2.5123685618590312e-9
0.6823940494042636	2.537681959376912e-9
0.6865060196512851	2.5634913396543712e-9
0.6906385497495416	2.5898103632200753e-9
0.6947917424982893	2.6166531842780894e-9
0.6989657012107808	2.6440344731094653e-9
0.7031605297168348	2.6719694397213793e-9
0.7073763323654189	2.7004738588282152e-9
0.7116132140272461	2.7295640962579994e-9
0.715871280097382	2.759257136883812e-9
0.7201506364978687	2.7895706141903815e-9
0.7244513896803577	2.8205228415949018e-9
0.7287736466287593	2.8521328456535594e-9
0.733117514861903	2.8844204012969476e-9
0.7374831024362126	2.9174060692531922e-9
0.7418705179483935	2.951111235831891e-9
0.7462798705381356	2.985558155263727e-9
0.7507112698908263	3.0207699948079905e-9
0.7551648262402804	3.056770882868385e-9
0.759640650371482	3.093585960382278e-9
0.7641388536233394	3.131241435784057e-9
0.7686595478914561	3.1697646438788038e-9
0.7732028456309133	3.209184109006904e-9
0.7777688598590677	3.2495296129338787e-9
0.7823577041583629	3.2908322679576326e-9
0.7869694926791548	3.33312459579924e-9
0.7916043401425507	3.3764406129279336e-9
0.7962623618432633	3.420815923072961e-9
0.8009436736524796	3.46628781779543e-9
0.805648392020742	3.512895386140045e-9
0.8103766339808457	3.560679634562429e-9
0.81512851715075	3.6096836185376815e-9
0.8199041597365035	3.6599525875161744e-9
0.8247036805351862	3.7115341452024926e-9
0.8295271989378621	3.764478427516441e-9
0.8343748349325514	3.8188383010608855e-9
0.8392467091072142	3.874669585494638e-9
0.8441429426527504	3.932031303909623e-9
0.849063657366014	3.990985966182204e-9
0.8540089756528442	4.0515998913383415e-9
0.8589790205311084	4.113943576297792e-9
0.863973915633764	4.178092120011637e-9
0.8689739156337638	4.2438611716436764e-9
0.8739739156337636	4.3112455081239395e-9
0.8789739156337634	4.3803087391537904e-9
0.8839739156337632	4.45111901560385e-9
0.8889739156337629	4.5237496099104676e-9
0.8939739156337627	4.5982795988958345e-9
0.8989739156337626	4.6747946694902624e-9
0.9039739156337624	4.753388072020845e-9
0.9089739156337622	4.834161750867303e-9
0.913973915633762	4.917227688508614e-9
0.9189739156337617	5.0027095065108795e-9
0.9239739156337615	5.090744376141579e-9
0.9289739156337613	5.181485302344232e-9
0.9339739156337611	5.275103858213749e-9
0.938973915633761	5.371793463345141e-9
0.9439739156337608	5.471773319108e-9
0.9489739156337605	5.575293137756225e-9
0.9539739156337603	5.682638831193263e-9
0.9589739156337601	5.7941393602706395e-9
0.9639739156337599	5.9101749879938275e-9
0.9689739156337597	6.031187231539817e-9
0.9739739156337595	6.157690870466222e-9
0.9789739156337594	6.290288444256518e-9
0.9839739156337591	6.429687764215125e-9
0.9889739156337589	6.576723076137386e-9
0.9939739156337587	6.732380645297215e-9
0.9989739156337585	6.89782969915791e-9
1.0039739156337584	7.07445986195419e-9
1.008973915633758	7.263926456337767e-9
1.013973915633758	7.468205339645052e-9
1.0189739156337576	7.689659296958715e-9
1.0239739156337575	7.931118443272815e-9
1.0289739156337572	8.195977608807929e-9
1.033973915633757	8.4883143144055e-9
1.038973915633757	8.813031711615589e-9
1.0439739156337566	9.17603179333719e-9
1.0489739156337565	9.584425310515274e-9
1.0539739156337562	1.0046786200741243e-8
1.058973915633756	1.057345999694066e-8
1.0639739156337558	1.1176937700908044e-8
1.0689739156337557	1.1872309052751288e-8
1.0739739156337553	1.267781209496651e-8
1.0789739156337552	1.361549952994735e-8
1.0839739156337551	1.4712046737104579e-8
1.0889739156337548	1.5999731613897738e-8
1.0939739156337547	1.751762283238423e-8
1.0989739156337544	1.9313020899983675e-8
1.1039739156337542	2.1443205871955685e-8
1.108973915633754	2.3977557037666386e-8
1.1139739156337538	2.700012382258397e-8
1.1189739156337537	3.0612744034018413e-8
1.1239739156337534	3.493882606271131e-8
1.1289739156337533	4.012793650086081e-8
1.133973915633753	4.636136477916416e-8
1.1389739156337528	5.385887298812147e-8
1.1439739156337525	6.288688339835549e-8
1.1489739156337524	7.376840998798506e-8
1.153973915633752	8.689510553043797e-8
1.158973915633752	1.0274187492806375e-7
1.1639739156337519	1.2188460144606152e-7
1.1689739156337515	1.4502164888260466e-7
1.1739739156337514	1.7299994383662244e-7
1.178973915633751	2.0684661334965525e-7
1.183973915633751	2.47807360656394e-7
1.1889739156337507	2.97393013267886e-7
1.1939739156337505	3.574359824370349e-7
1.1989739156337504	4.301587424699687e-7
1.2039739156337501	5.182568859508568e-7
1.20897391563375	6.249998531724808e-7
1.2139739156337497	7.543530907404317e-7
1.2189739156337496	9.111261893616449e-7
1.2239739156337492	1.1011525130343107e-6
1.2289739156337491	1.3315069958704428e-6
1.2339739156337488	1.6107701901811314e-6
1.2389739156337487	1.949348350048606e-6
1.2439739156337486	2.3598613878898427e-6
1.2489739156337483	2.8576130183009016e-6
1.2539739156337482	3.4611603876921072e-6
1.2589739156337478	4.19300407882012e-6
1.2639739156337477	5.080423692162906e-6
1.2689739156337474	6.156489375650906e-6
1.2739739156337473	7.461285855083415e-6
1.2789739156337472	9.043392884502219e-6
1.2839739156337469	1.096167478323596e-5
1.2889739156337467	1.3287442064473033e-5
1.2939739156337464	1.6107060307767667e-5
1.2989739156337463	1.9525095598389787e-5
1.303973915633746	2.366810223573448e-5
1.3089739156337459	2.8689177123248088e-5
1.3139739156337455	3.477342629664999e-5
1.3189739156337454	4.2144512228551054e-5
1.3239739156337453	5.107247534972012e-5
1.328973915633745	6.188304864942287e-5
1.333973915633745	7.496870854524441e-5
1.3389739156337446	9.080172571605635e-5
1.3439739156337445	0.00010994949213421167
1.3489739156337441	0.00013309239909921333
1.353973915633744	0.00016104451723452002
1.358973915633744	0.00019477727177986736
1.3639739156337436	0.00023544620036462202
1.3689739156337435	0.00028442070768143273
1.3739739156337432	0.0003433164713667047
1.378973915633743	0.00041402978465781225
1.3839739156337427	0.0004987726263515719
1.3879804367253072	0.0005785087363391725
1.3919869578168715	0.0006703893325920765
1.395993478908436	0.0007760660153032674
1.4	0.0008973665354077089
