0.0006999999999999628	2.071849802492642e-11
0.001403500000000035	2.0763058464448623e-11
0.0021105174999999296	2.080795321670607e-11
0.0028210700874998964	2.0853181194092747e-11
0.003535175437937438	2.0898745395925256e-11
0.004252851315127062	2.0944648911116948e-11
0.004974115571702636	2.0990894864466514e-11
0.005698986149561044	2.103748641639638e-11
0.006427481080308875	2.1084426763429937e-11
0.007159618485710418	2.113171913868767e-11
0.007895416578138905	2.1179366812388194e-11
0.008634893661029494	2.122737309236132e-11
0.00937806812933463	2.127574132456571e-11
0.010124958469981361	2.1324474893619922e-11
0.010875583262331262	2.1373577223334203e-11
0.01162996117864295	2.142305177725913e-11
0.012388110984536127	2.1472902059236865e-11
0.013150051539458866	2.1523131613965354e-11
0.013915801797156208	2.1573744027569312e-11
0.014685380806142003	2.1624742928182328e-11
0.015458807710172712	2.167613198653529e-11
0.01623610174872358	2.1727914916559206e-11
0.017017282257467212	2.178009547599397e-11
0.017802368668754516	2.183267746700892e-11
0.01859138051209827	2.1885664736831864e-11
0.019384337414658823	2.1939061178392512e-11
0.020181259101732015	2.1992870730970275e-11
0.020982165397240727	2.2047097380859473e-11
0.02178707622422691	2.2101745162040904e-11
0.02259601160534814	2.215681815686544e-11
0.02340899166337483	2.2212320496751573e-11
0.024226036621691812	2.226825636289073e-11
0.02504716680480027	2.232462998696855e-11
0.025872402638824326	2.2381445651893805e-11
0.02670176465201842	2.2438707692543903e-11
0.02753527347527842	2.24964204965199e-11
0.028372949842654864	2.2554588504915125e-11
0.0292148145918682	2.2613216213098106e-11
0.03006088866482743	2.2672308171507317e-11
0.03091119310815165	2.2731868986458586e-11
0.0317657490736924	2.2791903320970004e-11
0.03262457781906081	2.2852415895596006e-11
0.03348770070815601	2.2913411489280644e-11
0.034355139211696875	2.2974894940220033e-11
0.035226914907755424	2.3036871146745836e-11
0.03610304948229413	2.3099345068219543e-11
0.03698356472970569	2.3162321725942232e-11
0.03786848255335419	2.3225806204084e-11
0.038757824966120964	2.3289803650624967e-11
0.03965161409095162	2.3354319278314893e-11
0.04054987216140643	2.3419358365651118e-11
0.04145262152221345	2.348492625786865e-11
0.04235988462982453	2.3551028367953796e-11
0.04327168405297366	2.3617670177670283e-11
0.0441880424732386	2.3684857238607025e-11
0.04510898268560485	2.3752595173244217e-11
0.046034527599032954	2.3820889676032937e-11
0.04696470023702812	2.388974651450398e-11
0.04789952373821329	2.395917153038543e-11
0.048839021356904266	2.4029170640749873e-11
0.04978321646368884	2.4099749839172757e-11
0.05073213254600732	2.417091519692094e-11
0.05168579320873729	2.4242672864155046e-11
0.052644222174780875	2.4315029071157155e-11
0.05360744328565471	2.4387990129581496e-11
0.054575480502083065	2.4461562433722376e-11
0.05554835790459365	2.4535752461812103e-11
0.05652609969411678	2.4610566777340418e-11
0.05750873019258755	2.468601203039033e-11
0.05849627384355038	2.4762094959013945e-11
0.05948875521276831	2.4838822390616528e-11
0.060486198988831924	2.491620124337879e-11
0.061488629983776036	2.4994238527697435e-11
0.062496073133695054	2.507294134765692e-11
0.06350855349936363	2.515231690252649e-11
0.06452609626686023	2.5232372488284857e-11
0.06554872674819473	2.5313115499172887e-11
0.0665764703819355	2.53945534292766e-11
0.06760935273384511	2.547669387414098e-11
0.06864739949751451	2.555954453240716e-11
0.06969063649500218	2.5643113207490807e-11
0.07073908967747725	2.5727407809281332e-11
0.07179278512586448	2.5812436355882274e-11
0.07285174905149387	2.5898206975379587e-11
0.07391600779675113	2.5984727907641575e-11
0.07498558783573481	2.6072007506160982e-11
0.07606051577491364	2.6160054239922895e-11
0.07714081835378801	2.6248876695313774e-11
0.0782265224455569	2.633848357806737e-11
0.07931765505778446	2.642888371524508e-11
0.08041424333307354	2.6520086057254767e-11
0.08151631454973869	2.6612099679912148e-11
0.08262389612248718	2.6704933786536948e-11
0.08373701560309972	2.6798597710094342e-11
0.08485570068111534	2.6893100915374312e-11
0.08597997918452092	2.698845300121644e-11
0.08710987908044335	2.7084663702774967e-11
0.08824542847584554	2.718174289383209e-11
0.08938665561822474	2.7279700589154835e-11
0.0905335888963159	2.7378546946895953e-11
0.09168625684079766	2.7478292271047888e-11
0.09284468812500156	2.757894701393845e-11
0.09400891156562662	2.7680521778782668e-11
0.09517895612345495	2.7783027322280717e-11
0.09635485090407213	2.78864745572704e-11
0.09753662515859228	2.799087455543035e-11
0.09872430828438533	2.8096238550040652e-11
0.09991792982580742	2.8202577938795115e-11
0.10111751947493633	2.8309904286674754e-11
0.10232310707231096	2.8418229328874193e-11
0.10353472260767245	2.852756497379258e-11
0.1047523962207106	2.8637923306082932e-11
0.1059761582018141	2.8749316589761453e-11
0.10720603899282295	2.88617572713848e-11
0.10844206918778705	2.897525798329045e-11
0.10968427953372589	2.9089831546901744e-11
0.11093270093139453	2.920549097610499e-11
0.11218736443605157	2.9322249480692885e-11
0.11344830125823162	2.944012046988249e-11
0.11471554276452282	2.9559117555902685e-11
0.11598912047834534	2.967925455765709e-11
0.11726906608073716	2.9800545504471517e-11
0.11855541141114084	2.9923004639903943e-11
0.11984818846819666	3.0046646425650475e-11
0.12114742941053756	3.0171485545524084e-11
0.12245316655759021	3.0297536909521215e-11
0.12376543239037813	3.042481565797321e-11
0.12508425955233007	3.055333716578822e-11
0.12640968085009188	3.068311704677722e-11
0.12774172925434224	3.0814171158082175e-11
0.12908043790061416	3.0946515604690766e-11
0.13042584009011704	3.108016674405232e-11
0.13177796929056776	3.121514119079168e-11
0.1331368591370207	3.135145582152755e-11
0.13450254343270562	3.1489127779788365e-11
0.13587505614986897	3.162817448104632e-11
0.1372544314306183	3.176861361785003e-11
0.13864070358777136	3.191046316507461e-11
0.14003390710571012	3.2053741385290496e-11
0.14143407664123844	3.219846683423908e-11
0.14284124702444484	3.234465836644497e-11
0.14425545325956707	3.249233514093338e-11
0.1456767305258648	3.264151662709597e-11
0.14710511417849395	3.279222261066711e-11
0.14854063974938644	3.2944473199845364e-11
0.14998334294813345	3.309828883155066e-11
0.1514332596628742	3.325369027781812e-11
0.15289042596118857	3.3410698652336745e-11
0.15435487809099444	3.356933541714194e-11
0.15582665248144925	3.3729622389447894e-11
0.15730578574385642	3.3891581748645384e-11
0.1587923146725756	3.405523604345804e-11
0.1602862762459386	3.422060819925521e-11
0.1617877076271685	3.4387721525535767e-11
0.16329664616530448	3.455659972359214e-11
0.16481312939613094	3.4727266894336806e-11
0.16633719504311156	3.4899747546320844e-11
0.16786888101832692	3.507406660393159e-11
0.16940822542341866	3.525024941578974e-11
0.17095526655053575	3.542832176333078e-11
0.17251004288328856	3.560830986959712e-11
0.1740725930977048	3.5790240408231135e-11
0.1756429560631934	3.597414051268356e-11
0.17722117084350925	3.616003778563702e-11
0.17880727669772659	3.634796030865651e-11
0.18040131308121543	3.653793665206051e-11
0.18200331964662148	3.6729995885042144e-11
0.18361333624485465	3.692416758601849e-11
0.18523140292607912	3.712048185323755e-11
0.18685755994070938	3.731896931563374e-11
0.18849184774041308	3.7519661143953016e-11
0.19013430697911532	3.77225890621412e-11
0.19178497851401088	3.7927785359012974e-11
0.19344390340658082	3.813528290020507e-11
0.19511112292361377	3.834511514041994e-11
0.1967866785382319	3.8557316135970956e-11
0.19847061193092289	3.877192055763957e-11
0.2001629649905775	3.8988963703844657e-11
0.20186377981553055	3.92084815141409e-11
0.20357309871460819	3.943051058305699e-11
0.2052909642081813	3.9655088174271197e-11
0.207017419029222	3.9882252235149525e-11
0.20875250612436788	4.011204141163914e-11
0.21049626865498966	4.034449506355249e-11
0.21224874999826462	4.057965328021927e-11
0.21400999374825602	4.081755689655223e-11
0.2157800437169973	4.105824750950968e-11
0.21755894393558234	4.1301767494986e-11
0.21934673865526005	4.1548160025128725e-11
0.2211434723485364	4.179746908611087e-11
0.22294918971027902	4.204973949634528e-11
0.22476393565883038	4.230501692518918e-11
0.22658775533712455	4.256334791212038e-11
0.22842069411381005	4.282477988642022e-11
0.23026279758437915	4.30893611873683e-11
0.23211411157230094	4.335714108496902e-11
0.23397468213016254	4.362816980122396e-11
0.23584455554081346	4.3902498531961893e-11
0.23772377831851751	4.418017946925584e-11
0.23961239721011024	4.4461265824425637e-11
0.24151045919616082	4.474581185166842e-11
0.24341801149214168	4.5033872872306686e-11
0.24533510154960245	4.532550529970244e-11
0.24726177705735047	4.562076666483393e-11
0.2491980859426373	4.591971564256985e-11
0.25114407637235053	4.622241207865397e-11
0.2530997967542124	4.6528917017431114e-11
0.2550652957379834	4.68392927303257e-11
0.2570406222166734	4.7153602745106814e-11
0.25902582532775686	4.7471911875959553e-11
0.26102095445439577	4.779428625438449e-11
0.2630260592266676	4.812079336096191e-11
0.26504118952280104	4.845150205799499e-11
0.26706639547041516	4.8786482623070506e-11
0.26910172744776706	4.9125806783558795e-11
0.27114723608500574	4.946954775208735e-11
0.2732029722654309	4.9817780263018717e-11
0.2752689871267581	5.0170580609958355e-11
0.2773453320623917	5.052802668434055e-11
0.2794320587227036	5.089019801511301e-11
0.281529219016317	5.1257175809554295e-11
0.2836368651113984	5.162904299528243e-11
0.28575504943695557	5.200588426346404e-11
0.28788382468414025	5.238778611328798e-11
0.2900232438075611	5.277483689772794e-11
0.29217336002659877	5.31671268706529e-11
0.29433422682673194	5.356474823531259e-11
0.29650589796086546	5.3967795194255866e-11
0.29868842745066976	5.437636400073044e-11
0.30088186958792296	5.479055301160323e-11
0.30308627893586265	5.521046274186661e-11
0.305301710330542	5.563619592076979e-11
0.3075282188821948	5.606785754964475e-11
0.30976585997660583	5.650555496147382e-11
0.31201468927648873	5.6949397882261525e-11
0.31427476272287097	5.73994984942832e-11
0.3165461365364855	5.785597150124633e-11
0.318828867219168	5.83189341954768e-11
0.3211230115552639	5.87885065271509e-11
0.32342862661304006	5.926481117568241e-11
0.3257457697461053	5.974797362332115e-11
0.32807449859483556	6.023812223104478e-11
0.33041487108780954	6.073538831683042e-11
0.3327669454432486	6.123990623638812e-11
0.33513078017046477	6.175181346642912e-11
0.33750643407131686	6.227125069059763e-11
0.33989396624167323	6.2798361888108e-11
0.3422934360728816	6.333329442524508e-11
0.34470490325324576	6.387619914978137e-11
0.3471284277695118	6.44272304884383e-11
0.34956406990835936	6.498654654751723e-11
0.3520118902579012	6.555430921678902e-11
0.3544719497091907	6.613068427677758e-11
0.35694430945773664	6.671584150956295e-11
0.3594290310050252	6.730995481323884e-11
0.36192617616005013	6.791320232014309e-11
0.3644358070408504	6.852576651903557e-11
0.36695798607605457	6.914783438132627e-11
0.36949277600643504	6.977959749156295e-11
0.37204023988646695	7.042125218229162e-11
0.374600441085899	7.107299967348183e-11
0.3771734432913285	7.173504621669597e-11
0.379759310507785	7.240760324417108e-11
0.3823581070603237	7.309088752300099e-11
0.3849698975956254	7.378512131464881e-11
0.3875947470836033	7.449053253996389e-11
0.39023272081902133	7.520735494992031e-11
0.3928838844231162	7.593582830235117e-11
0.39554830384523165	7.667619854483912e-11
0.3982260453644579	7.74287180040776e-11
0.4009171755912802	7.819364558193639e-11
0.4036217614692367	7.897124695847599e-11
0.4063398702765827	7.976179480224351e-11
0.40907156962796565	8.056556898810816e-11
0.41181692747610543	8.138285682295556e-11
0.41457601211348605	8.221395327955684e-11
0.4173488921740533	8.30591612389711e-11
0.4201356366349237	8.391879174181314e-11
0.42293631481809807	8.47931642487581e-11
0.4257509963921885	8.568260691068464e-11
0.42857975137414944	8.658745684884503e-11
0.4314226501310203	8.750806044549947e-11
0.43427976338167545	8.844477364545249e-11
0.43715116219858396	8.939796226895458e-11
0.440036918009577	9.036800233647093e-11
0.44293710259962477	9.135528040581196e-11
0.4458517881126228	9.236019392217383e-11
0.4487810470531859	9.338315158164868e-11
0.45172495228845155	9.44245737087916e-11
0.45468357704989376	9.548489264887981e-11
0.45765699493514306	9.656455317548187e-11
0.46064527990981863	9.766401291406348e-11
0.4636485063093676	9.878374278231486e-11
0.4666667488409145	9.992422744794899e-11
0.4697000825851191	1.0108596580480664e-10
0.4727485829980444	1.0226947146804522e-10
0.4758123259130346	1.0347527328931859e-10
0.47889138754259974	1.0470391589286434e-10
0.4819858444803126	1.0595596023345762e-10
0.4850957737027142	1.0723198417726304e-10
0.48822125257122767	1.0853258310662777e-10
0.49136235883408375	1.0985837054999466e-10
0.49451917062825407	1.1120997883805722e-10
0.49769176648139524	1.1258805978748148e-10
0.5008802253138022	1.1399328541344306e-10
0.5040846264403713	1.1542634867242331e-10
0.5073050495725733	1.1688796423670488e-10
0.510541574820436	1.1837886930210184e-10
0.5137942826945383	1.1989982443060941e-10
0.5170632541080108	1.2145161442960423e-10
0.520348570378551	1.2303504926951085e-10
0.5236503132304436	1.2465096504178308e-10
0.5269685647965956	1.2630022495925878e-10
0.5303034076205784	1.2798372040102464e-10
0.5336549246586811	1.2970237200404675e-10
0.5370231992819746	1.3145713080401892e-10
0.5404083152783844	1.332489794278294e-10
0.5438103568547764	1.3507893334050808e-10
0.5472294086390501	1.3694804214935198e-10
0.5506655556822453	1.3885739096829305e-10
0.5541188834606565	1.4080810184572338e-10
0.5575894778779599	1.4280133525905716e-10
0.5610774252673494	1.4483829167976515e-10
0.564582812393686	1.469202132125149e-10
0.5681057264556543	1.4904838531258347e-10
0.5716462550879327	1.5122413858574305e-10
0.5752044863633723	1.534488506752187e-10
0.578780508795189	1.5572394824049365e-10
0.5823744113391649	1.5805090903317138e-10
0.5859862833958606	1.6043126407531396e-10
0.5896162148128399	1.6286659994606328e-10
0.5932642958869042	1.6535856118279076e-10
0.5969306173663387	1.679088528032915e-10
0.6006152704531702	1.7051924295614734e-10
0.6043183468054361	1.7319156570667166e-10
0.6080399385394633	1.7592772396647668e-10
0.6117801382321605	1.7872969257519438e-10
0.615539038923321	1.8159952154346423e-10
0.6193167341179376	1.8453933946692976e-10
0.6231133177885273	1.8755135712169436e-10
0.6269288843774701	1.906378712523547e-10
0.6307635287993573	1.938012685645766e-10
0.6346173464433539	1.970440299350344e-10
0.6384904331755705	2.003687348524315e-10
0.6423828853414483	2.037780661042896e-10
0.6462947997681555	2.0727481472546208e-10
0.6502262737669962	2.1086188522523656e-10
0.6541774051358311	2.1454230111151232e-10
0.6581482921615099	2.183192107316069e-10
0.6621390336223173	2.2219589345111708e-10
0.6661497287904288	2.2617576619370346e-10
0.6701804774343807	2.3026239036665394e-10
0.6742313798215525	2.344594791990223e-10
0.6783025367206603	2.3877090552152646e-10
0.6823940494042636	2.4320071001957746e-10
0.6865060196512851	2.477531099938929e-10
0.6906385497495416	2.5243250866586137e-10
0.6947917424982893	2.5724350506830437e-10
0.6989657012107808	2.621909045659998e-10
0.7031605297168348	2.672797300545075e-10
0.7073763323654189	2.725152338904376e-10
0.7116132140272461	2.7790291061151584e-10
0.715871280097382	2.8344851051081326e-10
0.7201506364978687	2.8915805413599727e-10
0.7244513896803577	2.950378477920935e-10
0.7287736466287593	3.0109450013480674e-10
0.733117514861903	3.073349399512532e-10
0.7374831024362126	3.1376643523612246e-10
0.7418705179483935	3.203966136843153e-10
0.7462798705381356	3.2723348473588214e-10
0.7507112698908263	3.342854633265253e-10
0.7551648262402804	3.4156139551687473e-10
0.759640650371482	3.4907058619744437e-10
0.7641388536233394	3.5682282909354535e-10
0.7686595478914561	3.648284393270837e-10
0.7732028456309133	3.7309828883034957e-10
0.7777688598590677	3.8164384495250686e-10
0.7823577041583629	3.904772126536403e-10
0.7869694926791548	3.9961118074570463e-10
0.7916043401425507	4.0905927271760283e-10
0.7962623618432633	4.188358027744053e-10
0.8009436736524796	4.2895593783360797e-10
0.805648392020742	4.3943576635694656e-10
0.8103766339808457	4.5029237506203274e-10
0.81512851715075	4.6154393475821893e-10
0.8199041597365035	4.732097967972032e-10
0.8247036805351862	4.853106019282227e-10
0.8295271989378621	4.978684037159115e-10
0.8343748349325514	5.109068091309954e-10
0.8392467091072142	5.244511394813698e-10
0.8441429426527504	5.385286155383918e-10
0.849063657366014	5.531685715647542e-10
0.8540089756528442	5.684027040044878e-10
0.8589790205311084	5.842653619054166e-10
0.863973915633764	6.007938877739257e-10
0.8689739156337638	6.179595223983497e-10
0.8739739156337636	6.357798184802319e-10
0.8789739156337634	6.542920596628452e-10
0.8839739156337632	6.735371302701718e-10
0.8889739156337629	6.935600556794018e-10
0.8939739156337627	7.144106435823922e-10
0.8989739156337626	7.361442466055196e-10
0.9039739156337624	7.588226710168919e-10
0.9089739156337622	7.82515261424403e-10
0.913973915633762	8.073001976373934e-10
0.9189739156337617	8.332660474600123e-10
0.9239739156337615	8.605136283885837e-10
0.9289739156337613	8.891582423386301e-10
0.9339739156337611	9.19332361046222e-10
0.938973915633761	9.511888561738376e-10
0.9439739156337608	9.849048880143499e-10
0.9489739156337605	1.020686590766396e-9
0.9539739156337603	1.0587747215488975e-9
0.9589739156337601	1.0994514757190592e-9
0.9639739156337599	1.1430487139778373e-9
0.9689739156337597	1.1899578987901696e-9
0.9739739156337595	1.240642100759068e-9
0.9789739156337594	1.2956505121255611e-9
0.9839739156337591	1.3556359973850884e-9
0.9889739156337589	1.4213763235772435e-9
0.9939739156337587	1.4937998493320514e-9
0.9989739156337585	1.5740166173434937e-9
1.0039739156337584	1.6633559957818157e-9
1.008973915633758	1.7634122577633857e-9
1.013973915633758	1.8760997834817604e-9
1.0189739156337576	2.0037199280225103e-9
1.0239739156337575	2.1490420326488813e-9
1.0289739156337572	2.3154015847278605e-9
1.033973915633757	2.506819171203876e-9
1.038973915633757	2.728144646572909e-9
1.0439739156337566	2.9852318777121443e-9
1.0489739156337565	3.2851505699277402e-9
1.0539739156337562	3.636443063959386e-9
1.058973915633756	4.04943567429657e-9
1.0639739156337558	4.536616177955494e-9
1.0689739156337557	5.11309153618573e-9
1.0739739156337553	5.797142932042085e-9
1.0789739156337552	6.6108988467339316e-9
1.0839739156337551	7.581151313460193e-9
1.0889739156337548	8.740345844399332e-9
1.0939739156337547	1.0127782025239922e-8
1.0989739156337544	1.1791069655407453e-8
1.1039739156337542	1.3787894876105246e-8
1.108973915633754	1.6188162330401425e-8
1.1139739156337538	1.907659347403124e-8
1.1189739156337537	2.2555878228913977e-8
1.1239739156337534	2.675049788212302e-8
1.1289739156337533	3.1811362255643876e-8
1.133973915633753	3.792143464533836e-8
1.1389739156337528	4.530255498966602e-8
1.1439739156337525	5.4223716559263355e-8
1.1489739156337524	6.501110582994687e-8
1.153973915633752	7.806028114016217e-8
1.158973915633752	9.385094569409271e-8
1.1639739156337519	1.1296486742659539e-7
1.1689739156337515	1.3610761579484386e-7
1.1739739156337514	1.6413492806064842e-7
1.178973915633751	1.9808469034512098e-7
1.183973915633751	2.3921572804537403e-7
1.1889739156337507	2.8905485379658153e-7
1.1939739156337505	3.494539283341795e-7
1.1989739156337504	4.226590615657831e-7
1.2039739156337501	5.113945314003794e-7
1.20897391563375	6.189645426437881e-7
1.2139739156337497	7.49376607059886e-7
1.2189739156337496	9.074911218980996e-7
1.2239739156337492	1.099202685751866e-6
1.2289739156337491	1.3316598508725328e-6
1.2339739156337488	1.613531409594852e-6
1.2389739156337487	1.9553289961326804e-6
1.2439739156337486	2.3697978086678912e-6
1.2489739156337483	2.8723896845322777e-6
1.2539739156337482	3.481835667470767e-6
1.2589739156337478	4.220838674966319e-6
1.2639739156337477	5.11691100010497e-6
1.2689739156337474	6.203386269990446e-6
1.2739739156337473	7.520641240637878e-6
1.2789739156337472	9.117569545716539e-6
1.2839739156337469	1.105335733245139e-5
1.2889739156337467	1.3399619684914348e-5
1.2939739156337464	1.6242966873803383e-5
1.2989739156337463	1.9688080714509646e-5
1.303973915633746	2.3861393449857707e-5
1.3089739156337459	2.8915474166773188e-5
1.3139739156337455	3.503424004357397e-5
1.3189739156337454	4.24391204673587e-5
1.3239739156337453	5.1396309353322934e-5
1.328973915633745	6.222524203144767e-5
1.333973915633745	7.530842385371118e-5
1.3389739156337446	9.11027127637199e-5
1.3439739156337445	0.00011015211030269322
1.3489739156337441	0.00013310203596243029
1.353973915633744	0.00016071493799573968
1.358973915633744	0.00019388691872780802
1.3639739156337436	0.0002336648144019612
1.3689739156337435	0.0002812628637057163
1.3739739156337432	0.0003380777303461098
1.378973915633743	0.00040570023519311666
1.3839739156337427	0.0004859217489556665
1.3879804367253072	0.0005606202379408453
1.3919869578168715	0.000645804057936357
1.395993478908436	0.0007426465952303252
1.4	0.0008523890978286016
