0.0006999999999999628	3.8950641715470084e-10
0.001403500000000035	3.8998595388450816e-10
0.0021105174999999296	3.904686577318583e-10
0.0028210700874998964	3.9095453635295033e-10
0.003535175437937438	3.9144361455734864e-10
0.004252851315127062	3.919359175940595e-10
0.004974115571702636	3.924314709601172e-10
0.005698986149561044	3.929303004013505e-10
0.006427481080308875	3.9343243191533885e-10
0.007159618485710418	3.9393789175438814e-10
0.007895416578138905	3.944467064286085e-10
0.008634893661029494	3.949589027089746e-10
0.00937806812933463	3.954745076304829e-10
0.010124958469981361	3.9599354849530045e-10
0.010875583262331262	3.9651605287598976e-10
0.01162996117864295	3.970420486188011e-10
0.012388110984536127	3.9757156384695897e-10
0.013150051539458866	3.981046269640222e-10
0.013915801797156208	3.9864126665732985e-10
0.014685380806142003	3.9918151190139563e-10
0.015458807710172712	3.997253919614888e-10
0.01623610174872358	4.0027293639712635e-10
0.017017282257467212	4.008241750657336e-10
0.017802368668754516	4.0137913812626273e-10
0.01859138051209827	4.0193785604295095e-10
0.019384337414658823	4.0250035958907374e-10
0.020181259101732015	4.030666798507398e-10
0.020982165397240727	4.0363684823082207e-10
0.02178707622422691	4.0421089645285806e-10
0.02259601160534814	4.0478885656506524e-10
0.02340899166337483	4.053707609443835e-10
0.024226036621691812	4.059566423005974e-10
0.02504716680480027	4.0654653368048963e-10
0.025872402638824326	4.0714046847213157e-10
0.02670176465201842	4.0773848040910624e-10
0.02753527347527842	4.0834060357494024e-10
0.028372949842654864	4.0894687240748315e-10
0.0292148145918682	4.095573217034402e-10
0.03006088866482743	4.101719866229072e-10
0.03091119310815165	4.107909026939999e-10
0.0317657490736924	4.1141410581760343e-10
0.03262457781906081	4.120416322720692e-10
0.03348770070815601	4.1267351871811076e-10
0.034355139211696875	4.1330980220369475e-10
0.035226914907755424	4.139505201690556e-10
0.03610304948229413	4.1459571045174485e-10
0.03698356472970569	4.1524541129177577e-10
0.03786848255335419	4.158996613368647e-10
0.038757824966120964	4.165584996477015e-10
0.03965161409095162	4.1722196570337013e-10
0.04054987216140643	4.178900994068018e-10
0.04145262152221345	4.1856294109032374e-10
0.04235988462982453	4.1924053152128407e-10
0.04327168405297366	4.1992291190783244e-10
0.0441880424732386	4.2061012390464603e-10
0.04510898268560485	4.213022096189213e-10
0.046034527599032954	4.2199921161630563e-10
0.04696470023702812	4.2270117292703804e-10
0.04789952373821329	4.234081370521089e-10
0.048839021356904266	4.2412014796954314e-10
0.04978321646368884	4.2483725014078987e-10
0.05073213254600732	4.2555948851720144e-10
0.05168579320873729	4.262869085466273e-10
0.052644222174780875	4.2701955618009104e-10
0.05360744328565471	4.2775747787861376e-10
0.054575480502083065	4.2850072062007575e-10
0.05554835790459365	4.2924933190627505e-10
0.05652609969411678	4.3000335977004197e-10
0.05750873019258755	4.307628527824667e-10
0.05849627384355038	4.3152786006026573e-10
0.05948875521276831	4.322984312732784e-10
0.060486198988831924	4.330746166520461e-10
0.061488629983776036	4.338564669955199e-10
0.062496073133695054	4.3464403367896035e-10
0.06350855349936363	4.354373686618527e-10
0.06452609626686023	4.362365244960345e-10
0.06554872674819473	4.3704155433396257e-10
0.0665764703819355	4.378525119370371e-10
0.06760935273384511	4.386694516841424e-10
0.06864739949751451	4.3949242858030223e-10
0.06969063649500218	4.4032149826543994e-10
0.07073908967747725	4.411567170233664e-10
0.07179278512586448	4.4199814179083e-10
0.07285174905149387	4.4284583016675776e-10
0.07391600779675113	4.4369984042168855e-10
0.07498558783573481	4.445602315072743e-10
0.07606051577491364	4.454270630660235e-10
0.07714081835378801	4.4630039544114225e-10
0.0782265224455569	4.4718028968663607e-10
0.07931765505778446	4.4806680757745247e-10
0.08041424333307354	4.4896001161989934e-10
0.08151631454973869	4.498599650621934e-10
0.08262389612248718	4.507667319052216e-10
0.08373701560309972	4.516803769134367e-10
0.08485570068111534	4.5260096562597976e-10
0.08597997918452092	4.5352856436797797e-10
0.08710987908044335	4.544632402620423e-10
0.08824542847584554	4.554050612399591e-10
0.08938665561822474	4.5635409605457864e-10
0.0905335888963159	4.5731041429192283e-10
0.09168625684079766	4.58274086383503e-10
0.09284468812500156	4.592451836188375e-10
0.09400891156562662	4.60223778158185e-10
0.09517895612345495	4.612099430455519e-10
0.09635485090407213	4.622037522218392e-10
0.09753662515859228	4.632052805383134e-10
0.09872430828438533	4.642146037702119e-10
0.09991792982580742	4.65231798630735e-10
0.10111751947493633	4.662569427851321e-10
0.10232310707231096	4.672901148651307e-10
0.10353472260767245	4.683313944835917e-10
0.1047523962207106	4.693808622494481e-10
0.1059761582018141	4.704385997828847e-10
0.10720603899282295	4.715046897308108e-10
0.10844206918778705	4.725792157825875e-10
0.10968427953372589	4.736622626860837e-10
0.11093270093139453	4.747539162639659e-10
0.11218736443605157	4.758542634303345e-10
0.11344830125823162	4.769633922076432e-10
0.11471554276452282	4.780813917439057e-10
0.11598912047834534	4.792083523302668e-10
0.11726906608073716	4.803443654188348e-10
0.11855541141114084	4.814895236409164e-10
0.11984818846819666	4.826439208255129e-10
0.12114742941053756	4.83807652018204e-10
0.12245316655759021	4.849808135003789e-10
0.12376543239037813	4.861635028088211e-10
0.12508425955233007	4.873558187556433e-10
0.12640968085009188	4.885578614486149e-10
0.12774172925434224	4.897697323118558e-10
0.12908043790061416	4.909915341069701e-10
0.13042584009011704	4.922233709544842e-10
0.13177796929056776	4.934653483557641e-10
0.1331368591370207	4.947175732153551e-10
0.13450254343270562	4.959801538636845e-10
0.13587505614986897	4.972532000802472e-10
0.1372544314306183	4.985368231172471e-10
0.13864070358777136	4.998311357236343e-10
0.14003390710571012	5.01136252169653e-10
0.14143407664123844	5.024522882718545e-10
0.14284124702444484	5.037793614185864e-10
0.14425545325956707	5.051175905959897e-10
0.1456767305258648	5.06467096414483e-10
0.14710511417849395	5.078280011357663e-10
0.14854063974938644	5.092004287003937e-10
0.14998334294813345	5.105845047558283e-10
0.1514332596628742	5.119803566850846e-10
0.15289042596118857	5.133881136359669e-10
0.15435487809099444	5.148079065507684e-10
0.15582665248144925	5.162398681967526e-10
0.15730578574385642	5.176841331970764e-10
0.1587923146725756	5.191408380623532e-10
0.1602862762459386	5.206101212229798e-10
0.1617877076271685	5.220921230619411e-10
0.16329664616530448	5.235869859484044e-10
0.16481312939613094	5.250948542719188e-10
0.16633719504311156	5.266158744773292e-10
0.16786888101832692	5.281501951004769e-10
0.16940822542341866	5.296979668044508e-10
0.17095526655053575	5.312593424167962e-10
0.17251004288328856	5.32834476967322e-10
0.1740725930977048	5.344235277267856e-10
0.1756429560631934	5.360266542463073e-10
0.17722117084350925	5.376440183976735e-10
0.17880727669772659	5.392757844144021e-10
0.18040131308121543	5.409221189337805e-10
0.18200331964662148	5.425831910395954e-10
0.18361333624485465	5.442591723059914e-10
0.18523140292607912	5.459502368420587e-10
0.18685755994070938	5.476565613374806e-10
0.18849184774041308	5.493783251090695e-10
0.19013430697911532	5.511157101483987e-10
0.19178497851401088	5.52868901170301e-10
0.19344390340658082	5.54638085662593e-10
0.19511112292361377	5.564234539366488e-10
0.1967866785382319	5.582251991792751e-10
0.19847061193092289	5.600435175055518e-10
0.2001629649905775	5.618786080129226e-10
0.20186377981553055	5.637306728363449e-10
0.20357309871460819	5.655999172048125e-10
0.2052909642081813	5.67486549498976e-10
0.207017419029222	5.693907813100367e-10
0.20875250612436788	5.713128275000282e-10
0.21049626865498966	5.7325290626335e-10
0.21224874999826462	5.752112391897061e-10
0.21400999374825602	5.771880513284405e-10
0.2157800437169973	5.791835712542746e-10
0.21755894393558234	5.811980311345668e-10
0.21934673865526005	5.832316667980547e-10
0.2211434723485364	5.852847178051703e-10
0.22294918971027902	5.873574275199453e-10
0.22476393565883038	5.894500431834682e-10
0.22658775533712455	5.915628159891698e-10
0.22842069411381005	5.936960011596828e-10
0.23026279758437915	5.958498580255883e-10
0.23211411157230094	5.9802465010588e-10
0.23397468213016254	6.002206451903078e-10
0.23584455554081346	6.024381154237122e-10
0.23772377831851751	6.046773373921251e-10
0.23961239721011024	6.069385922111992e-10
0.24151045919616082	6.092221656163796e-10
0.24341801149214168	6.115283480553487e-10
0.24533510154960245	6.138574347827427e-10
0.24726177705735047	6.162097259568864e-10
0.2491980859426373	6.185855267390381e-10
0.25114407637235053	6.209851473948593e-10
0.2530997967542124	6.234089033984337e-10
0.2550652957379834	6.258571155386307e-10
0.2570406222166734	6.283301100282178e-10
0.25902582532775686	6.308282186154453e-10
0.26102095445439577	6.333517786984653e-10
0.2630260592266676	6.359011334424356e-10
0.26504118952280104	6.384766318995993e-10
0.26706639547041516	6.410786291322046e-10
0.26910172744776706	6.437074863385498e-10
0.27114723608500574	6.463635709820589e-10
0.2732029722654309	6.490472569236073e-10
0.2752689871267581	6.517589245571781e-10
0.2773453320623917	6.544989609488831e-10
0.2794320587227036	6.572677599793763e-10
0.281529219016317	6.600657224900203e-10
0.2836368651113984	6.62893256432717e-10
0.28575504943695557	6.657507770233884e-10
0.28788382468414025	6.68638706899614e-10
0.2900232438075611	6.715574762820797e-10
0.29217336002659877	6.745075231403394e-10
0.29433422682673194	6.774892933627134e-10
0.29650589796086546	6.805032409307426e-10
0.29868842745066976	6.835498280980353e-10
0.30088186958792296	6.866295255738434e-10
0.30308627893586265	6.897428127114471e-10
0.305301710330542	6.928901777015192e-10
0.3075282188821948	6.960721177705197e-10
0.30976585997660583	6.992891393844584e-10
0.31201468927648873	7.025417584579703e-10
0.31427476272287097	7.058305005690662e-10
0.3165461365364855	7.091559011796071e-10
0.318828867219168	7.125185058617057e-10
0.3211230115552639	7.159188705303225e-10
0.32342862661304006	7.193575616820873e-10
0.3257457697461053	7.228351566406961e-10
0.32807449859483556	7.263522438090569e-10
0.33041487108780954	7.29909422928262e-10
0.3327669454432486	7.33507305343833e-10
0.33513078017046477	7.371465142793402e-10
0.33750643407131686	7.408276851174804e-10
0.33989396624167323	7.445514656892961e-10
0.3422934360728816	7.483185165712827e-10
0.34470490325324576	7.521295113909877e-10
0.3471284277695118	7.559851371412554e-10
0.34956406990835936	7.598860945034152e-10
0.3520118902579012	7.638330981796497e-10
0.3544719497091907	7.678268772350184e-10
0.35694430945773664	7.718681754493067e-10
0.3594290310050252	7.759577516789225e-10
0.36192617616005013	7.80096380229565e-10
0.3644358070408504	7.842848512395917e-10
0.36695798607605457	7.885239710746836e-10
0.36949277600643504	7.928145627342114e-10
0.37204023988646695	7.971574662696125e-10
0.374600441085899	8.015535392150772e-10
0.3771734432913285	8.060036570313664e-10
0.379759310507785	8.105087135626726e-10
0.3823581070603237	8.150696215075087e-10
0.3849698975956254	8.196873129037154e-10
0.3875947470836033	8.243627396282107e-10
0.39023272081902133	8.290968739121955e-10
0.3928838844231162	8.338907088719695e-10
0.39554830384523165	8.38745259056335e-10
0.3982260453644579	8.436615610108514e-10
0.4009171755912802	8.486406738596819e-10
0.4036217614692367	8.536836799057815e-10
0.4063398702765827	8.587916852498762e-10
0.40907156962796565	8.639658204289193e-10
0.41181692747610543	8.692072410750865e-10
0.41457601211348605	8.745171285956552e-10
0.4173488921740533	8.798966908745827e-10
0.4201356366349237	8.853471629970974e-10
0.42293631481809807	8.90869807997262e-10
0.4257509963921885	8.964659176303436e-10
0.42857975137414944	9.021368131702191e-10
0.4314226501310203	9.078838462330755e-10
0.43427976338167545	9.137083996283497e-10
0.43715116219858396	9.196118882379719e-10
0.440036918009577	9.255957599249945e-10
0.44293710259962477	9.31661496472683e-10
0.4458517881126228	9.378106145554316e-10
0.4487810470531859	9.440446667424551e-10
0.45172495228845155	9.503652425359215e-10
0.45468357704989376	9.567739694444966e-10
0.45765699493514306	9.63272514094119e-10
0.46064527990981863	9.698625833771143e-10
0.4636485063093676	9.765459256414273e-10
0.4666667488409145	9.833243319215622e-10
0.4697000825851191	9.901996372128548e-10
0.4727485829980444	9.971737217909461e-10
0.4758123259130346	1.004248512578184e-9
0.47889138754259974	1.0114259845591436e-9
0.4819858444803126	1.0187081622469083e-9
0.4850957737027142	1.026097121202755e-9
0.48822125257122767	1.0335949896109691e-9
0.49136235883408375	1.041203949911581e-9
0.49451917062825407	1.0489262404931612e-9
0.49769176648139524	1.0567641574484116e-9
0.5008802253138022	1.0647200563952138e-9
0.5040846264403713	1.072796354366062e-9
0.5073050495725733	1.0809955317686712e-9
0.510541574820436	1.089320134421087e-9
0.5137942826945383	1.0977727756645212e-9
0.5170632541080108	1.1063561385572695e-9
0.520348570378551	1.1150729781535573e-9
0.5236503132304436	1.1239261238709012e-9
0.5269685647965956	1.1329184819500838e-9
0.5303034076205784	1.1420530380121825e-9
0.5336549246586811	1.1513328597166329e-9
0.5370231992819746	1.1607610995254328e-9
0.5404083152783844	1.170340997578228e-9
0.5438103568547764	1.1800758846835417e-9
0.5472294086390501	1.1899691854313796e-9
0.5506655556822453	1.2000244214334697e-9
0.5541188834606565	1.2102452146965603e-9
0.5575894778779599	1.220635291135834e-9
0.5610774252673494	1.2311984842348327e-9
0.564582812393686	1.2419387388588739e-9
0.5681057264556543	1.2528601152300726e-9
0.5716462550879327	1.2639667930714235e-9
0.5752044863633723	1.2752630759285668e-9
0.578780508795189	1.2867533956780807e-9
0.5823744113391649	1.29844231723189e-9
0.5859862833958606	1.3103345434474786e-9
0.5896162148128399	1.3224349202545462e-9
0.5932642958869042	1.3347484420097081e-9
0.5969306173663387	1.347280257090223e-9
0.6006152704531702	1.3600356737402046e-9
0.6043183468054361	1.3730201661819498e-9
0.6080399385394633	1.3862393810069434e-9
0.6117801382321605	1.3996991438613855e-9
0.615539038923321	1.4134054664419993e-9
0.6193167341179376	1.427364553819542e-9
0.6231133177885273	1.4415828121074478e-9
0.6269288843774701	1.4560668564952285e-9
0.6307635287993573	1.4708235196667104e-9
0.6346173464433539	1.485859860625172e-9
0.6384904331755705	1.5011831739480733e-9
0.6423828853414483	1.5168009994968406e-9
0.6462947997681555	1.5327211326072147e-9
0.6502262737669962	1.5489516347889141e-9
0.6541774051358311	1.5655008449649335e-9
0.6581482921615099	1.5823773912817985e-9
0.6621390336223173	1.5995902035264915e-9
0.6661497287904288	1.6171485261861452e-9
0.6701804774343807	1.6350619321905875e-9
0.6742313798215525	1.6533403373804826e-9
0.6783025367206603	1.671994015746468e-9
0.6823940494042636	1.6910336154891272e-9
0.6865060196512851	1.710470175952642e-9
0.6906385497495416	1.7303151454894273e-9
0.6947917424982893	1.7505804003180382e-9
0.6989657012107808	1.7712782644409245e-9
0.7031605297168348	1.7924215306951683e-9
0.7073763323654189	1.814023483014561e-9
0.7116132140272461	1.8360979199891854e-9
0.715871280097382	1.8586591798155957e-9
0.7201506364978687	1.8817221667399467e-9
0.7244513896803577	1.90530237910504e-9
0.7287736466287593	1.9294159391245603e-9
0.733117514861903	1.954079624518202e-9
0.7374831024362126	1.9793109021566465e-9
0.7418705179483935	2.005127963879937e-9
0.7462798705381356	2.031549764671884e-9
0.7507112698908263	2.0585960633919543e-9
0.7551648262402804	2.086287466291539e-9
0.759640650371482	2.1146454735671786e-9
0.7641388536233394	2.143692529235891e-9
0.7686595478914561	2.1734520746541798e-9
0.7732028456309133	2.2039486060449813e-9
0.7777688598590677	2.235207736447971e-9
0.7823577041583629	2.267256262568074e-9
0.7869694926791548	2.30012223706668e-9
0.7916043401425507	2.333835046925661e-9
0.7962623618432633	2.3684254986124604e-9
0.8009436736524796	2.4039259108949674e-9
0.805648392020742	2.4403702163004447e-9
0.8103766339808457	2.477794072382465e-9
0.81512851715075	2.5162349841750754e-9
0.8199041597365035	2.555732439463228e-9
0.8247036805351862	2.596328058812968e-9
0.8295271989378621	2.638065762681337e-9
0.8343748349325514	2.6809919583908416e-9
0.8392467091072142	2.7251557503229e-9
0.8441429426527504	2.7706091773855342e-9
0.849063657366014	2.817407482673818e-9
0.8540089756528442	2.865609421312318e-9
0.8589790205311084	2.915277613790051e-9
0.863973915633764	2.9664789537434228e-9
0.8689739156337638	3.019073328413445e-9
0.8739739156337636	3.0730633887009266e-9
0.8789739156337634	3.1285073174449235e-9
0.8839739156337632	3.1854676552432512e-9
0.8889739156337629	3.2440118733230688e-9
0.8939739156337627	3.304213048564887e-9
0.8989739156337626	3.366150661152984e-9
0.9039739156337624	3.4299115395301288e-9
0.9089739156337622	3.4955909824787614e-9
0.913973915633762	3.5632940943778834e-9
0.9189739156337617	3.633137377231657e-9
0.9239739156337615	3.7052506322045074e-9
0.9289739156337613	3.779779234474245e-9
0.9339739156337611	3.8568868586331986e-9
0.938973915633761	3.936758748133548e-9
0.9439739156337608	4.019605641983723e-9
0.9489739156337605	4.10566849579896e-9
0.9539739156337603	4.195224163273763e-9
0.9589739156337601	4.2885922392599145e-9
0.9639739156337599	4.386143308208034e-9
0.9689739156337597	4.4883088933517255e-9
0.9739739156337595	4.5955934646048735e-9
0.9789739156337594	4.708588939043412e-9
0.9839739156337591	4.827992199881863e-9
0.9889739156337589	4.954626271477025e-9
0.9939739156337587	5.089465923254782e-9
0.9989739156337585	5.233668639632717e-9
1.0039739156337584	5.388612092125793e-9
1.008973915633758	5.555939491326707e-9
1.013973915633758	5.737614489373002e-9
1.0189739156337576	5.935987658810124e-9
1.0239739156337575	6.153877004719045e-9
1.0289739156337572	6.3946654897264156e-9
1.033973915633757	6.662419185616298e-9
1.038973915633757	6.962030434446595e-9
1.0439739156337566	7.29939133512407e-9
1.0489739156337565	7.681604003250333e-9
1.0539739156337562	8.117235425073207e-9
1.058973915633756	8.616626391981925e-9
1.0639739156337558	9.192266022527532e-9
1.0689739156337557	9.859245830082985e-9
1.0739739156337553	1.0635810267775825e-8
1.0789739156337552	1.1544024289550699e-8
1.0839739156337551	1.2610582842249688e-8
1.0889739156337548	1.3867792512267124e-8
1.0939739156337547	1.535476199043277e-8
1.0989739156337544	1.7118845831423446e-8
1.1039739156337542	1.9217395461681432e-8
1.108973915633754	2.1719882887336152e-8
1.1139739156337538	2.4710476501314392e-8
1.1189739156337537	2.829116530867133e-8
1.1239739156337534	3.258554841421634e-8
1.1289739156337533	3.774343151461471e-8
1.133973915633753	4.394640233923797e-8
1.1389739156337528	5.1414593619389706e-8
1.1439739156337525	6.041488660289255e-8
1.1489739156337524	7.1270862030226e-8
1.153973915633752	8.43748708613498e-8
1.158973915633752	1.002026763274807e-7
1.1639739156337519	1.193312150346563e-7
1.1689739156337515	1.4246014144599692e-7
1.1739739156337514	1.704379614545471e-7
1.178973915633751	2.0429373217947482e-7
1.183973915633751	2.452755129338667e-7
1.1889739156337507	2.9489700421492716e-7
1.1939739156337505	3.5499411686310956e-7
1.1989739156337504	4.2779358347489476e-7
1.2039739156337501	5.159961723247435e-7
1.20897391563375	6.2287760686165e-7
1.2139739156337497	7.524109510802333e-7
1.2189739156337496	9.094150165638861e-7
1.2239739156337492	1.0997343094299457e-6
1.2289739156337491	1.3304571992200431e-6
1.2339739156337488	1.6101803982429603e-6
1.2389739156337487	1.9493295383402878e-6
1.2439739156337486	2.360547681303396e-6
1.2489739156337483	2.8591660690080258e-6
1.2539739156337482	3.463774392165776e-6
1.2589739156337478	4.1969114291223415e-6
1.2639739156337477	5.085901190965257e-6
1.2689739156337474	6.163864836038704e-6
1.2739739156337473	7.47094473333584e-6
1.2789739156337472	9.055784324831335e-6
1.2839739156337469	1.097731604112763e-5
1.2889739156337467	1.3306919651432575e-5
1.2939739156337464	1.613102526527567e-5
1.2989739156337463	1.9554248918114253e-5
1.303973915633746	2.3703164387547093e-5
1.3089739156337459	2.873083263219495e-5
1.3139739156337455	3.4822229896283135e-5
1.3189739156337454	4.22007367041193e-5
1.3239739156337453	5.113587191873441e-5
1.328973915633745	6.195247742596717e-5
1.333973915633745	7.504157767592005e-5
1.3389739156337446	9.087315097125782e-5
1.3439739156337445	0.00011001105119611667
1.3489739156337441	0.00013313030278611475
1.353973915633744	0.00016103694882432662
1.358973915633744	0.00019469055001348015
1.3639739156337436	0.0002352292957410101
1.3689739156337435	0.0002839974798271539
1.3739739156337432	0.00034257479415401187
1.378973915633743	0.000412806486765165
1.3839739156337427	0.0004968329085538936
1.3879804367253072	0.0005757590068037137
1.3919869578168715	0.0006665486930540193
1.395993478908436	0.0007707667740015662
1.4	0.0008901321017190833
