0.0006999999999999628	1.0630994255590948e-10
0.001403500000000035	1.0647753369425761e-10
0.0021105174999999296	1.0664629289831615e-10
0.0028210700874998964	1.0681622004948164e-10
0.003535175437937438	1.0698732485766738e-10
0.004252851315127062	1.071596172610453e-10
0.004974115571702636	1.073331073033455e-10
0.005698986149561044	1.0750780513356115e-10
0.006427481080308875	1.076837210072739e-10
0.007159618485710418	1.0786086528800704e-10
0.007895416578138905	1.0803924844860873e-10
0.008634893661029494	1.0821888107264115e-10
0.00937806812933463	1.0839977385580935e-10
0.010124958469981361	1.0858193760739533e-10
0.010875583262331262	1.0876538325172831e-10
0.01162996117864295	1.0895012182965567e-10
0.012388110984536127	1.0913616450006392e-10
0.013150051539458866	1.0932352254140607e-10
0.013915801797156208	1.0951220735324303e-10
0.014685380806142003	1.0970223045783955e-10
0.015458807710172712	1.0989360350174956e-10
0.01623610174872358	1.1008633825744926e-10
0.017017282257467212	1.1028044662498494e-10
0.017802368668754516	1.1047594063364904e-10
0.01859138051209827	1.106728324436862e-10
0.019384337414658823	1.1087113434801451e-10
0.020181259101732015	1.1107085877398135e-10
0.020982165397240727	1.1127201828515156e-10
0.02178707622422691	1.1147462558310782e-10
0.02259601160534814	1.1167869350929969e-10
0.02340899166337483	1.1188423504689719e-10
0.024226036621691812	1.1209126332269636e-10
0.02504716680480027	1.1229979160904186e-10
0.025872402638824326	1.1250983332578189e-10
0.02670176465201842	1.1272140204225248e-10
0.02753527347527842	1.1293451147930507e-10
0.028372949842654864	1.131491755113419e-10
0.0292148145918682	1.1336540816840916e-10
0.03006088866482743	1.1358322363831053e-10
0.03091119310815165	1.1380263626875308e-10
0.0317657490736924	1.1402366056953315e-10
0.03262457781906081	1.142463112147552e-10
0.03348770070815601	1.1447060304508474e-10
0.034355139211696875	1.1469655107004114e-10
0.035226914907755424	1.1492417047031564e-10
0.03610304948229413	1.1515347660015522e-10
0.03698356472970569	1.1538448498974347e-10
0.03786848255335419	1.1561721134765929e-10
0.038757824966120964	1.1585167156334435e-10
0.03965161409095162	1.1608788170964296e-10
0.04054987216140643	1.1632585804534989e-10
0.04145262152221345	1.1656561701782607e-10
0.04235988462982453	1.168071752656366e-10
0.04327168405297366	1.1705054962125322e-10
0.0441880424732386	1.1729575711378355e-10
0.04510898268560485	1.175428149717623e-10
0.046034527599032954	1.1779174062595847e-10
0.04696470023702812	1.1804255171226958e-10
0.04789952373821329	1.1829526607463712e-10
0.048839021356904266	1.1854990176801965e-10
0.04978321646368884	1.1880647706140777e-10
0.05073213254600732	1.1906501044089588e-10
0.05168579320873729	1.1932552061281881e-10
0.052644222174780875	1.1958802650690464e-10
0.05360744328565471	1.1985254727953331e-10
0.054575480502083065	1.201191023169803e-10
0.05554835790459365	1.2038771123880633e-10
0.05652609969411678	1.2065839390120102e-10
0.05750873019258755	1.209311704004841e-10
0.05849627384355038	1.2120606107658858e-10
0.05948875521276831	1.2148308651664426e-10
0.060486198988831924	1.2176226755861512e-10
0.061488629983776036	1.2204362529498813e-10
0.062496073133695054	1.2232718107654626e-10
0.06350855349936363	1.2261295651618118e-10
0.06452609626686023	1.2290097349280786e-10
0.06554872674819473	1.2319125415529344e-10
0.0665764703819355	1.234838209265177e-10
0.06760935273384511	1.2377869650744835e-10
0.06864739949751451	1.2407590388133007e-10
0.06969063649500218	1.2437546631791707e-10
0.07073908967747725	1.2467740737780488e-10
0.07179278512586448	1.2498175091681042e-10
0.07285174905149387	1.2528852109045784e-10
0.07391600779675113	1.2559774235853512e-10
0.07498558783573481	1.2590943948969834e-10
0.07606051577491364	1.262236375662393e-10
0.07714081835378801	1.2654036198882737e-10
0.0782265224455569	1.2685963848144308e-10
0.07931765505778446	1.271814930963275e-10
0.08041424333307354	1.2750595221905353e-10
0.08151631454973869	1.2783304257367922e-10
0.08262389612248718	1.2816279122799457e-10
0.08373701560309972	1.284952255988702e-10
0.08485570068111534	1.2883037345769329e-10
0.08597997918452092	1.291682629359108e-10
0.08710987908044335	1.2950892253066295e-10
0.08824542847584554	1.298523811105432e-10
0.08938665561822474	1.301986679214309e-10
0.0905335888963159	1.3054781259245685e-10
0.09168625684079766	1.3089984514207371e-10
0.09284468812500156	1.312547959842365e-10
0.09400891156562662	1.3161269593468712e-10
0.09517895612345495	1.3197357621737472e-10
0.09635485090407213	1.3233746847099312e-10
0.09753662515859228	1.327044047556196e-10
0.09872430828438533	1.3307441755950843e-10
0.09991792982580742	1.3344753980598517e-10
0.10111751947493633	1.338238048604939e-10
0.10232310707231096	1.342032465377495e-10
0.10353472260767245	1.3458589910907295e-10
0.1047523962207106	1.3497179730979873e-10
0.1059761582018141	1.3536097634689203e-10
0.10720603899282295	1.3575347190666527e-10
0.10844206918778705	1.3614932016265332e-10
0.10968427953372589	1.3654855778365879e-10
0.11093270093139453	1.3695122194192486e-10
0.11218736443605157	1.3735735032148267e-10
0.11344830125823162	1.37766981126658e-10
0.11471554276452282	1.3818015309074072e-10
0.11598912047834534	1.3859690548482535e-10
0.11726906608073716	1.390172781268235e-10
0.11855541141114084	1.3944131139064243e-10
0.11984818846819666	1.3986904621556622e-10
0.12114742941053756	1.4030052411581316e-10
0.12245316655759021	1.407357871902581e-10
0.12376543239037813	1.4117487813237997e-10
0.12508425955233007	1.416178402403991e-10
0.12640968085009188	1.4206471742760068e-10
0.12774172925434224	1.4251555423288052e-10
0.12908043790061416	1.4297039583149953e-10
0.13042584009011704	1.434292880460343e-10
0.13177796929056776	1.438922773575909e-10
0.1331368591370207	1.443594109172024e-10
0.13450254343270562	1.4483073655747022e-10
0.13587505614986897	1.4530630280446565e-10
0.1372544314306183	1.457861588898342e-10
0.13864070358777136	1.462703547631746e-10
0.14003390710571012	1.4675894110466192e-10
0.14143407664123844	1.4725196933793337e-10
0.14284124702444484	1.4774949164324432e-10
0.14425545325956707	1.482515609708753e-10
0.1456767305258648	1.4875823105484482e-10
0.14710511417849395	1.4926955642688645e-10
0.14854063974938644	1.4978559243071863e-10
0.14998334294813345	1.503063952366463e-10
0.1514332596628742	1.5083202185639729e-10
0.15289042596118857	1.5136253015835459e-10
0.15435487809099444	1.5189797888305152e-10
0.15582665248144925	1.5243842765900747e-10
0.15730578574385642	1.529839370189203e-10
0.1587923146725756	1.5353456841617727e-10
0.1602862762459386	1.540903842417355e-10
0.1617877076271685	1.54651447841343e-10
0.16329664616530448	1.5521782353317397e-10
0.16481312939613094	1.5578957662577625e-10
0.16633719504311156	1.5636677343647562e-10
0.16786888101832692	1.5694948131012285e-10
0.16940822542341866	1.575377686382975e-10
0.17095526655053575	1.5813170487888248e-10
0.17251004288328856	1.5873136057609944e-10
0.1740725930977048	1.5933680738097785e-10
0.1756429560631934	1.5994811807225944e-10
0.17722117084350925	1.6056536657778837e-10
0.17880727669772659	1.6118862799634135e-10
0.18040131308121543	1.6181797861999917e-10
0.18200331964662148	1.6245349595692415e-10
0.18361333624485465	1.6309525875476005e-10
0.18523140292607912	1.6374334702445802e-10
0.18685755994070938	1.643978420646948e-10
0.18849184774041308	1.6505882648683382e-10
0.19013430697911532	1.6572638424042187e-10
0.19178497851401088	1.6640060063931055e-10
0.19344390340658082	1.6708156238832047e-10
0.19511112292361377	1.6776935761056216e-10
0.1967866785382319	1.6846407587536974e-10
0.19847061193092289	1.6916580822682955e-10
0.2001629649905775	1.6987464721306674e-10
0.20186377981553055	1.7059068691609438e-10
0.20357309871460819	1.7131402298245108e-10
0.2052909642081813	1.7204475265448467e-10
0.207017419029222	1.7278297480241782e-10
0.20875250612436788	1.7352878995712258e-10
0.21049626865498966	1.742823003436964e-10
0.21224874999826462	1.7504360991581873e-10
0.21400999374825602	1.758128243909222e-10
0.2157800437169973	1.7659005128619063e-10
0.21755894393558234	1.77375399955445e-10
0.21934673865526005	1.781689816268549e-10
0.2211434723485364	1.7897090944163447e-10
0.22294918971027902	1.7978129849358295e-10
0.22476393565883038	1.8060026586964638e-10
0.22658775533712455	1.8142793069144973e-10
0.22842069411381005	1.822644141578046e-10
0.23026279758437915	1.8310983958828175e-10
0.23211411157230094	1.839643324678683e-10
0.23397468213016254	1.8482802049268378e-10
0.23584455554081346	1.8570103361684537e-10
0.23772377831851751	1.8658350410048667e-10
0.23961239721011024	1.8747556655897893e-10
0.24151045919616082	1.8837735801336684e-10
0.24341801149214168	1.892890179420556e-10
0.24533510154960245	1.9021068833383613e-10
0.24726177705735047	1.911425137421969e-10
0.2491980859426373	1.9208464134103432e-10
0.25114407637235053	1.9303722098177313e-10
0.2530997967542124	1.9400040525193628e-10
0.2550652957379834	1.9497434953522595e-10
0.2570406222166734	1.959592120730942e-10
0.25902582532775686	1.9695515402798866e-10
0.26102095445439577	1.979623395481271e-10
0.2630260592266676	1.9898093583403683e-10
0.26504118952280104	2.0001111320677042e-10
0.26706639547041516	2.01053045177922e-10
0.26910172744776706	2.021069085214779e-10
0.27114723608500574	2.0317288334755904e-10
0.2732029722654309	2.0425115317809365e-10
0.2752689871267581	2.0534190502451946e-10
0.2773453320623917	2.0644532946752903e-10
0.2794320587227036	2.075616207389574e-10
0.281529219016317	2.0869097680585155e-10
0.2836368651113984	2.0983359945682448e-10
0.28575504943695557	2.1098969439070054e-10
0.28788382468414025	2.121594713076016e-10
0.2900232438075611	2.1334314400248882e-10
0.29217336002659877	2.145409304612652e-10
0.29433422682673194	2.1575305295950897e-10
0.29650589796086546	2.16979738163921e-10
0.29868842745066976	2.1822121723659164e-10
0.30088186958792296	2.1947772594212855e-10
0.30308627893586265	2.2074950475778782e-10
0.305301710330542	2.2203679898669812e-10
0.3075282188821948	2.2333985887419858e-10
0.30976585997660583	2.2465893972754192e-10
0.31201468927648873	2.2599430203890427e-10
0.31427476272287097	2.2734621161193838e-10
0.3165461365364855	2.287149396919069e-10
0.318828867219168	2.3010076309954841e-10
0.3211230115552639	2.3150396436879673e-10
0.32342862661304006	2.3292483188846106e-10
0.3257457697461053	2.343636600480241e-10
0.32807449859483556	2.3582074938766745e-10
0.33041487108780954	2.3729640675268887e-10
0.3327669454432486	2.3879094545244937e-10
0.33513078017046477	2.403046854239837e-10
0.33750643407131686	2.4183795340049274e-10
0.33989396624167323	2.433910830847683e-10
0.3422934360728816	2.4496441532786733e-10
0.34470490325324576	2.465582983130784e-10
0.3471284277695118	2.48173087745456e-10
0.34956406990835936	2.4980914704707153e-10
0.3520118902579012	2.5146684755816763e-10
0.3544719497091907	2.5314656874446967e-10
0.35694430945773664	2.548486984108062e-10
0.3594290310050252	2.5657363292133476e-10
0.36192617616005013	2.5832177742653277e-10
0.3644358070408504	2.6009354609722603e-10
0.36695798607605457	2.618893623659351e-10
0.36949277600643504	2.6370965917570097e-10
0.37204023988646695	2.655548792368402e-10
0.374600441085899	2.6742547529163414e-10
0.3771734432913285	2.693219103876077e-10
0.379759310507785	2.712446581593266e-10
0.3823581070603237	2.731942031193174e-10
0.3849698975956254	2.7517104095830314e-10
0.3875947470836033	2.771756788550914e-10
0.39023272081902133	2.7920863579659404e-10
0.3928838844231162	2.812704429081565e-10
0.39554830384523165	2.8336164379481995e-10
0.3982260453644579	2.854827948937022e-10
0.4009171755912802	2.87634465838045e-10
0.4036217614692367	2.8981723983339584e-10
0.4063398702765827	2.920317140462485e-10
0.40907156962796565	2.9427850000577577e-10
0.41181692747610543	2.9655822401901566e-10
0.41457601211348605	2.9887152760017344e-10
0.4173488921740533	3.0121906791447565e-10
0.4201356366349237	3.036015182371519e-10
0.42293631481809807	3.060195684282623e-10
0.4257509963921885	3.084739254237875e-10
0.42857975137414944	3.109653137438512e-10
0.4314226501310203	3.1349447601853086e-10
0.43427976338167545	3.160621735321929e-10
0.43715116219858396	3.1866918678688873e-10
0.440036918009577	3.2131631608570687e-10
0.44293710259962477	3.2400438213688777e-10
0.4458517881126228	3.2673422667945827e-10
0.4487810470531859	3.2950671313138047e-10
0.45172495228845155	3.3232272726107394e-10
0.45468357704989376	3.3518317788330455e-10
0.45765699493514306	3.380889975804755e-10
0.46064527990981863	3.410411434503184e-10
0.4636485063093676	3.440405978811763e-10
0.4666667488409145	3.4708836935602114e-10
0.4697000825851191	3.501854932864026e-10
0.4727485829980444	3.5333303287764964e-10
0.4758123259130346	3.5653208002663984e-10
0.47889138754259974	3.5978375625358834e-10
0.4819858444803126	3.6308921366928906e-10
0.4850957737027142	3.664496359794079e-10
0.48822125257122767	3.698662395273896e-10
0.49136235883408375	3.733402743778622e-10
0.49451917062825407	3.7687302544205245e-10
0.49769176648139524	3.804658136474235e-10
0.5008802253138022	3.841199971532554e-10
0.5040846264403713	3.878369726144736e-10
0.5073050495725733	3.916181764957187e-10
0.510541574820436	3.954650864381627e-10
0.5137942826945383	3.9937922268133326e-10
0.5170632541080108	4.0336214954269403e-10
0.520348570378551	4.07415476957429e-10
0.5236503132304436	4.1154086208150764e-10
0.5269685647965956	4.157400109609317e-10
0.5303034076205784	4.200146802702191e-10
0.5336549246586811	4.2436667912363554e-10
0.5370231992819746	4.287978709624826e-10
0.5404083152783844	4.333101755223406e-10
0.5438103568547764	4.379055708839581e-10
0.5472294086390501	4.4258609561206536e-10
0.5506655556822453	4.4735385098645465e-10
0.5541188834606565	4.5221100332973464e-10
0.5575894778779599	4.5715978643690767e-10
0.5610774252673494	4.622025041116762e-10
0.564582812393686	4.673415328149838e-10
0.5681057264556543	4.72579324431579e-10
0.5716462550879327	4.779184091606152e-10
0.5752044863633723	4.83361398536823e-10
0.578780508795189	4.889109885888951e-10
0.5823744113391649	4.945699631425596e-10
0.5859862833958606	5.003411972759111e-10
0.5896162148128399	5.062276609350133e-10
0.5932642958869042	5.122324227185283e-10
0.5969306173663387	5.183586538406851e-10
0.6006152704531702	5.24609632282007e-10
0.6043183468054361	5.309887471383423e-10
0.6080399385394633	5.374995031793161e-10
0.6117801382321605	5.441455256276454e-10
0.615539038923321	5.509305651720315e-10
0.6193167341179376	5.578585032267701e-10
0.6231133177885273	5.649333574523472e-10
0.6269288843774701	5.721592875519948e-10
0.6307635287993573	5.795406013604663e-10
0.6346173464433539	5.87081761242144e-10
0.6384904331755705	5.947873908168962e-10
0.6423828853414483	6.026622820333306e-10
0.6462947997681555	6.107114026105605e-10
0.6502262737669962	6.189399038709021e-10
0.6541774051358311	6.273531289877797e-10
0.6581482921615099	6.359566216747082e-10
0.6621390336223173	6.447561353431417e-10
0.6661497287904288	6.537576427591832e-10
0.6701804774343807	6.629673462312905e-10
0.6742313798215525	6.723916883636524e-10
0.6783025367206603	6.820373634126077e-10
0.6823940494042636	6.919113292865009e-10
0.6865060196512851	7.020208202325794e-10
0.6906385497495416	7.123733602581854e-10
0.6947917424982893	7.229767773374871e-10
0.6989657012107808	7.338392184592166e-10
0.7031605297168348	7.449691655761609e-10
0.7073763323654189	7.563754525221826e-10
0.7116132140272461	7.680672829686759e-10
0.715871280097382	7.800542494994574e-10
0.7201506364978687	7.92346353890345e-10
0.7244513896803577	8.049540286882242e-10
0.7287736466287593	8.178881601946689e-10
0.733117514861903	8.311601129691946e-10
0.7374831024362126	8.447817559808031e-10
0.7418705179483935	8.587654905499091e-10
0.7462798705381356	8.731242802396054e-10
0.7507112698908263	8.878716828741576e-10
0.7551648262402804	9.030218848839198e-10
0.759640650371482	9.185897382022038e-10
0.7641388536233394	9.34590799968143e-10
0.7686595478914561	9.510413753249768e-10
0.7732028456309133	9.679585636436285e-10
0.7777688598590677	9.853603085493723e-10
0.7823577041583629	1.0032654521863645e-9
0.7869694926791548	1.0216937942224424e-9
0.7916043401425507	1.040666156177273e-9
0.7962623618432633	1.0602044517536114e-9
0.8009436736524796	1.0803317639672245e-9
0.805648392020742	1.101072430011754e-9
0.8103766339808457	1.1224521349634416e-9
0.81512851715075	1.1444980156368657e-9
0.8199041597365035	1.1672387761520858e-9
0.8247036805351862	1.190704817079966e-9
0.8295271989378621	1.21492838040445e-9
0.8343748349325514	1.2399437130002467e-9
0.8392467091072142	1.2657872518861416e-9
0.8441429426527504	1.2924978352099068e-9
0.849063657366014	1.3201169437767212e-9
0.8540089756528442	1.3486889789964777e-9
0.8589790205311084	1.3782615844397775e-9
0.863973915633764	1.408886019830301e-9
0.8689739156337638	1.4404900563983945e-9
0.8739739156337636	1.4730867712064096e-9
0.8789739156337634	1.5067235750613704e-9
0.8839739156337632	1.5414518558660018e-9
0.8889739156337629	1.5773275352590315e-9
0.8939739156337627	1.6144117267710366e-9
0.8989739156337626	1.65277151596047e-9
0.9039739156337624	1.6924808872279386e-9
0.9089739156337622	1.7336218271652536e-9
0.913973915633762	1.7762856405422348e-9
0.9189739156337617	1.820574522603204e-9
0.9239739156337615	1.866603440513687e-9
0.9289739156337613	1.9145023879105944e-9
0.9339739156337611	1.9644190899728313e-9
0.938973915633761	2.0165222527511575e-9
0.9439739156337608	2.071005470277288e-9
0.9489739156337605	2.128091926952409e-9
0.9539739156337603	2.188040061786526e-9
0.9589739156337601	2.2511503963055485e-9
0.9639739156337599	2.317773770676227e-9
0.9689739156337597	2.388321284416504e-9
0.9739739156337595	2.463276300888582e-9
0.9789739156337594	2.5432089509674953e-9
0.9839739156337591	2.6287936636761533e-9
0.9889739156337589	2.7208303636354736e-9
0.9939739156337587	2.8202701110831807e-9
0.9989739156337585	2.928246125039995e-9
1.0039739156337584	3.046111330119196e-9
1.008973915633758	3.1754838099511526e-9
1.013973915633758	3.3183018443032966e-9
1.0189739156337576	3.4768905637188684e-9
1.0239739156337575	3.6540426882195373e-9
1.0289739156337572	3.853116341513448e-9
1.033973915633757	4.078153568863892e-9
1.038973915633757	4.334023959137735e-9
1.0439739156337566	4.626598708478254e-9
1.0489739156337565	4.9629615996089955e-9
1.0539739156337562	5.351664749533625e-9
1.058973915633756	5.803038650963866e-9
1.0639739156337558	6.329568061825846e-9
1.0689739156337557	6.9463477586303995e-9
1.0739739156337553	7.671635155531813e-9
1.0789739156337552	8.527520413344569e-9
1.0839739156337551	9.540739057309576e-9
1.0889739156337548	1.0743657453534391e-8
1.0939739156337547	1.2175467961413313e-8
1.0989739156337544	1.3883638425103478e-8
1.1039739156337542	1.5925670185022003e-8
1.108973915633754	1.837123033662927e-8
1.1139739156337538	2.1304737970609532e-8
1.1189739156337537	2.4828501120113977e-8
1.1239739156337534	2.9066521752615913e-8
1.1289739156337533	3.416911114714682e-8
1.133973915633753	4.0318488326818273e-8
1.1389739156337528	4.7735571005331375e-8
1.1439739156337525	5.6688213128470674e-8
1.1489739156337524	6.75011972133641e-8
1.153973915633752	8.056835532837134e-8
1.158973915633752	9.636727216134645e-8
1.1639739156337519	1.1547712015786238e-7
1.1689739156337515	1.3860029376353412e-7
1.1739739156337514	1.6658865172334895e-7
1.178973915633751	2.004753484367201e-7
1.183973915633751	2.415134439066203e-7
1.1889739156337507	2.912227345517716e-7
1.1939739156337505	3.514465533763957e-7
1.1989739156337504	4.2442065894705387e-7
1.2039739156337501	5.128567818672821e-7
1.20897391563375	6.200439413084246e-7
1.2139739156337497	7.499713023198227e-7
1.2189739156337496	9.074771407520761e-7
1.2239739156337492	1.0984294450502593e-6
1.2289739156337491	1.3299448468828144e-6
1.2339739156337488	1.6106539761103745e-6
1.2389739156337487	1.951023028220756e-6
1.2439739156337486	2.363743371219024e-6
1.2489739156337483	2.8642034714236567e-6
1.2539739156337482	3.471060362509095e-6
1.2589739156337478	4.206931410891003e-6
1.2639739156337477	5.099231348050059e-6
1.2689739156337474	6.181184565035705e-6
1.2739739156337473	7.493048627195355e-6
1.2789739156337472	9.08359200874825e-6
1.2839739156337469	1.1011877311627256e-5
1.2889739156337467	1.334941085895435e-5
1.2939739156337464	1.6182730654933527e-5
1.2989739156337463	1.961651734388248e-5
1.303973915633746	2.3777326954681936e-5
1.3089739156337459	2.8818059705421492e-5
1.3139739156337455	3.4923295551395665e-5
1.3189739156337454	4.231564371465575e-5
1.3239739156337453	5.126326883742182e-5
1.328973915633745	6.208876861416e-5
1.333973915633745	7.517958371514675e-5
1.3389739156337446	9.100011609804379e-5
1.3439739156337445	0.0001101057102663143
1.3489739156337441	0.00013315860544964043
1.353973915633744	0.00016094588452975522
1.358973915633744	0.0001943993150963852
1.3639739156337436	0.00023461678510800478
1.3689739156337435	0.00028288476638446485
1.3739739156337432	0.0003407008834053014
1.378973915633743	0.0004097952216375163
1.3839739156337427	0.0004921484948774364
1.3879804367253072	0.0005692010561417392
1.3919869578168715	0.0006574890343116008
1.395993478908436	0.0007583917652878869
1.4	0.000873398964296062
