0.0006999999999999628	5.932254896211017e-9
0.001403500000000035	5.935789816107208e-9
0.0021105174999999296	5.939345896151019e-9
0.0028210700874998964	5.942923208601806e-9
0.003535175437937438	5.946521898299816e-9
0.004252851315127062	5.950142112116956e-9
0.004974115571702636	5.953783998154334e-9
0.005698986149561044	5.957447705746728e-9
0.006427481080308875	5.9611333854735e-9
0.007159618485710418	5.964841189173003e-9
0.007895416578138905	5.9685712699547225e-9
0.008634893661029494	5.972323782212807e-9
0.00937806812933463	5.976098881638383e-9
0.010124958469981361	5.979896725234522e-9
0.010875583262331262	5.983717471328405e-9
0.01162996117864295	5.98756127958604e-9
0.012388110984536127	5.9914283110257614e-9
0.013150051539458866	5.995318728032377e-9
0.013915801797156208	5.9992326943717045e-9
0.014685380806142003	6.0031703752048655e-9
0.015458807710172712	6.007131937102866e-9
0.01623610174872358	6.0111175480618615e-9
0.017017282257467212	6.015127377517664e-9
0.017802368668754516	6.019161596361224e-9
0.01859138051209827	6.023220376954181e-9
0.019384337414658823	6.0273038931443354e-9
0.020181259101732015	6.031412320281431e-9
0.020982165397240727	6.03554583523327e-9
0.02178707622422691	6.039704616401973e-9
0.02259601160534814	6.043888843740413e-9
0.02340899166337483	6.0480986987686646e-9
0.024226036621691812	6.0523343645913585e-9
0.02504716680480027	6.056596025914141e-9
0.025872402638824326	6.060883869061569e-9
0.02670176465201842	6.065198081994263e-9
0.02753527347527842	6.069538854326823e-9
0.028372949842654864	6.073906377346002e-9
0.0292148145918682	6.0783008440285665e-9
0.03006088866482743	6.082722449060004e-9
0.03091119310815165	6.0871713888534495e-9
0.0317657490736924	6.091647861568189e-9
0.03262457781906081	6.096152067129249e-9
0.03348770070815601	6.100684207246896e-9
0.034355139211696875	6.105244485435806e-9
0.035226914907755424	6.109833107036031e-9
0.03610304948229413	6.11445027923259e-9
0.03698356472970569	6.1190962110758724e-9
0.03786848255335419	6.123771113503146e-9
0.038757824966120964	6.1284751993592275e-9
0.03965161409095162	6.133208683417632e-9
0.04054987216140643	6.137971782402775e-9
0.04145262152221345	6.142764715011611e-9
0.04235988462982453	6.147587701936014e-9
0.04327168405297366	6.152440965885327e-9
0.0441880424732386	6.157324731609342e-9
0.04510898268560485	6.162239225920965e-9
0.046034527599032954	6.167184677720714e-9
0.04696470023702812	6.172161318019607e-9
0.04789952373821329	6.17716937996379e-9
0.048839021356904266	6.182209098859235e-9
0.04978321646368884	6.187280712195811e-9
0.05073213254600732	6.192384459673346e-9
0.05168579320873729	6.197520583226501e-9
0.052644222174780875	6.202689327051255e-9
0.05360744328565471	6.20789093763044e-9
0.054575480502083065	6.213125663761039e-9
0.055548357904593434	6.2183937565807996e-9
0.056526099694116344	6.223695469595583e-9
0.0575087301925869	6.229031058707458e-9
0.05849627384354973	6.234400782242559e-9
0.05948875521276744	6.2398049009796265e-9
0.06048619898883127	6.2452436781790836e-9
0.061488629983775384	6.2507173796124704e-9
0.06249607313369419	6.25622627359204e-9
0.06350855349936275	6.261770631001197e-9
0.06452609626685958	6.2673507253250535e-9
0.06554872674819387	6.272966832681204e-9
0.06657647038193484	6.2786192318520525e-9
0.06760935273384447	6.284308204315853e-9
0.06864739949751365	6.290034034280048e-9
0.0696906364950013	6.29579700871357e-9
0.07073908967747639	6.301597417380436e-9
0.07179278512586384	6.307435552873909e-9
0.07285174905149322	6.313311710650649e-9
0.0739160077967507	6.319226189065685e-9
0.07498558783573436	6.325179289407482e-9
0.07606051577491299	6.331171315934656e-9
0.07714081835378758	6.337202575911665e-9
0.07822652244555647	6.343273379646515e-9
0.07931765505778425	6.349384040527679e-9
0.0804142433330731	6.355534875062481e-9
0.08151631454973848	6.361726202916048e-9
0.08262389612248718	6.3679583469502e-9
0.0837370156030995	6.374231633263537e-9
0.0848557006811149	6.38054639123163e-9
0.0859799791845205	6.386902953548639e-9
0.08710987908044313	6.393301656268358e-9
0.08824542847584534	6.399742838847082e-9
0.08938665561822454	6.406226844186013e-9
0.09053358889631567	6.412754018675807e-9
0.09168625684079722	6.419324712239529e-9
0.09284468812500112	6.425939278378984e-9
0.09400891156562617	6.432598074219424e-9
0.0951789561234543	6.439301460556495e-9
0.09635485090407148	6.446049801902875e-9
0.09753662515859184	6.452843466536681e-9
0.0987243082843847	6.459682826549101e-9
0.09991792982580656	6.466568257894712e-9
0.10111751947493569	6.473500140440839e-9
0.10232310707231031	6.480478858019018e-9
0.1035347226076718	6.4875047984758735e-9
0.10475239622071016	6.494578353726295e-9
0.10597615820181366	6.501699919806665e-9
0.10720603899282274	6.508869896928635e-9
0.10844206918778684	6.516088689534534e-9
0.10968427953372567	6.523356706352723e-9
0.1109327009313943	6.530674360455008e-9
0.11218736443605135	6.5380420693140475e-9
0.11344830125823162	6.545460254861918e-9
0.11471554276452282	6.552929343549419e-9
0.11598912047834534	6.560449766407303e-9
0.11726906608073695	6.568021959106866e-9
0.11855541141114062	6.575646362023469e-9
0.11984818846819621	6.58332342029893e-9
0.12114742941053713	6.591053583906761e-9
0.12245316655758978	6.598837307717762e-9
0.1237654323903777	6.606675051566384e-9
0.12508425955232963	6.614567280318668e-9
0.12640968085009122	6.622514463941213e-9
0.1277417292543416	6.630517077570878e-9
0.1290804379006133	6.638575601586329e-9
0.13042584009011637	6.646690521680111e-9
0.1317779692905669	6.654862328932788e-9
0.13313685913701961	6.66309151988684e-9
0.13450254343270476	6.671378596623307e-9
0.13587505614986833	6.67972406683929e-9
0.13725443143061763	6.68812844392617e-9
0.13864070358777073	6.696592247049693e-9
0.14003390710570945	6.705116001231376e-9
0.14143407664123803	6.713700237431272e-9
0.1428412470244442	6.722345492632118e-9
0.1442554532595664	6.731052309924505e-9
0.14567673052586416	6.739821238594529e-9
0.1471051141784935	6.748652834211898e-9
0.14854063974938603	6.7575476587199475e-9
0.149983342948133	6.766506280527689e-9
0.15143325966287374	6.775529274602586e-9
0.15289042596118813	6.784617222565543e-9
0.15435487809099402	6.79377071278747e-9
0.15582665248144906	6.802990340487376e-9
0.1573057857438562	6.8122767078323935e-9
0.15879231467257537	6.821630424039176e-9
0.16028627624593816	6.831052105477631e-9
0.16178770762716785	6.8405423757764024e-9
0.16329664616530362	6.850101865929202e-9
0.16481312939613008	6.859731214405051e-9
0.1663371950431107	6.869431067258543e-9
0.16786888101832628	6.8792020782427815e-9
0.1694082254234178	6.889044908925505e-9
0.1709552665505349	6.898960228804494e-9
0.17251004288328747	6.90894871542874e-9
0.17407259309770393	6.9190110545183624e-9
0.17564295606319252	6.92914794008928e-9
0.17722117084350858	6.9393600745784675e-9
0.17880727669772617	6.94964816897259e-9
0.18040131308121476	6.9600129429382375e-9
0.18200331964662084	6.970455124955361e-9
0.18361333624485401	6.980975452452449e-9
0.18523140292607826	6.991574671944451e-9
0.18685755994070874	7.002253539173387e-9
0.1884918477404122	7.013012819251926e-9
0.19013430697911424	7.0238532868085e-9
0.1917849785140098	7.034775726136316e-9
0.19344390340657974	7.0457809313453595e-9
0.19511112292361268	7.056869706515178e-9
0.1967866785382308	7.068042865853854e-9
0.19847061193092203	7.0793012338568045e-9
0.20016296499057665	7.090645645471015e-9
0.20186377981552947	7.102076946260914e-9
0.2035730987146071	7.113595992578307e-9
0.20529096420818022	7.125203651734976e-9
0.20701741902922113	7.136900802179275e-9
0.20875250612436722	7.1486883336756005e-9
0.210496268654989	7.160567147487345e-9
0.21224874999826396	7.1725381565644896e-9
0.21400999374825516	7.184602285733083e-9
0.21578004371699644	7.196760471890212e-9
0.21755894393558148	7.209013664201239e-9
0.2193467386552594	7.221362824302884e-9
0.22114347234853576	7.2338089265081996e-9
0.22294918971027836	7.246352958017088e-9
0.2247639356588297	7.258995919130834e-9
0.2265877553371239	7.271738823470607e-9
0.2284206941138094	7.2845826982002325e-9
0.23026279758437848	7.297528584254293e-9
0.23211411157230027	7.310577536570104e-9
0.23397468213016168	7.323730624324565e-9
0.23584455554081238	7.33698893117602e-9
0.23772377831851643	7.350353555511317e-9
0.23961239721010893	7.3638256106975385e-9
0.24151045919615952	7.377406225338706e-9
0.24341801149214037	7.391096543539078e-9
0.24533510154960114	7.404897725170077e-9
0.24726177705734917	7.4188109461445776e-9
0.24919808594263598	7.432837398695798e-9
0.2511440763723492	7.446978291662689e-9
0.2530997967542111	7.461234850780886e-9
0.25506529573798215	7.47560831898018e-9
0.2570406222166721	7.49009995668858e-9
0.25902582532775553	7.504711042141741e-9
0.2610209544543945	7.519442871700737e-9
0.2630260592266663	7.534296760175413e-9
0.2650411895227997	7.549274041154868e-9
0.26706639547041383	7.56437606734576e-9
0.2691017274477658	7.579604210917476e-9
0.2711472360850044	7.594959863854637e-9
0.27320297226542956	7.610444438318539e-9
0.2752689871267568	7.626059367014696e-9
0.2773453320623904	7.641806103570202e-9
0.27943205872270227	7.657686122918825e-9
0.2815292190163157	7.673700921694188e-9
0.28363686511139713	7.689852018632968e-9
0.2857550494369543	7.706140954985766e-9
0.287883824684139	7.722569294938577e-9
0.2900232438075598	7.73913862604296e-9
0.29217336002659744	7.755850559655677e-9
0.2943342268267306	7.772706731390131e-9
0.2965058979608642	7.78970880157586e-9
0.2986884274506685	7.806858455730615e-9
0.3008818695879217	7.824157405041275e-9
0.3030862789358613	7.841607386858566e-9
0.3053017103305407	7.859210165201021e-9
0.30752821888219345	7.876967531271528e-9
0.3097658599766045	7.894881303986747e-9
0.31201468927648746	7.912953330517587e-9
0.3142747627228697	7.931185486843962e-9
0.31654613653648417	7.94957967832153e-9
0.31882886721916665	7.96813784026317e-9
0.32112301155526257	7.986861938533062e-9
0.3234286266130387	8.0057539701563e-9
0.325745769746104	8.024815963942707e-9
0.3280744985948343	8.044049981125744e-9
0.33041487108780826	8.06345811601734e-9
0.3327669454432473	8.083042496678513e-9
0.3351307801704635	8.102805285606692e-9
0.3375064340713156	8.122748680439798e-9
0.33989396624167195	8.1428749146782e-9
0.3422934360728803	8.163186258424496e-9
0.3447049032532445	8.1836850191415e-9
0.34712842776951053	8.204373542430182e-9
0.3495640699083581	8.225254212826098e-9
0.3520118902578999	8.246329454617519e-9
0.35447194970918944	8.26760173268247e-9
0.35694430945773536	8.289073553349996e-9
0.35942903100502394	8.31074746528014e-9
0.36192617616004885	8.332626060370289e-9
0.36443580704084905	8.354711974682007e-9
0.3669579860760533	8.377007889394054e-9
0.3694927760064337	8.399516531779979e-9
0.3720402398864656	8.42224067621038e-9
0.37460044108589774	8.445183145183354e-9
0.37717344329132724	8.468346810381376e-9
0.37975931050778367	8.491734593756638e-9
0.38235810706032236	8.515349468645012e-9
0.3849698975956241	8.539194460911587e-9
0.38759474708360203	8.563272650125252e-9
0.39023272081902005	8.58758717076703e-9
0.39288388442311495	8.612141213470562e-9
0.3955483038452304	8.636938026296962e-9
0.39822604536445655	8.661980916044198e-9
0.40091717559127893	8.687273249594662e-9
0.4036217614692354	8.712818455298546e-9
0.4063398702765814	8.738620024396843e-9
0.40907156962796437	8.764681512484494e-9
0.4118169274761041	8.791006541014404e-9
0.41457601211348477	8.817598798845869e-9
0.41734889217405197	8.844462043834734e-9
0.42013563663492237	8.871600104472157e-9
0.4229363148180968	8.899016881568477e-9
0.4257509963921872	8.926716349987924e-9
0.4285797513741481	8.954702560432281e-9
0.431422650131019	8.982979641278513e-9
0.4342797633816742	9.011551800469214e-9
0.4371511621985827	9.040423327460624e-9
0.4400369180095757	9.069598595227466e-9
0.4429371025996235	9.099082062329552e-9
0.44585178811262155	9.128878275038478e-9
0.44878104705318456	9.158991869531411e-9
0.4517249522884503	9.189427574149788e-9
0.4546835770498925	9.220190211728187e-9
0.4576569949351417	9.251284701994929e-9
0.4606452799098173	9.282716064047033e-9
0.46364850630936627	9.314489418902247e-9
0.46666674884091325	9.3466099921318e-9
0.46970008258511775	9.379083116574526e-9
0.4727485829980431	9.411914235139224e-9
0.47581232591303324	9.44510890369497e-9
0.47889138754259847	9.478672794054285e-9
0.4819858444803113	9.512611697053296e-9
0.48509577370271284	9.546931525730638e-9
0.48822125257122634	9.581638318611815e-9
0.4913623588340824	9.61673824309947e-9
0.49451917062825274	9.652237598977928e-9
0.49769176648139396	9.688142822031045e-9
0.5008802253138008	9.724460487784836e-9
0.50408462644037	9.76119731537266e-9
0.5073050495725719	9.798360171533284e-9
0.5105415748204347	9.835956074743817e-9
0.513794282694537	9.873992199495607e-9
0.5170632541080095	9.912475880715721e-9
0.5203485703785496	9.951414618343156e-9
0.5236503132304423	9.990816082064942e-9
0.5269685647965943	1.0030688116216878e-8
0.530303407620577	1.0071038744859984e-8
0.5336549246586798	1.0111876177035863e-8
0.5370231992819733	1.015320881221024e-8
0.5404083152783831	1.0195045245914075e-8
0.5438103568547752	1.0237394275587916e-8
0.5472294086390488	1.0280264906640732e-8
0.5506655556822441	1.0323666358731279e-8
0.5541188834606553	1.0367608072280754e-8
0.5575894778779587	1.0412099715231272e-8
0.5610774252673482	1.045715119005418e-8
0.5645828123936848	1.0502772641025655e-8
0.5681057264556529	1.0548974461779692e-8
0.5716462550879313	1.0595767303146401e-8
0.575204486363371	1.064316208129946e-8
0.5787805087951877	1.0691169986213165e-8
0.5823744113391636	1.0739802490455388e-8
0.5859862833958592	1.0789071358325595e-8
0.5896162148128385	1.0838988655355026e-8
0.5932642958869029	1.0889566758188963e-8
0.5969306173663373	1.0940818364864655e-8
0.6006152704531689	1.0992756505509908e-8
0.6043183468054348	1.1045394553475796e-8
0.6080399385394619	1.109874623693212e-8
0.6117801382321592	1.1152825650941648e-8
0.6155390389233196	1.1207647270041694e-8
0.6193167341179363	1.1263225961357287e-8
0.623113317788526	1.1319576998269842e-8
0.6269288843774687	1.1376716074675138e-8
0.6307635287993559	1.1434659319855596e-8
0.6346173464433525	1.1493423314002257e-8
0.6384904331755692	1.155302510441867e-8
0.642382885341447	1.1613482222443327e-8
0.6462947997681542	1.167481270112938e-8
0.6502262737669948	1.173703509372113e-8
0.6541774051358298	1.1800168492971842e-8
0.6581482921615086	1.1864232551348574e-8
0.6621390336223161	1.1929247502172727e-8
0.6661497287904276	1.1995234181750203e-8
0.6701804774343794	1.2062214052545094e-8
0.6742313798215511	1.2130209227458288e-8
0.678302536720659	1.2199242495274251e-8
0.6823940494042624	1.2269337347345592e-8
0.6865060196512838	1.2340518005585308e-8
0.6906385497495403	1.2412809451850345e-8
0.694791742498288	1.2486237458796678e-8
0.6989657012107795	1.2560828622299061e-8
0.7031605297168335	1.2636610395532182e-8
0.7073763323654175	1.2713611124819078e-8
0.7116132140272448	1.2791860087360382e-8
0.7158712800973807	1.2871387530967526e-8
0.7201506364978674	1.295222471593315e-8
0.7244513896803564	1.3034403959184739e-8
0.728773646628758	1.3117958680877383e-8
0.7331175148619017	1.3202923453597262e-8
0.7374831024362114	1.3289334054367352e-8
0.7418705179483922	1.3377227519654975e-8
0.7462798705381343	1.3466642203615288e-8
0.750711269890825	1.3557617839810506e-8
0.7551648262402791	1.3650195606689923e-8
0.7596406503714807	1.3744418197129124e-8
0.7641388536233382	1.3840329892374374e-8
0.7686595478914547	1.3937976640768387e-8
0.773202845630912	1.4037406141685986e-8
0.7777688598590664	1.4138667935161726e-8
0.7823577041583616	1.4241813497751286e-8
0.7869694926791535	1.4346896345246623e-8
0.7916043401425493	1.4453972142950838e-8
0.796262361843262	1.4563098824321113e-8
0.8009436736524783	1.4674336718915868e-8
0.8056483920207407	1.478774869072572e-8
0.8103766339808444	1.490340028814683e-8
0.8151285171507487	1.5021359907070455e-8
0.8199041597365022	1.5141698968813386e-8
0.8247036805351848	1.5264492114938094e-8
0.8295271989378608	1.5389817421377132e-8
0.8343748349325502	1.5517756634752675e-8
0.8392467091072129	1.5648395434336663e-8
0.844142942652749	1.5781823723806682e-8
0.8490636573660127	1.5918135957792578e-8
0.8540089756528428	1.6057431509276675e-8
0.8589790205311072	1.6199815085206025e-8
0.8639739156337627	1.634539719929795e-8
0.8689739156337625	1.6493700130830088e-8
0.8739739156337623	1.6644656113288186e-8
0.878973915633762	1.679834945630192e-8
0.8839739156337618	1.695486955091826e-8
0.8889739156337617	1.7114311459902346e-8
0.8939739156337615	1.7276776608691823e-8
0.8989739156337613	1.7442373597051993e-8
0.9039739156337611	1.7611219155434075e-8
0.9089739156337608	1.7783439275018014e-8
0.9139739156337606	1.79591705464423e-8
0.9189739156337604	1.8138561749519993e-8
0.9239739156337602	1.8321775745067162e-8
0.9289739156337601	1.8508991730669984e-8
0.9339739156337599	1.870040793515421e-8
0.9389739156337596	1.8896244842219994e-8
0.9439739156337594	1.9096749052691106e-8
0.9489739156337592	1.93021979178424e-8
0.953973915633759	1.9512905104152634e-8
0.9589739156337588	1.9729227283591363e-8
0.9639739156337586	1.9951572184477703e-8
0.9689739156337585	2.0180408287513165e-8
0.9739739156337582	2.0416276511650987e-8
0.978973915633758	2.0659804307238902e-8
0.9839739156337578	2.0911722662042136e-8
0.9889739156337576	2.1172886632564894e-8
0.9939739156337574	2.1444300142532394e-8
0.9989739156337571	2.1727145947184568e-8
1.003973915633757	2.202282185201449e-8
1.0089739156337567	2.23329845047254e-8
1.0139739156337566	2.2659602357968e-8
1.0189739156337563	2.3005019738148727e-8
1.0239739156337562	2.337203436461526e-8
1.028973915633756	2.3763991158958075e-8
1.0339739156337557	2.4184895784076953e-8
1.0389739156337556	2.463955207910372e-8
1.0439739156337553	2.5133728435747088e-8
1.0489739156337552	2.5674359226245747e-8
1.0539739156337549	2.6269788681593336e-8
1.0589739156337548	2.693006617782701e-8
1.0639739156337544	2.7667303774320853e-8
1.0689739156337543	2.8496109129219602e-8
1.0739739156337542	2.9434109675291663e-8
1.0789739156337539	3.050258727312591e-8
1.0839739156337538	3.172724658628425e-8
1.0889739156337535	3.313914528708488e-8
1.0939739156337533	3.477582007276175e-8
1.098973915633753	3.668264955429055e-8
1.103973915633753	3.891450361844717e-8
1.1089739156337528	4.153773914907158e-8
1.1139739156337525	4.46326143728583e-8
1.1189739156337524	4.8296208979724084e-8
1.123973915633752	5.2645955044592045e-8
1.128973915633752	5.7823905219657674e-8
1.1339739156337516	6.400189034639503e-8
1.1389739156337515	7.13877493391733e-8
1.1439739156337512	8.02328508268422e-8
1.148973915633751	9.084116965099911e-8
1.153973915633751	1.0358023310163137e-7
1.1589739156337506	1.188943130653655e-7
1.1639739156337505	1.3732031255888407e-7
1.1689739156337502	1.5950688004452218e-7
1.17397391563375	1.862373842024597e-7
1.1789739156337498	2.1845749723576904e-7
1.1839739156337497	2.5730826803554233e-7
1.1889739156337495	3.041657191712859e-7
1.1939739156337492	3.6068817484184823e-7
1.197980436725312	4.1428758281314835e-7
1.2019869578168745	4.765797063740514e-7
1.2059934789084372	5.489693327149415e-7
1.21	6.330840815996148e-7
