0.0006999999999999628	4.210541372770857e-9
0.001403500000000035	4.213338040887701e-9
0.0021105174999999296	4.2161516156424294e-9
0.0028210700874998964	4.218982156271594e-9
0.003535175437937438	4.221829780252807e-9
0.004252851315127062	4.224694606718617e-9
0.004974115571702636	4.227576755816253e-9
0.005698986149561044	4.230476348711129e-9
0.006427481080308875	4.233393507597958e-9
0.007159618485710418	4.23632835571068e-9
0.007895416578138905	4.23928101733422e-9
0.008634893661029494	4.242251617814984e-9
0.00937806812933463	4.245240283572069e-9
0.010124958469981361	4.248247142108941e-9
0.010875583262331262	4.251272322023949e-9
0.01162996117864295	4.254315953023077e-9
0.012388110984536127	4.257378165931036e-9
0.013150051539458866	4.26045909270324e-9
0.013915801797156208	4.2635588664378086e-9
0.014685380806142003	4.266677621387802e-9
0.015458807710172712	4.269815492973802e-9
0.01623610174872358	4.272972617795952e-9
0.017017282257467212	4.276149133646953e-9
0.017802368668754516	4.279345179525004e-9
0.01859138051209827	4.28256089564637e-9
0.019384337414658823	4.285796423458968e-9
0.020181259101732015	4.289051905655511e-9
0.020982165397240727	4.292327486187143e-9
0.02178707622422691	4.295623310277078e-9
0.02259601160534814	4.298939524434135e-9
0.02340899166337483	4.3022762764675816e-9
0.024226036621691812	4.305633715500523e-9
0.02504716680480027	4.309011991984859e-9
0.025872402638824326	4.312411257715871e-9
0.02670176465201842	4.315831665846549e-9
0.02753527347527842	4.319273370903381e-9
0.028372949842654864	4.322736528800837e-9
0.0292148145918682	4.326221296857288e-9
0.03006088866482743	4.329727833810202e-9
0.03091119310815165	4.33325629983252e-9
0.0317657490736924	4.336806856547941e-9
0.03262457781906081	4.340379667047839e-9
0.03348770070815601	4.34397489590764e-9
0.034355139211696875	4.347592709203087e-9
0.035226914907755424	4.351233274527475e-9
0.03610304948229413	4.35489676100908e-9
0.03698356472970569	4.358583339327943e-9
0.03786848255335419	4.362293181733783e-9
0.038757824966120964	4.3660264620639645e-9
0.03965161409095162	4.369783355761563e-9
0.04054987216140643	4.3735640398936835e-9
0.04145262152221345	4.3773686931699425e-9
0.04235988462982453	4.381197495961328e-9
0.04327168405297366	4.3850506303198e-9
0.0441880424732386	4.3889282799970886e-9
0.04510898268560485	4.392830630464706e-9
0.046034527599032954	4.396757868933568e-9
0.04696470023702812	4.4007101843747736e-9
0.04789952373821329	4.404687767539369e-9
0.048839021356904266	4.408690810979735e-9
0.04978321646368884	4.412719509070476e-9
0.05073213254600732	4.416774058029407e-9
0.05168579320873729	4.420854655939998e-9
0.052644222174780875	4.4249615027728625e-9
0.05360744328565471	4.429094800407786e-9
0.054575480502083065	4.433254752657069e-9
0.055548357904593434	4.437441565287773e-9
0.056526099694116344	4.441655446045628e-9
0.0575087301925869	4.445896604677663e-9
0.05849627384354973	4.450165252957542e-9
0.05948875521276744	4.454461604708392e-9
0.06048619898883127	4.45878587582834e-9
0.061488629983775384	4.463138284315444e-9
0.06249607313369419	4.46751905029249e-9
0.06350855349936275	4.471928396033243e-9
0.06452609626685958	4.476366545988167e-9
0.06554872674819387	4.480833726811444e-9
0.06657647038193484	4.485330167387206e-9
0.06760935273384447	4.489856098857082e-9
0.06864739949751365	4.494411754647751e-9
0.0696906364950013	4.498997370499222e-9
0.07073908967747639	4.503613184493135e-9
0.07179278512586384	4.508259437081601e-9
0.07285174905149322	4.512936371116503e-9
0.0739160077967507	4.517644231879815e-9
0.07498558783573436	4.522383267112658e-9
0.07606051577491299	4.527153727047386e-9
0.07714081835378758	4.531955864437365e-9
0.07822652244555647	4.53678993458972e-9
0.07931765505778425	4.541656195396434e-9
0.0804142433330731	4.546554907367598e-9
0.08151631454973848	4.551486333664018e-9
0.08262389612248718	4.556450740131073e-9
0.0837370156030995	4.561448395332308e-9
0.0848557006811149	4.56647957058482e-9
0.0859799791845205	4.571544539993387e-9
0.08710987908044313	4.5766435804869516e-9
0.08824542847584534	4.581776971853947e-9
0.08938665561822454	4.586944996780389e-9
0.09053358889631567	4.592147940885494e-9
0.09168625684079722	4.597386092761068e-9
0.09284468812500112	4.6026597440089416e-9
0.09400891156562617	4.6079691892809105e-9
0.0951789561234543	4.6133147263175485e-9
0.09635485090407148	4.618696655989484e-9
0.09753662515859184	4.624115282337495e-9
0.0987243082843847	4.6295709126145255e-9
0.09991792982580656	4.635063857328243e-9
0.10111751947493569	4.640594430283188e-9
0.10232310707231031	4.646162948625109e-9
0.1035347226076718	4.651769732884761e-9
0.10475239622071016	4.657415107023408e-9
0.10597615820181366	4.663099398478023e-9
0.10720603899282274	4.668822938208135e-9
0.10844206918778684	4.674586060742831e-9
0.10968427953372567	4.6803891042289794e-9
0.1109327009313943	4.686232410479725e-9
0.11218736443605135	4.69211632502402e-9
0.11344830125823162	4.698041197157271e-9
0.11471554276452282	4.70400737999217e-9
0.11598912047834534	4.7100152305109535e-9
0.11726906608073695	4.716065109618198e-9
0.11855541141114062	4.722157382194253e-9
0.11984818846819621	4.72829241715034e-9
0.12114742941053713	4.734470587483969e-9
0.12245316655758978	4.740692270334973e-9
0.1237654323903777	4.74695784704324e-9
0.12508425955232963	4.75326770320718e-9
0.12640968085009122	4.7596222287425795e-9
0.1277417292543416	4.7660218179434175e-9
0.1290804379006133	4.772466869542755e-9
0.13042584009011637	4.778957786775296e-9
0.1317779692905669	4.785494977441043e-9
0.13313685913701961	4.79207885396904e-9
0.13450254343270476	4.798709833483842e-9
0.13587505614986833	4.8053883378716855e-9
0.13725443143061763	4.812114793848424e-9
0.13864070358777073	4.8188896330287035e-9
0.14003390710570945	4.8257132919958225e-9
0.14143407664123803	4.8325862123735654e-9
0.1428412470244442	4.839508840898441e-9
0.1442554532595664	4.846481629493935e-9
0.14567673052586416	4.853505035345447e-9
0.1471051141784935	4.860579520977065e-9
0.14854063974938603	4.867705554329017e-9
0.149983342948133	4.874883608837087e-9
0.15143325966287374	4.8821141635135085e-9
0.15289042596118813	4.8893977030286285e-9
0.15435487809099402	4.896734717794364e-9
0.15582665248144906	4.904125704049308e-9
0.1573057857438562	4.911571163945578e-9
0.15879231467257537	4.919071605636055e-9
0.16028627624593816	4.9266275433646884e-9
0.16178770762716785	4.934239497557383e-9
0.16329664616530362	4.941907994914878e-9
0.16481312939613008	4.9496335685075825e-9
0.1663371950431107	4.957416757871463e-9
0.16786888101832628	4.965258109106147e-9
0.1694082254234178	4.973158174975195e-9
0.1709552665505349	4.9811175150071295e-9
0.17251004288328747	4.989136695599054e-9
0.17407259309770393	4.997216290122637e-9
0.17564295606319252	5.005356879030544e-9
0.17722117084350858	5.013559049966873e-9
0.17880727669772617	5.021823397877588e-9
0.18040131308121476	5.030150525124475e-9
0.18200331964662084	5.038541041600956e-9
0.18361333624485401	5.046995564849391e-9
0.18523140292607826	5.0555147201812075e-9
0.18685755994070874	5.064099140799371e-9
0.1884918477404122	5.0727494679230035e-9
0.19013430697911424	5.081466350913906e-9
0.1917849785140098	5.090250447406288e-9
0.19344390340657974	5.099102423438816e-9
0.19511112292361268	5.1080229535883716e-9
0.1967866785382308	5.117012721107879e-9
0.19847061193092203	5.126072418065329e-9
0.20016296499057665	5.13520274548611e-9
0.20186377981552947	5.1444044134986615e-9
0.2035730987146071	5.153678141481952e-9
0.20529096420818022	5.163024658216461e-9
0.20701741902922113	5.1724447020381526e-9
0.20875250612436722	5.181939020995234e-9
0.210496268654989	5.191508373008069e-9
0.21224874999826396	5.201153526032405e-9
0.21400999374825516	5.210875258225782e-9
0.21578004371699644	5.220674358117345e-9
0.21755894393558148	5.2305516247806826e-9
0.2193467386552594	5.240507868010889e-9
0.22114347234853576	5.250543908504303e-9
0.22294918971027836	5.260660578042839e-9
0.2247639356588297	5.270858719681131e-9
0.2265877553371239	5.28113918793849e-9
0.2284206941138094	5.291502848993454e-9
0.23026279758437848	5.301950580884149e-9
0.23211411157230027	5.3124832737110454e-9
0.23397468213016168	5.323101829844619e-9
0.23584455554081238	5.333807164138208e-9
0.23772377831851643	5.344600204143234e-9
0.23961239721010893	5.3554818903314345e-9
0.24151045919615952	5.366453176319333e-9
0.24341801149214037	5.3775150290994615e-9
0.24533510154960114	5.388668429275069e-9
0.24726177705734917	5.3999143713008615e-9
0.24919808594263598	5.4112538637278e-9
0.2511440763723492	5.422687929453895e-9
0.2530997967542111	5.434217605980774e-9
0.25506529573798215	5.445843945674413e-9
0.2570406222166721	5.457568016032388e-9
0.25902582532775553	5.4693908999575794e-9
0.2610209544543945	5.481313696036038e-9
0.2630260592266663	5.4933375188230904e-9
0.2650411895227997	5.505463499133731e-9
0.26706639547041383	5.517692784340797e-9
0.2691017274477658	5.5300265386790985e-9
0.2711472360850044	5.542465943556452e-9
0.27320297226542956	5.555012197871749e-9
0.2752689871267568	5.567666518340107e-9
0.2773453320623904	5.580430139825067e-9
0.27943205872270227	5.593304315678551e-9
0.2815292190163157	5.606290318088661e-9
0.28363686511139713	5.61938943843478e-9
0.2857550494369543	5.632602987651639e-9
0.287883824684139	5.6459322966008995e-9
0.2900232438075598	5.6593787164518154e-9
0.29217336002659744	5.672943619070451e-9
0.2943342268267306	5.686628397417904e-9
0.2965058979608642	5.700434465958183e-9
0.2986884274506685	5.714363261074631e-9
0.3008818695879217	5.72841624149794e-9
0.3030862789358613	5.742594888741751e-9
0.3053017103305407	5.756900707551039e-9
0.30752821888219345	5.771335226359394e-9
0.3097658599766045	5.785899997757923e-9
0.31201468927648746	5.800596598975351e-9
0.3142747627228697	5.815426632370155e-9
0.31654613653648417	5.8303917259329145e-9
0.31882886721916665	5.8454935338027545e-9
0.32112301155526257	5.860733736795655e-9
0.3234286266130387	5.876114042945149e-9
0.325745769746104	5.89163618805697e-9
0.3280744985948343	5.90730193627731e-9
0.33041487108780826	5.9231130806746596e-9
0.3327669454432473	5.939071443836906e-9
0.3351307801704635	5.955178878482545e-9
0.3375064340713156	5.971437268087768e-9
0.33989396624167195	5.987848527529076e-9
0.3422934360728803	6.004414603742439e-9
0.3447049032532445	6.0211374763987676e-9
0.34712842776951053	6.038019158597408e-9
0.3495640699083581	6.055061697576288e-9
0.3520118902578999	6.0722671754413555e-9
0.35447194970918944	6.089637709914471e-9
0.35694430945773536	6.1071754551009244e-9
0.35942903100502394	6.1248826022765665e-9
0.36192617616004885	6.142761380696251e-9
0.36443580704084905	6.160814058422851e-9
0.3669579860760533	6.1790429431791786e-9
0.3694927760064337	6.197450383221249e-9
0.3720402398864656	6.216038768236194e-9
0.37460044108589774	6.234810530263476e-9
0.37717344329132724	6.253768144641302e-9
0.37975931050778367	6.272914130978283e-9
0.38235810706032236	6.292251054152181e-9
0.3849698975956241	6.311781525335472e-9
0.38759474708360203	6.331508203049037e-9
0.39023272081902005	6.351433794245718e-9
0.39288388442311495	6.37156105542284e-9
0.3955483038452304	6.391892793766799e-9
0.39822604536445655	6.412431868328725e-9
0.40091717559127893	6.433181191234365e-9
0.4036217614692354	6.454143728927395e-9
0.4063398702765814	6.475322503448179e-9
0.40907156962796437	6.49672059374938e-9
0.4118169274761041	6.518341137049589e-9
0.41457601211348477	6.540187330224898e-9
0.41734889217405197	6.562262431242424e-9
0.42013563663492237	6.584569760634476e-9
0.4229363148180968	6.607112703016431e-9
0.4257509963921872	6.62989470864944e-9
0.4285797513741481	6.652919295048864e-9
0.431422650131019	6.6761900486414145e-9
0.4342797633816742	6.699710626471254e-9
0.4371511621985827	6.723484757957896e-9
0.4400369180095757	6.747516246706665e-9
0.4429371025996235	6.771808972375051e-9
0.44585178811262155	6.796366892595662e-9
0.44878104705318456	6.821194044958273e-9
0.4517249522884503	6.846294549053106e-9
0.4546835770498925	6.871672608578001e-9
0.4576569949351417	6.897332513511304e-9
0.4606452799098173	6.923278642352552e-9
0.46364850630936627	6.94951546443463e-9
0.46666674884091325	6.9760475423089865e-9
0.46970008258511775	7.002879534207601e-9
0.4727485829980431	7.0300161965830345e-9
0.47581232591303324	7.057462386732068e-9
0.47889138754259847	7.0852230655032525e-9
0.4819858444803113	7.11330330009386e-9
0.48509577370271284	7.1417082669383106e-9
0.48822125257122634	7.170443254692581e-9
0.4913623588340824	7.19951366731783e-9
0.49451917062825274	7.228925027267077e-9
0.49769176648139396	7.258682978778743e-9
0.5008802253138008	7.288793291283232e-9
0.50408462644037	7.319261862923858e-9
0.5073050495725719	7.35009472419982e-9
0.5105415748204347	7.38129804173445e-9
0.513794282694537	7.412878122173549e-9
0.5170632541080095	7.444841416221267e-9
0.5203485703785496	7.477194522816653e-9
0.5236503132304423	7.50994419345867e-9
0.5269685647965943	7.54309733668478e-9
0.530303407620577	7.57666102271028e-9
0.5336549246586798	7.610642488233992e-9
0.5370231992819733	7.645049141420463e-9
0.5404083152783831	7.679888567061224e-9
0.5438103568547752	7.715168531928626e-9
0.5472294086390488	7.750896990325406e-9
0.5506655556822441	7.787082089843188e-9
0.5541188834606553	7.823732177335542e-9
0.5575894778779587	7.860855805116928e-9
0.5610774252673482	7.898461737397678e-9
0.5645828123936848	7.93655895696508e-9
0.5681057264556529	7.975156672122487e-9
0.5716462550879313	8.014264323896013e-9
0.575204486363371	8.053891593526947e-9
0.5787805087951877	8.094048410254191e-9
0.5823744113391636	8.13474495940905e-9
0.5859862833958592	8.17599169083205e-9
0.5896162148128385	8.217799327628638e-9
0.5932642958869029	8.260178875279034e-9
0.5969306173663373	8.303141631122125e-9
0.6006152704531689	8.346699194226703e-9
0.6043183468054348	8.39086347567489e-9
0.6080399385394619	8.435646709272809e-9
0.6117801382321592	8.481061462713614e-9
0.6155390389233196	8.52712064921381e-9
0.6193167341179363	8.57383753964685e-9
0.623113317788526	8.621225775199477e-9
0.6269288843774687	8.669299380579408e-9
0.6307635287993559	8.718072777800293e-9
0.6346173464433525	8.767560800575658e-9
0.6384904331755692	8.81777870935473e-9
0.642382885341447	8.86874220703311e-9
0.6462947997681542	8.920467455374681e-9
0.6502262737669948	8.972971092185009e-9
0.6541774051358298	9.026270249275762e-9
0.6581482921615086	9.08038257126473e-9
0.6621390336223161	9.135326235258124e-9
0.6661497287904276	9.191119971465665e-9
0.6701804774343794	9.247783084800756e-9
0.6742313798215511	9.305335477524428e-9
0.678302536720659	9.363797672991184e-9
0.6823940494042624	9.423190840566442e-9
0.6865060196512838	9.483536821780543e-9
0.6906385497495403	9.544858157799128e-9
0.694791742498288	9.607178118288102e-9
0.6989657012107795	9.670520731759617e-9
0.7031605297168335	9.734910817495607e-9
0.7073763323654175	9.800374019147005e-9
0.7116132140272448	9.866936840118948e-9
0.7158712800973807	9.934626680862349e-9
0.7201506364978674	1.0003471878194844e-8
0.7244513896803564	1.0073501746797245e-8
0.728773646628758	1.0144746623030954e-8
0.7331175148619017	1.0217237911247785e-8
0.7374831024362114	1.0291008132768697e-8
0.7418705179483922	1.0366090977732815e-8
0.7462798705381343	1.0442521360035974e-8
0.750711269890825	1.0520335475598887e-8
0.7551648262402791	1.0599570864231664e-8
0.7596406503714807	1.0680266475396385e-8
0.7641388536233382	1.0762462738190417e-8
0.7686595478914547	1.0846201635929627e-8
0.773202845630912	1.0931526785741734e-8
0.7777688598590664	1.1018483523641302e-8
0.7823577041583616	1.1107118995619168e-8
0.7869694926791535	1.1197482255352262e-8
0.7916043401425493	1.1289624369221527e-8
0.796262361843262	1.1383598529441686e-8
0.8009436736524783	1.1479460176213201e-8
0.8056483920207407	1.1577267129966768e-8
0.8103766339808444	1.167707973493805e-8
0.8151285171507487	1.177896101552987e-8
0.8199041597365022	1.1882976847168251e-8
0.8247036805351848	1.1989196143676662e-8
0.8295271989378608	1.2097691063567144e-8
0.8343748349325502	1.2208537238113219e-8
0.8392467091072129	1.2321814024630856e-8
0.844142942652749	1.2437604789094087e-8
0.8490636573660127	1.2555997223060724e-8
0.8540089756528428	1.26770837009475e-8
0.8589790205311072	1.2800961684985794e-8
0.8639739156337627	1.2927734186818061e-8
0.8689739156337625	1.3056991836571696e-8
0.8739739156337623	1.3188681754801428e-8
0.878973915633762	1.3322883904422697e-8
0.8839739156337618	1.3459683206756732e-8
0.8889739156337617	1.3599170127856597e-8
0.8939739156337615	1.3741441365522514e-8
0.8989739156337613	1.3886600657073362e-8
0.9039739156337611	1.4034759731934155e-8
0.9089739156337608	1.4186039438091204e-8
0.9139739156337606	1.4340571077515947e-8
0.9189739156337604	1.4498497992964894e-8
0.9239739156337602	1.4659977457437578e-8
0.9289739156337601	1.4825182928292714e-8
0.9339739156337599	1.4994306741018284e-8
0.9389739156337596	1.5167563333396374e-8
0.9439739156337594	1.534519310985721e-8
0.9489739156337592	1.5527467078920697e-8
0.953973915633759	1.571469242459736e-8
0.9589739156337588	1.5907219206512706e-8
0.9639739156337586	1.6105448424591694e-8
0.9689739156337585	1.6309841733892282e-8
0.9739739156337582	1.6520933155463026e-8
0.978973915633758	1.6739343202142403e-8
0.9839739156337578	1.696579592672507e-8
0.9889739156337576	1.7201139507143624e-8
0.9939739156337574	1.744637111324707e-8
0.9989739156337571	1.7702666957156997e-8
1.003973915633757	1.7971418619907935e-8
1.0089739156337567	1.8254276978092398e-8
1.0139739156337566	1.855320533414783e-8
1.0189739156337563	1.8870543692918294e-8
1.0239739156337562	1.9209086537789944e-8
1.028973915633756	1.9572176957033458e-8
1.0339739156337557	1.996382057323915e-8
1.0389739156337556	2.0388823457990822e-8
1.0439739156337553	2.0852959096774777e-8
1.0489739156337552	2.1363170537789294e-8
1.0539739156337549	2.1927815151633403e-8
1.0589739156337548	2.255696099373702e-8
1.0639739156337544	2.326274565434372e-8
1.0689739156337543	2.4059810770062852e-8
1.0739739156337542	2.496582813849111e-8
1.0789739156337539	2.600213672186451e-8
1.0839739156337538	2.7194513865752044e-8
1.0889739156337535	2.8574108936754118e-8
1.0939739156337533	3.0178573469587054e-8
1.098973915633753	3.205342901285527e-8
1.103973915633753	3.4253722417851214e-8
1.1089739156337528	3.684602861604907e-8
1.1139739156337525	3.991087332339261e-8
1.1189739156337524	4.354566300126117e-8
1.123973915633752	4.786822727699051e-8
1.128973915633752	5.302110044710307e-8
1.1339739156337516	5.9176694315519875e-8
1.1389739156337515	6.654354522578315e-8
1.1439739156337512	7.537385461679343e-8
1.148973915633751	8.597258577893714e-8
1.153973915633751	9.870843085616595e-8
1.1589739156337506	1.1402702280570767e-7
1.1639739156337505	1.324668383873432e-7
1.1689739156337502	1.5467832180201423e-7
1.17397391563375	1.8144685588036044e-7
1.1789739156337498	2.1372032025909013e-7
1.1839739156337497	2.5264210516486493e-7
1.1889739156337495	2.995905963362117e-7
1.1939739156337492	3.5622631179564623e-7
1.197980436725312	4.099337210501582e-7
1.2019869578168745	4.7234968225421807e-7
1.2059934789084372	5.448788625325587e-7
1.21	6.291478160479258e-7
