0.0006999999999999628	1.8263283965862197e-11
0.001403500000000035	1.8303605949863764e-11
0.0021105174999999296	1.8344232309988053e-11
0.0028210700874998964	1.838516199605222e-11
0.003535175437937438	1.8426397755663222e-11
0.004252851315127062	1.8467942419602193e-11
0.004974115571702636	1.85097988517498e-11
0.005698986149561044	1.855196994883968e-11
0.006427481080308875	1.8594458640899137e-11
0.007159618485710418	1.8637267891709624e-11
0.007895416578138905	1.868040069927018e-11
0.008634893661029494	1.8723860096275532e-11
0.00937806812933463	1.876764915059501e-11
0.010124958469981361	1.8811770965763003e-11
0.010875583262331262	1.8856228681474965e-11
0.01162996117864295	1.8901025474093926e-11
0.012388110984536127	1.8946164557165692e-11
0.013150051539458866	1.8991649181935703e-11
0.013915801797156208	1.903748263788564e-11
0.014685380806142003	1.9083668253268177e-11
0.015458807710172712	1.9130209395655202e-11
0.01623610174872358	1.9177109472499438e-11
0.017017282257467212	1.9224371931692914e-11
0.017802368668754516	1.9272000262148813e-11
0.01859138051209827	1.9319997994384222e-11
0.019384337414658823	1.9368368701114036e-11
0.020181259101732015	1.941711599785499e-11
0.020982165397240727	1.946624354354333e-11
0.02178707622422691	1.9515755041156106e-11
0.02259601160534814	1.956565423834889e-11
0.02340899166337483	1.9615944928099523e-11
0.024226036621691812	1.966663094936731e-11
0.02504716680480027	1.9717716187758555e-11
0.025872402638824326	1.9769204576207994e-11
0.02670176465201842	1.9821100095664482e-11
0.02753527347527842	1.9873406775801184e-11
0.028372949842654864	1.9926128695721965e-11
0.0292148145918682	1.9979269984692264e-11
0.03006088866482743	2.0032834822875155e-11
0.03091119310815165	2.0086827442085514e-11
0.0317657490736924	2.0141252126550882e-11
0.03262457781906081	2.0196113213691594e-11
0.03348770070815601	2.025141509490929e-11
0.034355139211696875	2.0307162216393436e-11
0.035226914907755424	2.0363359079937544e-11
0.03610304948229413	2.042001024377225e-11
0.03698356472970569	2.0477120323412603e-11
0.03786848255335419	2.053469399251893e-11
0.038757824966120964	2.0592735983774832e-11
0.03965161409095162	2.065125108977718e-11
0.04054987216140643	2.071024416394524e-11
0.04145262152221345	2.076972012144396e-11
0.04235988462982453	2.0829683940123193e-11
0.04327168405297366	2.089014066147435e-11
0.0441880424732386	2.095109539160537e-11
0.04510898268560485	2.101255330222759e-11
0.046034527599032954	2.1074519631668716e-11
0.04696470023702812	2.113699968589438e-11
0.04789952373821329	2.119999883955648e-11
0.048839021356904266	2.1263522537054458e-11
0.04978321646368884	2.1327576293617822e-11
0.05073213254600732	2.1392165696408246e-11
0.05168579320873729	2.1457296405641536e-11
0.052644222174780875	2.152297415572907e-11
0.05360744328565471	2.158920475644006e-11
0.054575480502083065	2.16559940940858e-11
0.05554835790459365	2.1723348132727382e-11
0.05652609969411678	2.1791272915397403e-11
0.05750873019258755	2.1859774565356424e-11
0.05849627384355038	2.1928859287359265e-11
0.05948875521276831	2.19985333689571e-11
0.060486198988831924	2.2068803181812888e-11
0.061488629983776036	2.2139675183049186e-11
0.062496073133695054	2.221115591661457e-11
0.06350855349936363	2.228325201468068e-11
0.06452609626686023	2.2355970199061733e-11
0.06554872674819473	2.24293172826619e-11
0.0665764703819355	2.2503300170950692e-11
0.06760935273384511	2.2577925863463335e-11
0.06864739949751451	2.2653201455332063e-11
0.06969063649500218	2.27291341388455e-11
0.07073908967747725	2.280573120503564e-11
0.07179278512586448	2.288300004529789e-11
0.07285174905149387	2.296094815303962e-11
0.07391600779675113	2.3039583125362673e-11
0.07498558783573481	2.3118912664774138e-11
0.07606051577491364	2.319894458093145e-11
0.07714081835378801	2.32796867924243e-11
0.0782265224455569	2.3361147328586332e-11
0.07931765505778446	2.3443334331343315e-11
0.08041424333307354	2.3526256057098196e-11
0.08151631454973869	2.3609920878649573e-11
0.08262389612248718	2.369433728715124e-11
0.08373701560309972	2.3779513894108747e-11
0.08485570068111534	2.3865459433413848e-11
0.08597997918452092	2.395218276341825e-11
0.08710987908044335	2.4039692869049905e-11
0.08824542847584554	2.4127998863970446e-11
0.08938665561822474	2.4217109992776442e-11
0.0905335888963159	2.4307035633239477e-11
0.09168625684079766	2.4397785298596506e-11
0.09284468812500156	2.4489368639882686e-11
0.09400891156562662	2.458179544831102e-11
0.09517895612345495	2.467507565769986e-11
0.09635485090407213	2.47692193469495e-11
0.09753662515859228	2.4864236742567007e-11
0.09872430828438533	2.496013822124396e-11
0.09991792982580742	2.5056934312486284e-11
0.10111751947493633	2.5154635701294495e-11
0.10232310707231096	2.5253253230900673e-11
0.10353472260767245	2.5352797905563563e-11
0.1047523962207106	2.545328089341414e-11
0.1059761582018141	2.5554713529365812e-11
0.10720603899282295	2.5657107318082416e-11
0.10844206918778705	2.5760473937005168e-11
0.10968427953372589	2.5864825239444943e-11
0.11093270093139453	2.597017325773847e-11
0.11218736443605157	2.6076530206465207e-11
0.11344830125823162	2.6183908485741643e-11
0.11471554276452282	2.6292320684571074e-11
0.11598912047834534	2.6401779584274418e-11
0.11726906608073716	2.6512298161988326e-11
0.11855541141114084	2.6623889594236038e-11
0.11984818846819666	2.6736567260575786e-11
0.12114742941053756	2.6850344747327018e-11
0.12245316655759021	2.6965235851372602e-11
0.12376543239037813	2.7081254584043572e-11
0.12508425955233007	2.7198415175090454e-11
0.12640968085009188	2.731673207673037e-11
0.12774172925434224	2.7436219967792715e-11
0.12908043790061416	2.7556893757944254e-11
0.13042584009011704	2.7678768592010603e-11
0.13177796929056776	2.7801859854391398e-11
0.1331368591370207	2.7926183173566553e-11
0.13450254343270562	2.8051754426706635e-11
0.13587505614986897	2.8178589744383125e-11
0.1372544314306183	2.8306705515374433e-11
0.13864070358777136	2.8436118391588245e-11
0.14003390710571012	2.8566845293084026e-11
0.14143407664123844	2.8698903413211285e-11
0.14284124702444484	2.883231022385982e-11
0.14425545325956707	2.896708348082561e-11
0.1456767305258648	2.9103241229298125e-11
0.14710511417849395	2.924080180946877e-11
0.14854063974938644	2.9379783862268674e-11
0.14998334294813345	2.9520206335227404e-11
0.1514332596628742	2.966208848847484e-11
0.15289042596118857	2.980544990086961e-11
0.15435487809099444	2.9950310476268336e-11
0.15582665248144925	3.009669044994318e-11
0.15730578574385642	3.024461039513846e-11
0.1587923146725756	3.039409122978388e-11
0.1602862762459386	3.0545154223354406e-11
0.1617877076271685	3.0697821003893413e-11
0.16329664616530448	3.0852113565199886e-11
0.16481312939613094	3.100805427417337e-11
0.16633719504311156	3.116566587834273e-11
0.16786888101832692	3.1324971513553896e-11
0.16940822542341866	3.148599471185617e-11
0.17095526655053575	3.16487594095545e-11
0.17251004288328856	3.1813289955465666e-11
0.1740725930977048	3.197961111936276e-11
0.1756429560631934	3.214774810062105e-11
0.17722117084350925	3.2317726537064284e-11
0.17880727669772659	3.248957251403496e-11
0.18040131308121543	3.2663312573663234e-11
0.18200331964662148	3.2838973724372455e-11
0.18361333624485465	3.301658345060623e-11
0.18523140292607912	3.3196169722790055e-11
0.18685755994070938	3.337776100753979e-11
0.18849184774041308	3.356138627811024e-11
0.19013430697911532	3.374707502510141e-11
0.19178497851401088	3.393485726742837e-11
0.19344390340658082	3.412476356355556e-11
0.19511112292361377	3.4316825023011835e-11
0.1967866785382319	3.451107331818674e-11
0.19847061193092289	3.470754069641605e-11
0.2001629649905775	3.490625999237521e-11
0.20186377981553055	3.510726464077266e-11
0.20357309871460819	3.5310588689366774e-11
0.2052909642081813	3.5516266812304325e-11
0.207017419029222	3.572433432379671e-11
0.20875250612436788	3.5934827192142243e-11
0.21049626865498966	3.6147782054100124e-11
0.21224874999826462	3.636323622963566e-11
0.21400999374825602	3.6581227737030284e-11
0.2157800437169973	3.680179530839085e-11
0.21755894393558234	3.702497840554734e-11
0.21934673865526005	3.7250817236361704e-11
0.2211434723485364	3.7479352771465394e-11
0.22294918971027902	3.771062676141683e-11
0.22476393565883038	3.7944681754316736e-11
0.22658775533712455	3.818156111387781e-11
0.22842069411381005	3.8421309037969446e-11
0.23026279758437915	3.866397057764848e-11
0.23211411157230094	3.8909591656691594e-11
0.23397468213016254	3.915821909164058e-11
0.23584455554081346	3.9409900612392365e-11
0.23772377831851751	3.9664684883321055e-11
0.23961239721011024	3.992262152497791e-11
0.24151045919616082	4.0183761136359306e-11
0.24341801149214168	4.04481553177946e-11
0.24533510154960245	4.0715856694428976e-11
0.24726177705735047	4.0986918940358524e-11
0.2491980859426373	4.1261396803420204e-11
0.25114407637235053	4.153934613064904e-11
0.2530997967542124	4.1820823894444634e-11
0.2550652957379834	4.210588821945023e-11
0.2570406222166734	4.239459841017442e-11
0.25902582532775686	4.268701497938149e-11
0.26102095445439577	4.298319967726211e-11
0.2630260592266676	4.328321552143161e-11
0.26504118952280104	4.3587126827753425e-11
0.26706639547041516	4.3894999242040557e-11
0.26910172744776706	4.420689977264308e-11
0.27114723608500574	4.452289682396381e-11
0.2732029722654309	4.484306023092221e-11
0.2752689871267581	4.5167461294402574e-11
0.2773453320623917	4.5496172817719287e-11
0.2794320587227036	4.582926914412921e-11
0.281529219016317	4.616682619541937e-11
0.2836368651113984	4.650892151162376e-11
0.28575504943695557	4.685563429188292e-11
0.28788382468414025	4.7207045436503757e-11
0.2900232438075611	4.756323759025091e-11
0.29217336002659877	4.792429518689863e-11
0.29433422682673194	4.82903044951186e-11
0.29650589796086546	4.8661353665704186e-11
0.29868842745066976	4.9037532780218205e-11
0.30088186958792296	4.94189339010843e-11
0.30308627893586265	4.980565112317574e-11
0.305301710330542	5.0197780626969174e-11
0.3075282188821948	5.0595420733288606e-11
0.30976585997660583	5.099867195972837e-11
0.31201468927648873	5.140763707877366e-11
0.31427476272287097	5.1822421177713774e-11
0.3165461365364855	5.224313172038822e-11
0.318828867219168	5.2669878610837157e-11
0.3211230115552639	5.310277425892114e-11
0.32342862661304006	5.354193364797653e-11
0.3257457697461053	5.3987474404590085e-11
0.32807449859483556	5.443951687055146e-11
0.33041487108780954	5.489818417707036e-11
0.3327669454432486	5.536360232134139e-11
0.33513078017046477	5.583590024553532e-11
0.33750643407131686	5.631520991830604e-11
0.33989396624167323	5.680166641890057e-11
0.3422934360728816	5.729540802398044e-11
0.34470490325324576	5.779657629723388e-11
0.3471284277695118	5.830531618189425e-11
0.34956406990835936	5.882177609626839e-11
0.3520118902579012	5.934610803238586e-11
0.3544719497091907	5.987846765788148e-11
0.35694430945773664	6.041901442124484e-11
0.3594290310050252	6.096791166053312e-11
0.36192617616005013	6.152532671573007e-11
0.3644358070408504	6.20914310448109e-11
0.36695798607605457	6.266640034375034e-11
0.36949277600643504	6.325041467052763e-11
0.37204023988646695	6.384365857335985e-11
0.374600441085899	6.444632122326735e-11
0.3771734432913285	6.505859655118552e-11
0.379759310507785	6.568068338976453e-11
0.3823581070603237	6.631278562005828e-11
0.3849698975956254	6.69551123232854e-11
0.3875947470836033	6.76078779378773e-11
0.39023272081902133	6.827130242198885e-11
0.3928838844231162	6.894561142173195e-11
0.39554830384523165	6.963103644532859e-11
0.3982260453644579	7.032781504342956e-11
0.4009171755912802	7.103619099585043e-11
0.4036217614692367	7.175641450498184e-11
0.4063398702765827	7.248874239615166e-11
0.40907156962796565	7.323343832520518e-11
0.41181692747610543	7.399077299362407e-11
0.41457601211348605	7.47610243714739e-11
0.4173488921740533	7.554447792852272e-11
0.4201356366349237	7.634142687385049e-11
0.42293631481809807	7.71521724043319e-11
0.4257509963921885	7.797702396233605e-11
0.42857975137414944	7.881629950305247e-11
0.4314226501310203	7.967032577185843e-11
0.43427976338167545	8.053943859212273e-11
0.43715116219858396	8.142398316394302e-11
0.440036918009577	8.23243143742383e-11
0.44293710259962477	8.32407971187356e-11
0.4458517881126228	8.417380663632575e-11
0.4487810470531859	8.512372885637654e-11
0.45172495228845155	8.609096075951835e-11
0.45468357704989376	8.707591075256392e-11
0.45765699493514306	8.807899905813545e-11
0.46064527990981863	8.910065811968348e-11
0.4636485063093676	9.014133302259621e-11
0.4666667488409145	9.120148193210917e-11
0.4697000825851191	9.228157654879365e-11
0.4727485829980444	9.338210258242284e-11
0.4758123259130346	9.450356024505309e-11
0.47889138754259974	9.564646476423862e-11
0.4819858444803126	9.681134691727221e-11
0.4850957737027142	9.799875358747527e-11
0.48822125257122767	9.920924834354225e-11
0.49136235883408375	1.0044341204307558e-10
0.49451917062825407	1.0170184346139003e-10
0.49769176648139524	1.0298515994688307e-10
0.5008802253138022	1.0429399810417521e-10
0.5040846264403713	1.056290145064206e-10
0.5073050495725733	1.0699088643815397e-10
0.510541574820436	1.083803126702323e-10
0.5137942826945383	1.0979801426840947e-10
0.5170632541080108	1.1124473543722118e-10
0.520348570378551	1.1272124440095742e-10
0.5236503132304436	1.1422833432355269e-10
0.5269685647965956	1.1576682426941251e-10
0.5303034076205784	1.1733756020719744e-10
0.5336549246586811	1.1894141605879687e-10
0.5370231992819746	1.205792947958318e-10
0.5404083152783844	1.2225212958610606e-10
0.5438103568547764	1.2396088499263596e-10
0.5472294086390501	1.257065582280353e-10
0.5506655556822453	1.27490180467151e-10
0.5541188834606565	1.2931281822104435e-10
0.5575894778779599	1.31175574775648e-10
0.5610774252673494	1.330795916985071e-10
0.564582812393686	1.350260504174028e-10
0.5681057264556543	1.3701617387467083e-10
0.5716462550879327	1.390512282614857e-10
0.5752044863633723	1.411325248364395e-10
0.578780508795189	1.4326142183324878e-10
0.5823744113391649	1.4543932646245549e-10
0.5859862833958606	1.4766769701254792e-10
0.5896162148128399	1.4994804505614022e-10
0.5932642958869042	1.5228193776724573e-10
0.5969306173663387	1.5467100035605724e-10
0.6006152704531702	1.5711691862815363e-10
0.6043183468054361	1.5962144167536713e-10
0.6080399385394633	1.621863847062069e-10
0.6117801382321605	1.64813632024082e-10
0.615539038923321	1.6750514016232878e-10
0.6193167341179376	1.702629411854767e-10
0.6231133177885273	1.7308914616701591e-10
0.6269288843774701	1.7598594885452647e-10
0.6307635287993573	1.789556295338764e-10
0.6346173464433539	1.8200055910501615e-10
0.6384904331755705	1.8512320338278524e-10
0.6423828853414483	1.883261276372152e-10
0.6462947997681555	1.916120013887582e-10
0.6502262737669962	1.9498360347519432e-10
0.6541774051358311	1.9844382740812676e-10
0.6581482921615099	2.019956870384101e-10
0.6621390336223173	2.0564232255140166e-10
0.6661497287904288	2.09387006814554e-10
0.6701804774343807	2.1323315210168597e-10
0.6742313798215525	2.1718431722031733e-10
0.6783025367206603	2.2124421507063521e-10
0.6823940494042636	2.2541672066708102e-10
0.6865060196512851	2.2970587965623105e-10
0.6906385497495416	2.341159173676762e-10
0.6947917424982893	2.3865124843789354e-10
0.6989657012107808	2.4331648705069706e-10
0.7031605297168348	2.4811645784214605e-10
0.7073763323654189	2.530562075222808e-10
0.7116132140272461	2.581410172711436e-10
0.715871280097382	2.633764159726964e-10
0.7201506364978687	2.6876819435648173e-10
0.7244513896803577	2.7432242012449483e-10
0.7287736466287593	2.8004545414936866e-10
0.733117514861903	2.8594396783949916e-10
0.7374831024362126	2.9202496177807183e-10
0.7418705179483935	2.9829578575557886e-10
0.7462798705381356	3.047641603305006e-10
0.7507112698908263	3.114382000698431e-10
0.7551648262402804	3.183264386412719e-10
0.759640650371482	3.2543785595208563e-10
0.7641388536233394	3.327819075576537e-10
0.7686595478914561	3.403685565942692e-10
0.7732028456309133	3.48208308529684e-10
0.7777688598590677	3.563122490698442e-10
0.7823577041583629	3.64692085614487e-10
0.7869694926791548	3.7336019271864185e-10
0.7916043401425507	3.8232966209454254e-10
0.7962623618432633	3.9161435778157614e-10
0.8009436736524796	4.012289772239717e-10
0.805648392020742	4.1118911913212997e-10
0.8103766339808457	4.2151135916809436e-10
0.81512851715075	4.322133346969223e-10
0.8199041597365035	4.43313840090184e-10
0.8247036805351862	4.548329343681659e-10
0.8295271989378621	4.667920633347223e-10
0.8343748349325514	4.792141988109315e-10
0.8392467091072142	4.921239981306851e-10
0.8441429426527504	5.05547987748953e-10
0.849063657366014	5.195147756643776e-10
0.8540089756528442	5.340552984123947e-10
0.8589790205311084	5.492031096947845e-10
0.863973915633764	5.649947193410435e-10
0.8689739156337638	5.814035426302741e-10
0.8739739156337636	5.984472818737626e-10
0.8789739156337634	6.161626057001725e-10
0.8839739156337632	6.345897616066542e-10
0.8889739156337629	6.53773115570268e-10
0.8939739156337627	6.737617925471743e-10
0.8989739156337626	6.946104383356452e-10
0.9039739156337624	7.163801275411175e-10
0.9089739156337622	7.391394475584987e-10
0.913973915633762	7.629657947591744e-10
0.9189739156337617	7.879469266690611e-10
0.9239739156337615	8.141828231328119e-10
0.9289739156337613	8.417879206180421e-10
0.9339739156337611	8.70893797339143e-10
0.938973915633761	9.016524032740332e-10
0.9439739156337608	9.342399490198334e-10
0.9489739156337605	9.688615915263347e-10
0.9539739156337603	1.0057570839540698e-9
0.9589739156337601	1.0452075923191958e-9
0.9639739156337599	1.0875439245279474e-9
0.9689739156337597	1.1331564694743203e-9
0.9739739156337595	1.182507207016867e-9
0.9789739156337594	1.2361442262244394e-9
0.9839739156337591	1.2947192821454583e-9
0.9889739156337589	1.3590090339792537e-9
0.9939739156337587	1.4299407441262448e-9
0.9989739156337585	1.5086233832633333e-9
1.0039739156337584	1.5963852875385037e-9
1.008973915633758	1.6948197577093428e-9
1.013973915633758	1.805840285688284e-9
1.0189739156337576	1.93174745256179e-9
1.0239739156337575	2.0753099771400444e-9
1.0289739156337572	2.239862921748897e-9
1.033973915633757	2.429426702045581e-9
1.038973915633757	2.6488513240868613e-9
1.0439739156337566	2.9039912137688473e-9
1.0489739156337565	3.201917146358266e-9
1.0539739156337562	3.5511731699284924e-9
1.058973915633756	3.962088098002904e-9
1.0639739156337558	4.4471531865598016e-9
1.0689739156337557	5.021480085155113e-9
1.0739739156337553	5.703356153942995e-9
1.0789739156337552	6.5149178802360084e-9
1.0839739156337551	7.482967546331888e-9
1.0889739156337548	8.639963660063978e-9
1.0939739156337547	1.0025222161609287e-8
1.0989739156337544	1.1686373307927804e-8
1.1039739156337542	1.3681128705090665e-8
1.108973915633754	1.607942456683764e-8
1.1139739156337538	1.896602135934649e-8
1.1189739156337537	2.244365707424832e-8
1.1239739156337534	2.6636872093198732e-8
1.1289739156337533	3.169664874259369e-8
1.133973915633753	3.780603912545729e-8
1.1389739156337528	4.5186991798041005e-8
1.1439739156337525	5.4108632711424025e-8
1.1489739156337524	6.489731023637114e-8
1.153973915633752	7.794878005992789e-8
1.158973915633752	9.374298574029067e-8
1.1639739156337519	1.128619877062813e-7
1.1689739156337515	1.3601171108964374e-7
1.1739739156337514	1.6404832533960714e-7
1.178973915633751	1.980102413594603e-7
1.183973915633751	2.391569212962802e-7
1.1889739156337507	2.8901594980347867e-7
1.1939739156337505	3.4944012287272335e-7
1.1989739156337504	4.2267668240113046e-7
1.2039739156337501	5.11451275016037e-7
1.20897391563375	6.190697585568012e-7
1.2139739156337497	7.495416385007867e-7
1.2189739156337496	9.077297128798689e-7
1.2239739156337492	1.099531465779897e-6
1.2289739156337491	1.3320989096259776e-6
1.2339739156337488	1.6141049746229366e-6
1.2389739156337487	1.956066226612827e-6
1.2439739156337486	2.3707337170300326e-6
1.2489739156337483	2.87356619444334e-6
1.2539739156337482	3.4833028100514746e-6
1.2589739156337478	4.222655913312406e-6
1.2639739156337477	5.119148652425066e-6
1.2689739156337474	6.2061269698384166e-6
1.2739739156337473	7.523981322739148e-6
1.2789739156337472	9.121620168868822e-6
1.2839739156337469	1.1058245033950441e-5
1.2889739156337467	1.3405485885070491e-5
1.2939739156337464	1.624996558723792e-5
1.2989739156337463	1.969637333819455e-5
1.303973915633746	2.3871138931163532e-5
1.3089739156337459	2.8926812030716943e-5
1.3139739156337455	3.504726256962769e-5
1.3189739156337454	4.245382860578856e-5
1.3239739156337453	5.1412544561987424e-5
1.328973915633745	6.224258283775304e-5
1.333973915633745	7.532603127417713e-5
1.3389739156337446	9.111910234461627e-5
1.3439739156337445	0.0001101648200213858
1.3489739156337441	0.00013310714807976718
1.353973915633744	0.0001607063987869558
1.358973915633744	0.00019385558271103355
1.3639739156337436	0.0002335971196321543
1.3689739156337435	0.0002811390232504973
1.3739739156337432	0.0003378693050092617
1.378973915633743	0.0004053669387062418
1.3839739156337427	0.00048540733640605924
1.3879804367253072	0.0005599059670849145
1.3919869578168715	0.0006448267624723396
1.395993478908436	0.0007413263491177253
1.4	0.0008506260220507504
