0.0006999999999999628	2.8883900759530264e-9
0.001403500000000035	2.8905591121124683e-9
0.0021105174999999296	2.8927414382586275e-9
0.0028210700874998964	2.89493710289145e-9
0.003535175437937438	2.8971462002700063e-9
0.004252851315127062	2.899368825980389e-9
0.004974115571702636	2.9016050764421836e-9
0.005698986149561044	2.903855048912303e-9
0.006427481080308875	2.9061188414938523e-9
0.007159618485710418	2.9083965531450856e-9
0.007895416578138905	2.9106882836887638e-9
0.008634893661029494	2.9129941338213088e-9
0.00937806812933463	2.9153142051221625e-9
0.010124958469981361	2.917648600063435e-9
0.010875583262331262	2.9199974220195035e-9
0.01162996117864295	2.92236077527671e-9
0.012388110984536127	2.9247387650433837e-9
0.013150051539458866	2.9271314974598107e-9
0.013915801797156208	2.9295390796083646e-9
0.014685380806142003	2.931961619523839e-9
0.015458807710172712	2.934399226203945e-9
0.01623610174872358	2.9368520096196647e-9
0.017017282257467212	2.939320080726174e-9
0.017802368668754516	2.941803551473649e-9
0.01859138051209827	2.944302534818116e-9
0.019384337414658823	2.946817144732689e-9
0.020181259101732015	2.949347496219007e-9
0.020982165397240727	2.951893705318223e-9
0.02178707622422691	2.9544558891231884e-9
0.02259601160534814	2.957034165789568e-9
0.02340899166337483	2.959628654548317e-9
0.024226036621691812	2.9622394757172265e-9
0.02504716680480027	2.9648667507136957e-9
0.025872402638824326	2.967510602066498e-9
0.02670176465201842	2.9701711534288244e-9
0.02753527347527842	2.97284852959074e-9
0.028372949842654864	2.975542856492208e-9
0.0292148145918682	2.978254261236154e-9
0.03006088866482743	2.9809828721016165e-9
0.03091119310815165	2.9837288185571957e-9
0.0317657490736924	2.9864922312748957e-9
0.03262457781906081	2.989273242143574e-9
0.03348770070815601	2.9920719842831455e-9
0.034355139211696875	2.994888592058727e-9
0.035226914907755424	2.997723201095051e-9
0.03610304948229413	3.0005759482909393e-9
0.03698356472970569	3.003446971834285e-9
0.03786848255335419	3.006336411216759e-9
0.038757824966120964	3.009244407249286e-9
0.03965161409095162	3.012171102077241e-9
0.04054987216140643	3.0151166391961915e-9
0.04145262152221345	3.018081163467806e-9
0.04235988462982453	3.0210648211356796e-9
0.04327168405297366	3.0240677598418876e-9
0.0441880424732386	3.0270901286434024e-9
0.04510898268560485	3.0301320780287876e-9
0.046034527599032954	3.0331937599354205e-9
0.04696470023702812	3.0362753277663537e-9
0.04789952373821329	3.0393769364082936e-9
0.048839021356904266	3.0424987422488807e-9
0.04978321646368884	3.0456409031950514e-9
0.05073213254600732	3.048803578690825e-9
0.05168579320873729	3.0519869297364715e-9
0.052644222174780875	3.0551911189066464e-9
0.05360744328565471	3.0584163103698893e-9
0.054575480502083065	3.0616626699077893e-9
0.05554835790459365	3.064930364934496e-9
0.05652609969411678	3.068219564516775e-9
0.05750873019258755	3.0715304393941915e-9
0.05849627384355038	3.0748631619994724e-9
0.05948875521276831	3.078217906479438e-9
0.060486198988831924	3.0815948487159764e-9
0.061488629983776036	3.084994166347519e-9
0.062496073133695054	3.0884160387906145e-9
0.06350855349936363	3.091860647262382e-9
0.06452609626686023	3.0953281748023098e-9
0.06554872674819473	3.098818806295302e-9
0.0665764703819355	3.102332728494778e-9
0.06760935273384511	3.1058701300457813e-9
0.06864739949751451	3.1094312015089864e-9
0.06969063649500218	3.1130161353846253e-9
0.07073908967747725	3.116625126137116e-9
0.07179278512586448	3.1202583702196273e-9
0.07285174905149387	3.123916066099622e-9
0.07391600779675113	3.1275984142840656e-9
0.07498558783573481	3.131305617345741e-9
0.07606051577491364	3.1350378799494833e-9
0.07714081835378801	3.1387954088790098e-9
0.0782265224455569	3.142578413064005e-9
0.07931765505778446	3.1463871036078204e-9
0.08041424333307354	3.1502216938155106e-9
0.08151631454973869	3.1540823992222776e-9
0.08262389612248718	3.15796943762231e-9
0.08373701560309972	3.161883029098505e-9
0.08485570068111534	3.165823396051645e-9
0.08597997918452092	3.169790763231375e-9
0.08710987908044335	3.1737853577663303e-9
0.08824542847584554	3.177807409195992e-9
0.08938665561822474	3.181857149501977e-9
0.0905335888963159	3.185934813140357e-9
0.09168625684079766	3.1900406370746843e-9
0.09284468812500156	3.194174860808787e-9
0.09400891156562662	3.1983377264210926e-9
0.09517895612345495	3.2025294785984726e-9
0.09635485090407213	3.206750364671526e-9
0.09753662515859228	3.2110006346497215e-9
0.09872430828438533	3.2152805412576657e-9
0.09991792982580742	3.2195903399716123e-9
0.10111751947493633	3.2239302890564627e-9
0.10232310707231096	3.22830064960391e-9
0.10353472260767245	3.2327016855704694e-9
0.1047523962207106	3.237133663816903e-9
0.1059761582018141	3.2415968541475405e-9
0.10720603899282295	3.2460915293508852e-9
0.10844206918778705	3.250617965240291e-9
0.10968427953372589	3.2551764406959097e-9
0.11093270093139453	3.259767237706882e-9
0.11218736443605157	3.2643906414144934e-9
0.11344830125823162	3.269046940155804e-9
0.11471554276452282	3.273736425508174e-9
0.11598912047834534	3.278459392334713e-9
0.11726906608073716	3.2832161388298582e-9
0.11855541141114084	3.288006966566572e-9
0.11984818846819666	3.2928321805436217e-9
0.12114742941053756	3.29769208923398e-9
0.12245316655759021	3.3025870046341658e-9
0.12376543239037813	3.3075172423141013e-9
0.12508425955233007	3.312483121467885e-9
0.12640968085009188	3.317484964965794e-9
0.12774172925434224	3.322523099406707e-9
0.12908043790061416	3.32759785517173e-9
0.13042584009011704	3.3327095664784528e-9
0.13177796929056776	3.337858571436591e-9
0.1331368591370207	3.3430452121041278e-9
0.13450254343270562	3.348269834544793e-9
0.13587505614986897	3.35353278888629e-9
0.1372544314306183	3.3588344293795787e-9
0.13864070358777136	3.364175114459457e-9
0.14003390710571012	3.369555206805831e-9
0.14143407664123844	3.3749750734061503e-9
0.14284124702444484	3.3804350856194424e-9
0.14425545325956707	3.385935619240544e-9
0.1456767305258648	3.391477054566446e-9
0.14710511417849395	3.3970597764631867e-9
0.14854063974938644	3.4026841744339617e-9
0.14998334294813345	3.4083506426890493e-9
0.1514332596628742	3.414059580216267e-9
0.15289042596118857	3.4198113908531444e-9
0.15435487809099444	3.4256064833599818e-9
0.15582665248144925	3.4314452714950636e-9
0.15730578574385642	3.4373281740901266e-9
0.1587923146725756	3.4432556151280976e-9
0.1602862762459386	3.4492280238219044e-9
0.1617877076271685	3.4552458346946837e-9
0.16329664616530448	3.4613094876615707e-9
0.16481312939613094	3.4674194281130093e-9
0.16633719504311156	3.4735761069995832e-9
0.16786888101832692	3.4797799809182524e-9
0.16940822542341866	3.4860315122006964e-9
0.17095526655053575	3.4923311690025522e-9
0.17251004288328856	3.498679425395182e-9
0.1740725930977048	3.5050767614584014e-9
0.1756429560631934	3.5115236633754818e-9
0.17722117084350925	3.5180206235297336e-9
0.17880727669772659	3.5245681406028186e-9
0.18040131308121543	3.5311667196754666e-9
0.18200331964662148	3.5378168723291793e-9
0.18361333624485465	3.5445191167509205e-9
0.18523140292607912	3.5512739778390583e-9
0.18685755994070938	3.5580819873117418e-9
0.18849184774041308	3.5649436838171537e-9
0.19013430697911532	3.571859613046444e-9
0.19178497851401088	3.5788303278476506e-9
0.19344390340658082	3.5858563883434688e-9
0.19511112292361377	3.59293836205004e-9
0.1967866785382319	3.6000768239985817e-9
0.19847061193092289	3.607272356859606e-9
0.2001629649905775	3.6145255510691133e-9
0.20186377981553055	3.6218370049577027e-9
0.20357309871460819	3.6292073248822017e-9
0.2052909642081813	3.6366371253595757e-9
0.207017419029222	3.644127029204103e-9
0.20875250612436788	3.6516776676668342e-9
0.21049626865498966	3.6592896805780767e-9
0.21224874999826462	3.666963716492738e-9
0.21400999374825602	3.674700432838717e-9
0.2157800437169973	3.682500496068218e-9
0.21755894393558234	3.6903645818119025e-9
0.21934673865526005	3.698293375037062e-9
0.2211434723485364	3.7062875702080154e-9
0.22294918971027902	3.714347871450457e-9
0.22476393565883038	3.7224749927191635e-9
0.22658775533712455	3.730669657969025e-9
0.22842069411381005	3.738932601329605e-9
0.23026279758437915	3.747264567283852e-9
0.23211411157230094	3.7556663108498495e-9
0.23397468213016254	3.764138597766945e-9
0.23584455554081346	3.772682204685764e-9
0.23772377831851751	3.7812979193619795e-9
0.23961239721011024	3.7899865408544705e-9
0.24151045919616082	3.7987488797278356e-9
0.24341801149214168	3.807585758258981e-9
0.24533510154960245	3.816498010648295e-9
0.24726177705735047	3.825486483235442e-9
0.2491980859426373	3.834552034719808e-9
0.25114407637235053	3.843695536385814e-9
0.2530997967542124	3.8529178723330826e-9
0.2550652957379834	3.862219939711845e-9
0.2570406222166734	3.871602648963157e-9
0.25902582532775686	3.881066924065022e-9
0.26102095445439577	3.890613702783466e-9
0.2630260592266676	3.900243936929513e-9
0.26504118952280104	3.909958592621837e-9
0.26706639547041516	3.919758650555159e-9
0.26910172744776706	3.9296451062752515e-9
0.27114723608500574	3.939618970459386e-9
0.2732029722654309	3.94968126920392e-9
0.2752689871267581	3.959833044317834e-9
0.2773453320623917	3.970075353623522e-9
0.2794320587227036	3.980409271264124e-9
0.281529219016317	3.990835888018064e-9
0.2836368651113984	4.001356311621329e-9
0.28575504943695557	4.011971667096136e-9
0.28788382468414025	4.022683097088729e-9
0.2900232438075611	4.033491762213982e-9
0.29217336002659877	4.044398841408709e-9
0.29433422682673194	4.055405532293148e-9
0.29650589796086546	4.066513051540725e-9
0.29868842745066976	4.077722635257621e-9
0.30088186958792296	4.08903553937021e-9
0.30308627893586265	4.1004530400225135e-9
0.305301710330542	4.1119764339833264e-9
0.3075282188821948	4.123607039062848e-9
0.30976585997660583	4.135346194539673e-9
0.31201468927648873	4.147195261598135e-9
0.31427476272287097	4.1591556237762316e-9
0.3165461365364855	4.171228687425481e-9
0.318828867219168	4.183415882180543e-9
0.3211230115552639	4.195718661442139e-9
0.32342862661304006	4.2081385028710106e-9
0.3257457697461053	4.220676908894627e-9
0.32807449859483556	4.233335407226777e-9
0.33041487108780954	4.24611555139981e-9
0.3327669454432486	4.2590189213112006e-9
0.33513078017046477	4.272047123783008e-9
0.33750643407131686	4.2852017931367276e-9
0.33989396624167323	4.2984845917819545e-9
0.3422934360728816	4.311897210821197e-9
0.34470490325324576	4.3254413706698455e-9
0.3471284277695118	4.339118821691967e-9
0.34956406990835936	4.3529313448537395e-9
0.3520118902579012	4.366880752393132e-9
0.3544719497091907	4.38096888850782e-9
0.35694430945773664	4.395197630061238e-9
0.3594290310050252	4.409568887307147e-9
0.36192617616005013	4.424084604634079e-9
0.3644358070408504	4.438746761329808e-9
0.36695798607605457	4.453557372365696e-9
0.36949277600643504	4.46851848920354e-9
0.37204023988646695	4.483632200623363e-9
0.374600441085899	4.49890063357467e-9
0.3771734432913285	4.514325954050614e-9
0.379759310507785	4.529910367986326e-9
0.3823581070603237	4.545656122183295e-9
0.3849698975956254	4.561565505257707e-9
0.3875947470836033	4.577640848616854e-9
0.39023272081902133	4.593884527462676e-9
0.3928838844231162	4.610298961823827e-9
0.39554830384523165	4.626886617616366e-9
0.3982260453644579	4.643650007736193e-9
0.4009171755912802	4.660591693181731e-9
0.4036217614692367	4.6777142842093096e-9
0.4063398702765827	4.695020441522693e-9
0.40907156962796565	4.712512877496532e-9
0.41181692747610543	4.730194357436091e-9
0.41457601211348605	4.7480677008742586e-9
0.4173488921740533	4.7661357829064985e-9
0.4201356366349237	4.7844015355660795e-9
0.42293631481809807	4.802867949240253e-9
0.4257509963921885	4.821538074129209e-9
0.42857975137414944	4.84041502174843e-9
0.4314226501310203	4.859501966477995e-9
0.43427976338167545	4.878802147157986e-9
0.43715116219858396	4.898318868733833e-9
0.440036918009577	4.91805550395215e-9
0.44293710259962477	4.9380154951089e-9
0.4458517881126228	4.958202355852624e-9
0.4487810470531859	4.978619673044279e-9
0.45172495228845155	4.999271108675346e-9
0.45468357704989376	5.020160401847302e-9
0.45765699493514306	5.041291370813973e-9
0.46064527990981863	5.0626679150891496e-9
0.4636485063093676	5.084294017623341e-9
0.4666667488409145	5.106173747049574e-9
0.4697000825851191	5.128311260003682e-9
0.4727485829980444	5.150710803520375e-9
0.4758123259130346	5.1733767175080655e-9
0.47889138754259974	5.1963134373062605e-9
0.4819858444803126	5.21952549632864e-9
0.4850957737027142	5.243017528793738e-9
0.48822125257122767	5.266794272549178e-9
0.49136235883408375	5.290860571990824e-9
0.49451917062825407	5.315221381082793e-9
0.49769176648139524	5.339881766480155e-9
0.5008802253138022	5.364846910760189e-9
0.5040846264403713	5.390122115766703e-9
0.5073050495725733	5.415712806070219e-9
0.510541574820436	5.441624532550998e-9
0.5137942826945383	5.4678629761086796e-9
0.5170632541080108	5.494433951504254e-9
0.520348570378551	5.521343411340413e-9
0.5236503132304436	5.548597450184676e-9
0.5269685647965956	5.576202308843013e-9
0.5303034076205784	5.604164378790695e-9
0.5336549246586811	5.632490206763669e-9
0.5370231992819746	5.661186499523366e-9
0.5404083152783844	5.690260128796535e-9
0.5438103568547764	5.719718136402091e-9
0.5472294086390501	5.749567739570909e-9
0.5506655556822453	5.779816336468617e-9
0.5541188834606565	5.810471511929461e-9
0.5575894778779599	5.841541043411636e-9
0.5610774252673494	5.87303290718345e-9
0.564582812393686	5.904955284751866e-9
0.5681057264556543	5.937316569543295e-9
0.5716462550879327	5.970125373850694e-9
0.5752044863633723	6.003390536055617e-9
0.578780508795189	6.0371211281438355e-9
0.5823744113391649	6.0713264635221275e-9
0.5859862833958606	6.106016105156084e-9
0.5896162148128399	6.141199874041412e-9
0.5932642958869042	6.176887858026065e-9
0.5969306173663387	6.21309042100029e-9
0.6006152704531702	6.249818212472216e-9
0.6043183468054361	6.2870821775501354e-9
0.6080399385394633	6.324893567348792e-9
0.6117801382321605	6.363263949844506e-9
0.615539038923321	6.4022052211999774e-9
0.6193167341179376	6.4417296175830835e-9
0.6231133177885273	6.4818497275065825e-9
0.6269288843774701	6.522578504715131e-9
0.6307635287993573	6.563929281648174e-9
0.6346173464433539	6.605915783510602e-9
0.6384904331755705	6.648552142982895e-9
0.6423828853414483	6.6918529156056315e-9
0.6462947997681555	6.7358330958762925e-9
0.6502262737669962	6.780508134096228e-9
0.6541774051358311	6.825893954010699e-9
0.6581482921615099	6.872006971286702e-9
0.6621390336223173	6.918864112875802e-9
0.6661497287904288	6.966482837313827e-9
0.6701804774343807	7.014881156010557e-9
0.6742313798215525	7.064077655589233e-9
0.6783025367206603	7.114091521337278e-9
0.6823940494042636	7.164942561835504e-9
0.6865060196512851	7.216651234837242e-9
0.6906385497495416	7.269238674475383e-9
0.6947917424982893	7.322726719879049e-9
0.6989657012107808	7.377137945290172e-9
0.7031605297168348	7.432495691776073e-9
0.7073763323654189	7.48882410064161e-9
0.7116132140272461	7.546148148653627e-9
0.715871280097382	7.604493685200073e-9
0.7201506364978687	7.663887471515406e-9
0.7244513896803577	7.724357222115529e-9
0.7287736466287593	7.785931648601186e-9
0.733117514861903	7.848640505998713e-9
0.7374831024362126	7.912514641826289e-9
0.7418705179483935	7.977586048091787e-9
0.7462798705381356	8.043887916448964e-9
0.7507112698908263	8.111454696760336e-9
0.7551648262402804	8.180322159345264e-9
0.759640650371482	8.250527461219876e-9
0.7641388536233394	8.322109216672055e-9
0.7686595478914561	8.395107572554923e-9
0.7732028456309133	8.469564288731043e-9
0.7777688598590677	8.545522824151465e-9
0.7823577041583629	8.623028429125201e-9
0.7869694926791548	8.702128244400385e-9
0.7916043401425507	8.782871407780716e-9
0.7962623618432633	8.8653091690955e-9
0.8009436736524796	8.949495014475997e-9
0.805648392020742	9.035484801040972e-9
0.8103766339808457	9.123336903272113e-9
0.81512851715075	9.213112372583589e-9
0.8199041597365035	9.30487511185268e-9
0.8247036805351862	9.398692066995785e-9
0.8295271989378621	9.494633438070806e-9
0.8343748349325514	9.592772912855153e-9
0.8392467091072142	9.693187926433744e-9
0.8441429426527504	9.795959951047914e-9
0.849063657366014	9.901174821327969e-9
0.8540089756528442	1.0008923101120908e-8
0.8589790205311084	1.0119300499462013e-8
0.863973915633764	1.0232408344896706e-8
0.8689739156337638	1.034789060438157e-8
0.8739739156337636	1.046570861600787e-8
0.8789739156337634	1.0585942770242751e-8
0.8839739156337632	1.0708678557643307e-8
0.8889739156337629	1.0834007173064908e-8
0.8939739156337627	1.096202622331756e-8
0.8989739156337626	1.1092840558829256e-8
0.9039739156337624	1.1226563253994906e-8
0.9089739156337622	1.136331676601952e-8
0.913973915633762	1.1503234308262298e-8
0.9189739156337617	1.1646461481609347e-8
0.9239739156337615	1.179315821649988e-8
0.9289739156337613	1.1943501089263526e-8
0.9339739156337611	1.2097686089782603e-8
0.938973915633761	1.2255931933680752e-8
0.9439739156337608	1.2418484031862924e-8
0.9489739156337605	1.2585619254007829e-8
0.9539739156337603	1.275765165143271e-8
0.9589739156337601	1.293493933969325e-8
0.9639739156337599	1.3117892783631528e-8
0.9689739156337597	1.33069847789386e-8
0.9739739156337595	1.3502762486558656e-8
0.9789739156337594	1.3705861951748693e-8
0.9839739156337591	1.3917025631158029e-8
0.9889739156337589	1.413712356228381e-8
0.9939739156337587	1.4367178944294888e-8
0.9989739156337585	1.4608399062454403e-8
1.0039739156337584	1.486221268637415e-8
1.008973915633758	1.5130315312467938e-8
1.013973915633758	1.5414723912215637e-8
1.0189739156337576	1.5717843201099656e-8
1.0239739156337575	1.604254587154572e-8
1.0289739156337572	1.6392269752906975e-8
1.033973915633757	1.6771135491917255e-8
1.038973915633757	1.7184089111704523e-8
1.0439739156337566	1.7637074734995332e-8
1.0489739156337565	1.8137243882271255e-8
1.0539739156337562	1.8693209120492675e-8
1.058973915633756	1.931535149362053e-8
1.0639739156337558	2.001619317457288e-8
1.0689739156337557	2.0810849214596924e-8
1.0739739156337553	2.1717575221531925e-8
1.0789739156337552	2.2758431383739968e-8
1.0839739156337551	2.3960087605796795e-8
1.0889739156337548	2.535479979820542e-8
1.0939739156337547	2.6981593763905953e-8
1.0989739156337544	2.8887700888837505e-8
1.1039739156337542	3.113029926288005e-8
1.108973915633754	3.377862528368311e-8
1.1139739156337538	3.691653465683718e-8
1.1189739156337537	4.064560852017349e-8
1.1239739156337534	4.508892081674944e-8
1.1289739156337533	5.0395607783344514e-8
1.133973915633753	5.674641043411263e-8
1.1389739156337528	6.436039732473501e-8
1.1439739156337525	7.350311904137862e-8
1.1489739156337524	8.449649942097575e-8
1.153973915633752	9.773083347491027e-8
1.158973915633752	1.136793407820808e-7
1.1639739156337519	1.32915818679075e-7
1.1689739156337515	1.5613605546706398e-7
1.1739739156337514	1.8418380439534178e-7
1.178973915633751	2.180822896004616e-7
1.183973915633751	2.5907242181669604e-7
1.1889739156337507	3.0865915220342873e-7
1.1939739156337505	3.686676963545463e-7
1.1989739156337504	4.413117287177496e-7
1.2039739156337501	5.292760938772494e-7
1.20897391563375	6.358171219195617e-7
1.2139739156337497	7.648842903311996e-7
1.2189739156337496	9.212677686501922e-7
1.2239739156337492	1.1107773434800516e-6
1.2289739156337491	1.34045938556019e-6
1.2339739156337488	1.6188599296269605e-6
1.2389739156337487	1.956343642649333e-6
1.2439739156337486	2.365480517727048e-6
1.2489739156337483	2.8615146226273523e-6
1.2539739156337482	3.4629322409294628e-6
1.2589739156337478	4.192150373947224e-6
1.2639739156337477	5.076350946116717e-6
1.2689739156337474	6.148491320418368e-6
1.2739739156337473	7.448528053586922e-6
1.2789739156337472	9.024898400748221e-6
1.2839739156337469	1.0936313142922591e-5
1.2889739156337467	1.325392511661066e-5
1.2939739156337464	1.6063950660556175e-5
1.2989739156337463	1.9470836374682936e-5
1.303973915633746	2.3601081440162428e-5
1.3089739156337459	2.860784660574602e-5
1.3139739156337455	3.467650509931074e-5
1.3189739156337454	4.203131838937984e-5
1.3239739156337453	5.09434509568676e-5
1.328973915633745	6.174057283299935e-5
1.333973915633745	7.481833597685876e-5
1.3389739156337446	9.065404931104639e-5
1.3439739156337445	0.00010982291514285485
1.3489739156337441	0.00013301722311931944
1.353973915633744	0.0001610689212172482
1.358973915633744	0.0001949759883759727
1.3639739156337436	0.00023593300869834634
1.3689739156337435	0.00028536627696175334
1.3739739156337432	0.00034497362895072185
1.378973915633743	0.00041676896222919577
1.3839739156337427	0.0005031310634174312
1.3879804367253072	0.0005847092154896414
1.3919869578168715	0.0006790856389891734
1.395993478908436	0.0007881221437861423
1.4	0.0009139142257672486
