0.0006999999999999628	8.063005366924554e-9
0.001403500000000035	8.067336660514138e-9
0.0021105174999999296	8.071693670908342e-9
0.0028210700874998964	8.076076482687009e-9
0.003535175437937438	8.080485269627448e-9
0.004252851315127062	8.084920207944532e-9
0.004974115571702636	8.089381475306142e-9
0.005698986149561044	8.093869250836387e-9
0.006427481080308875	8.098383715129716e-9
0.007159618485710418	8.102925050266972e-9
0.007895416578138905	8.107493439828935e-9
0.008634893661029494	8.112089068913056e-9
0.00937806812933463	8.116712124148215e-9
0.010124958469981361	8.121362793709768e-9
0.010875583262331262	8.126041267336367e-9
0.01162996117864295	8.130747736345372e-9
0.012388110984536127	8.13548239364916e-9
0.013150051539458866	8.140245433771707e-9
0.013915801797156208	8.145037052864828e-9
0.014685380806142003	8.149857448725474e-9
0.015458807710172712	8.154706820812298e-9
0.01623610174872358	8.159585370263415e-9
0.017017282257467212	8.16449329991301e-9
0.017802368668754516	8.169430814310084e-9
0.01859138051209827	8.17439811973561e-9
0.019384337414658823	8.179395424221002e-9
0.020181259101732015	8.184422937566024e-9
0.020982165397240727	8.189480871358002e-9
0.02178707622422691	8.194569438990273e-9
0.02259601160534814	8.199688855681382e-9
0.02340899166337483	8.20483933849405e-9
0.024226036621691812	8.210021106355611e-9
0.02504716680480027	8.21523438007663e-9
0.025872402638824326	8.220479382371776e-9
0.02670176465201842	8.225756337879858e-9
0.02753527347527842	8.231065473184886e-9
0.028372949842654864	8.236407016835917e-9
0.0292148145918682	8.241781199369283e-9
0.03006088866482743	8.247188253329151e-9
0.03091119310815165	8.252628413289782e-9
0.0317657490736924	8.258101915877068e-9
0.03262457781906081	8.263608999791115e-9
0.03348770070815601	8.269149905828496e-9
0.034355139211696875	8.27472487690512e-9
0.035226914907755424	8.2803341580798e-9
0.03610304948229413	8.285977996577079e-9
0.03698356472970569	8.291656641811486e-9
0.03786848255335419	8.297370345411003e-9
0.038757824966120964	8.303119361242388e-9
0.03965161409095162	8.308903945434972e-9
0.04054987216140643	8.314724356405974e-9
0.04145262152221345	8.32058085488653e-9
0.04235988462982453	8.326473703946247e-9
0.04327168405297366	8.332403169020433e-9
0.0441880424732386	8.338369517935442e-9
0.04510898268560485	8.34437302093654e-9
0.046034527599032954	8.350413950713988e-9
0.04696470023702812	8.356492582431561e-9
0.04789952373821329	8.36260919375375e-9
0.048839021356904266	8.368764064873993e-9
0.04978321646368884	8.374957478543876e-9
0.05073213254600732	8.38118972010165e-9
0.05168579320873729	8.387461077502025e-9
0.052644222174780875	8.393771841345848e-9
0.05360744328565471	8.400122304910445e-9
0.054575480502083065	8.406512764180016e-9
0.055548357904593434	8.412943517877359e-9
0.056526099694116344	8.419414867495e-9
0.0575087301925869	8.425927117326921e-9
0.05849627384354973	8.43248057450136e-9
0.05948875521276744	8.439075549014153e-9
0.06048619898883127	8.445712353760848e-9
0.061488629983775384	8.452391304571726e-9
0.06249607313369419	8.45911272024542e-9
0.06350855349936275	8.465876922584024e-9
0.06452609626685958	8.47268423642784e-9
0.06554872674819387	8.4795349896921e-9
0.06657647038193484	8.486429513402179e-9
0.06760935273384447	8.49336814173122e-9
0.06864739949751365	8.500351212037023e-9
0.0696906364950013	8.507379064900205e-9
0.07073908967747639	8.514452044162317e-9
0.07179278512586384	8.52157049696488e-9
0.07285174905149322	8.528734773789205e-9
0.0739160077967507	8.535945228496245e-9
0.07498558783573436	8.543202218366946e-9
0.07606051577491299	8.55050610414452e-9
0.07714081835378758	8.557857250075255e-9
0.07822652244555647	8.565256023951641e-9
0.07931765505778425	8.572702797155365e-9
0.0804142433330731	8.580197944700961e-9
0.08151631454973848	8.58774184528025e-9
0.08262389612248718	8.59533488130748e-9
0.0837370156030995	8.602977438965246e-9
0.0848557006811149	8.61066990825019e-9
0.0859799791845205	8.618412683021e-9
0.08710987908044313	8.626206161045726e-9
0.08824542847584534	8.634050744050194e-9
0.08938665561822454	8.641946837767565e-9
0.09053358889631567	8.64989485198847e-9
0.09168625684079722	8.657895200611096e-9
0.09284468812500112	8.665948301693321e-9
0.09400891156562617	8.674054577504954e-9
0.0951789561234543	8.682214454580439e-9
0.09635485090407148	8.690428363773302e-9
0.09753662515859184	8.698696740310212e-9
0.0987243082843847	8.707020023847461e-9
0.09991792982580656	8.71539865852669e-9
0.10111751947493569	8.723833093032225e-9
0.10232310707231031	8.73232378064966e-9
0.1035347226076718	8.740871179324658e-9
0.10475239622071016	8.749475751723065e-9
0.10597615820181366	8.758137965291742e-9
0.10720603899282274	8.766858292320685e-9
0.10844206918778684	8.775637210005706e-9
0.10968427953372567	8.784475200512257e-9
0.1109327009313943	8.793372751040739e-9
0.11218736443605135	8.802330353891596e-9
0.11344830125823162	8.811348506532626e-9
0.11471554276452282	8.820427711667796e-9
0.11598912047834534	8.82956847730497e-9
0.11726906608073695	8.838771316826798e-9
0.11855541141114062	8.848036749062025e-9
0.11984818846819621	8.857365298357873e-9
0.12114742941053713	8.866757494653596e-9
0.12245316655758978	8.876213873555494e-9
0.1237654323903777	8.885734976412798e-9
0.12508425955232963	8.895321350394622e-9
0.12640968085009122	8.90497354856951e-9
0.1277417292543416	8.914692129983804e-9
0.1290804379006133	8.92447765974399e-9
0.13042584009011637	8.934330709098507e-9
0.1317779692905669	8.944251855521615e-9
0.13313685913701961	8.9542416827987e-9
0.13450254343270476	8.964300781113175e-9
0.13587505614986833	8.974429747133743e-9
0.13725443143061763	8.984629184104611e-9
0.13864070358777073	8.99489970193616e-9
0.14003390710570945	9.005241917297986e-9
0.14143407664123803	9.015656453711551e-9
0.1428412470244442	9.026143941648208e-9
0.1442554532595664	9.036705018624132e-9
0.14567673052586416	9.047340329300556e-9
0.1471051141784935	9.058050525584827e-9
0.14854063974938603	9.068836266730967e-9
0.149983342948133	9.07969821944551e-9
0.15143325966287374	9.090637057992945e-9
0.15289042596118813	9.101653464302448e-9
0.15435487809099402	9.112748128079056e-9
0.15582665248144906	9.123921746913533e-9
0.1573057857438562	9.135175026397232e-9
0.15879231467257537	9.146508680236215e-9
0.16028627624593816	9.157923430369402e-9
0.16178770762716785	9.169420007088062e-9
0.16329664616530362	9.180999149156385e-9
0.16481312939613008	9.192661603936597e-9
0.1663371950431107	9.204408127513733e-9
0.16786888101832628	9.216239484824364e-9
0.1694082254234178	9.228156449786534e-9
0.1709552665505349	9.240159805432874e-9
0.17251004288328747	9.252250344045438e-9
0.17407259309770393	9.2644288672933e-9
0.17564295606319252	9.276696186372611e-9
0.17722117084350858	9.289053122149147e-9
0.17880727669772617	9.301500505303363e-9
0.18040131308121476	9.314039176478e-9
0.18200331964662084	9.32666998642863e-9
0.18361333624485401	9.339393796177095e-9
0.18523140292607826	9.352211477167406e-9
0.18685755994070874	9.36512391142405e-9
0.1884918477404122	9.37813199171519e-9
0.19013430697911424	9.391236621715606e-9
0.1917849785140098	9.404438716176592e-9
0.19344390340657974	9.41773920109522e-9
0.19511112292361268	9.431139013889605e-9
0.1967866785382308	9.444639103576314e-9
0.19847061193092203	9.458240430950923e-9
0.20016296499057665	9.471943968772187e-9
0.20186377981552947	9.485750701950402e-9
0.2035730987146071	9.499661627737868e-9
0.20529096420818022	9.51367775592474e-9
0.20701741902922113	9.527800109036945e-9
0.20875250612436722	9.542029722539593e-9
0.210496268654989	9.556367645042475e-9
0.21224874999826396	9.570814938511192e-9
0.21400999374825516	9.585372678481508e-9
0.21578004371699644	9.600041954277838e-9
0.21755894393558148	9.614823869236626e-9
0.2193467386552594	9.629719540933066e-9
0.22114347234853576	9.644730101413708e-9
0.22294918971027836	9.659856697432199e-9
0.2247639356588297	9.675100490690568e-9
0.2265877553371239	9.690462658085805e-9
0.2284206941138094	9.705944391959325e-9
0.23026279758437848	9.721546900353746e-9
0.23211411157230027	9.737271407273651e-9
0.23397468213016168	9.753119152951823e-9
0.23584455554081238	9.76909139412058e-9
0.23772377831851643	9.785189404289112e-9
0.23961239721010893	9.801414474026427e-9
0.24151045919615952	9.817767911249391e-9
0.24341801149214037	9.83425104151765e-9
0.24533510154960114	9.850865208334406e-9
0.24726177705734917	9.867611773452435e-9
0.24919808594263598	9.884492117187667e-9
0.2511440763723492	9.901507638738671e-9
0.2530997967542111	9.91865975651339e-9
0.25506529573798215	9.935949908461915e-9
0.2570406222166721	9.953379552416578e-9
0.25902582532775553	9.970950166440025e-9
0.2610209544543945	9.988663249178943e-9
0.2630260592266663	1.0006520320227409e-8
0.2650411895227997	1.0024522920496181e-8
0.26706639547041383	1.0042672612591053e-8
0.2691017274477658	1.0060970981199393e-8
0.2711472360850044	1.0079419633483406e-8
0.27320297226542956	1.0098020199484571e-8
0.2752689871267568	1.0116774332534762e-8
0.2773453320623904	1.013568370967718e-8
0.27943205872270227	1.0154750032096243e-8
0.2815292190163157	1.0173975025557754e-8
0.28363686511139713	1.0193360440857683e-8
0.2857550494369543	1.0212908054281533e-8
0.287883824684139	1.023261966807403e-8
0.2900232438075598	1.0252497110918762e-8
0.29217336002659744	1.0272542238429208e-8
0.2943342268267306	1.0292756933651359e-8
0.2965058979608642	1.0313143107575368e-8
0.2986884274506685	1.0333702699662078e-8
0.3008818695879217	1.0354437678378928e-8
0.3030862789358613	1.0375350041749997e-8
0.3053017103305407	1.0396441817917137e-8
0.30752821888219345	1.0417715065715228e-8
0.3097658599766045	1.043917187526066e-8
0.31201468927648746	1.0460814368552956e-8
0.3142747627228697	1.0482644700090574e-8
0.31654613653648417	1.0504665057502398e-8
0.31882886721916665	1.0526877662192047e-8
0.32112301155526257	1.054928476999914e-8
0.3234286266130387	1.0571888671875903e-8
0.325745769746104	1.0594691694579344e-8
0.3280744985948343	1.06176962013808e-8
0.33041487108780826	1.0640904592792393e-8
0.3327669454432473	1.0664319307310602e-8
0.3351307801704635	1.068794282217852e-8
0.3375064340713156	1.0711777654166565e-8
0.33989396624167195	1.0735826360372642e-8
0.3422934360728803	1.0760091539040668e-8
0.3447049032532445	1.0784575830401122e-8
0.34712842776951053	1.0809281917532133e-8
0.3495640699083581	1.0834212527240711e-8
0.3520118902578999	1.0859370430967197e-8
0.35447194970918944	1.088475844571355e-8
0.35694430945773536	1.0910379434992665e-8
0.35942903100502394	1.0936236309802794e-8
0.36192617616004885	1.0962332029629235e-8
0.36443580704084905	1.0988669603467504e-8
0.3669579860760533	1.1015252090875974e-8
0.3694927760064337	1.1042082603055118e-8
0.3720402398864656	1.10691643039541e-8
0.37460044108589774	1.109650041140638e-8
0.37717344329132724	1.112409419829707e-8
0.37975931050778367	1.1151948993757652e-8
0.38235810706032236	1.1180068184395941e-8
0.3849698975956241	1.1208455215556145e-8
0.38759474708360203	1.1237113592613925e-8
0.39023272081902005	1.1266046882306107e-8
0.39288388442311495	1.1295258714096747e-8
0.3955483038452304	1.1324752781579192e-8
0.39822604536445655	1.1354532843917412e-8
0.40091717559127893	1.1384602727326131e-8
0.4036217614692354	1.1414966326593738e-8
0.4063398702765814	1.1445627606643257e-8
0.40907156962796437	1.1476590604141198e-8
0.4118169274761041	1.1507859429149872e-8
0.41457601211348477	1.1539438266824614e-8
0.41734889217405197	1.1571331379161235e-8
0.42013563663492237	1.1603543106792222e-8
0.4229363148180968	1.1636077870833424e-8
0.4257509963921872	1.1668940174785832e-8
0.4285797513741481	1.1702134606490229e-8
0.431422650131019	1.173566584013947e-8
0.4342797633816742	1.1769538638349485e-8
0.4371511621985827	1.1803757854290912e-8
0.4400369180095757	1.1838328433883644e-8
0.4429371025996235	1.1873255418056263e-8
0.44585178811262155	1.1908543945072664e-8
0.44878104705318456	1.1944199252928898e-8
0.4517249522884503	1.1980226681822466e-8
0.4546835770498925	1.2016631676694914e-8
0.4576569949351417	1.2053419789854e-8
0.4606452799098173	1.2090596683674045e-8
0.46364850630936627	1.2128168133381446e-8
0.46666674884091325	1.2166140029924995e-8
0.46970008258511775	1.2204518382936486e-8
0.4727485829980431	1.2243309323784311e-8
0.47581232591303324	1.2282519108721578e-8
0.47889138754259847	1.232215412213626e-8
0.4819858444803113	1.236222087990391e-8
0.48509577370271284	1.2402726032846994e-8
0.48822125257122634	1.244367637030837e-8
0.4913623588340824	1.248507882383762e-8
0.49451917062825274	1.2526940471000159e-8
0.49769176648139396	1.2569268539309803e-8
0.5008802253138008	1.2612070410292454e-8
0.50408462644037	1.2655353623684704e-8
0.5073050495725719	1.2699125881771355e-8
0.5105415748204347	1.274339505387133e-8
0.513794282694537	1.2788169180973651e-8
0.5170632541080095	1.2833456480531879e-8
0.5203485703785496	1.2879265351423586e-8
0.5236503132304423	1.2925604379078653e-8
0.5269685647965943	1.2972482340790594e-8
0.530303407620577	1.301990821120639e-8
0.5336549246586798	1.3067891168017047e-8
0.5370231992819733	1.311644059784287e-8
0.5404083152783831	1.3165566102333527e-8
0.5438103568547752	1.3215277504483425e-8
0.5472294086390488	1.3265584855178442e-8
0.5506655556822441	1.3316498439977068e-8
0.5541188834606553	1.336802878614248e-8
0.5575894778779587	1.3420186669932847e-8
0.5610774252673482	1.347298312416206e-8
0.5645828123936848	1.3526429446042434e-8
0.5681057264556529	1.3580537205324362e-8
0.5716462550879313	1.3635318252741529e-8
0.575204486363371	1.3690784728781274e-8
0.5787805087951877	1.3746949072789582e-8
0.5823744113391636	1.3803824032430113e-8
0.5859862833958592	1.3861422673512254e-8
0.5896162148128385	1.3919758390201873e-8
0.5932642958869029	1.3978844915641677e-8
0.5969306173663373	1.4038696332990228e-8
0.6006152704531689	1.409932708690619e-8
0.6043183468054348	1.4160751995496948e-8
0.6080399385394619	1.4222986262755182e-8
0.6117801382321592	1.428604549150551e-8
0.6155390389233196	1.4349945696888511e-8
0.6193167341179363	1.4414703320406564e-8
0.623113317788526	1.4480335244561387e-8
0.6269288843774687	1.454685880811195e-8
0.6307635287993559	1.461429182198661e-8
0.6346173464433525	1.4682652585879307e-8
0.6384904331755692	1.475195990556822e-8
0.642382885341447	1.4822233110995108e-8
0.6462947997681542	1.4893492075142406e-8
0.6502262737669948	1.49657572337541e-8
0.6541774051358298	1.5039049605942885e-8
0.6581482921615086	1.5113390815734524e-8
0.6621390336223161	1.5188803114599155e-8
0.6661497287904276	1.5265309405023555e-8
0.6701804774343794	1.534293326518582e-8
0.6742313798215511	1.5421698974791576e-8
0.678302536720659	1.550163154214017e-8
0.6823940494042624	1.558275673249258e-8
0.6865060196512838	1.5665101097815594e-8
0.6906385497495403	1.5748692007986312e-8
0.694791742498288	1.583355768354256e-8
0.6989657012107795	1.591972723007691e-8
0.7031605297168335	1.6007230674371382e-8
0.7073763323654175	1.6096099002387027e-8
0.7116132140272448	1.6186364199222603e-8
0.7158712800973807	1.627805929117309e-8
0.7201506364978674	1.6371218390024233e-8
0.7244513896803564	1.6465876739733325e-8
0.728773646628758	1.656207076566152e-8
0.7331175148619017	1.6659838126531757e-8
0.7374831024362114	1.675921776930793e-8
0.7418705179483922	1.6860249987210336e-8
0.7462798705381343	1.696297648109562e-8
0.750711269890825	1.706744042446021e-8
0.7551648262402791	1.7173686532352493e-8
0.7596406503714807	1.7281761134505807e-8
0.7641388536233382	1.7391712253039968e-8
0.7686595478914547	1.7503589685126398e-8
0.773202845630912	1.7617445091048178e-8
0.7777688598590664	1.773333208815004e-8
0.7823577041583616	1.7851306351232648e-8
0.7869694926791535	1.7971425720022364e-8
0.7916043401425493	1.809375031443504e-8
0.796262361843262	1.821834265845592e-8
0.8009436736524783	1.8345267813587906e-8
0.8056483920207407	1.8474593522961554e-8
0.8103766339808444	1.8606390367382485e-8
0.8151285171507487	1.8740731934806352e-8
0.8199041597365022	1.8877695004986778e-8
0.8247036805351848	1.9017359751361684e-8
0.8295271989378608	1.9159809962613617e-8
0.8343748349325502	1.930513328681412e-8
0.8392467091072129	1.945342150162588e-8
0.844142942652749	1.9604770814727255e-8
0.8490636573660127	1.975928219948944e-8
0.8540089756528428	1.991706177198469e-8
0.8589790205311072	2.007822121670433e-8
0.8639739156337627	2.024287826999009e-8
0.8689739156337625	2.0410485551702368e-8
0.8739739156337623	2.058095992415821e-8
0.878973915633762	2.07543898276218e-8
0.8839739156337618	2.0930868900133838e-8
0.8889739156337617	2.1110496571548618e-8
0.8939739156337615	2.1293378758159933e-8
0.8989739156337613	2.147962867795111e-8
0.9039739156337611	2.166936781041909e-8
0.9089739156337608	2.186272702986613e-8
0.9139739156337606	2.2059847947071166e-8
0.9189739156337604	2.2260884501509877e-8
0.9239739156337602	2.2466004855103006e-8
0.9289739156337601	2.2675393649116154e-8
0.9339739156337599	2.2889254698746184e-8
0.9389739156337596	2.3107814215554517e-8
0.9439739156337594	2.33313246668244e-8
0.9489739156337592	2.3560069403860438e-8
0.953973915633759	2.3794368219008415e-8
0.9589739156337588	2.4034584024813194e-8
0.9639739156337586	2.4281130889505356e-8
0.9689739156337585	2.4534483712358115e-8
0.9739739156337582	2.479518988230272e-8
0.978973915633758	2.5063883335648357e-8
0.9839739156337578	2.5341301516568564e-8
0.9889739156337576	2.562830585040647e-8
0.9939739156337574	2.5925906468725007e-8
0.9989739156337571	2.6235292081200142e-8
1.003973915633757	2.6557866078610834e-8
1.0089739156337567	2.6895290180360436e-8
1.0139739156337566	2.7249537217569644e-8
1.0189739156337563	2.76229549790479e-8
1.0239739156337562	2.8018343454747144e-8
1.028973915633756	2.843904830456342e-8
1.0339739156337557	2.8889073977712186e-8
1.0389739156337556	2.937322063119572e-8
1.0439739156337553	2.98972498715824e-8
1.0489739156337552	3.046808540436979e-8
1.0539739156337549	3.109405595818223e-8
1.0589739156337548	3.178518940358888e-8
1.0639739156337544	3.255356886456581e-8
1.0689739156337543	3.341376389243108e-8
1.0739739156337542	3.438335251901772e-8
1.0789739156337539	3.548355332634431e-8
1.0839739156337538	3.673999068228024e-8
1.0889739156337535	3.818362113779807e-8
1.0939739156337533	3.9851854831933756e-8
1.098973915633753	4.178991280975628e-8
1.103973915633753	4.405246967106413e-8
1.1089739156337528	4.6705641224976354e-8
1.1139739156337525	4.982938917596271e-8
1.1189739156337524	5.3520429723384686e-8
1.123973915633752	5.789575080920159e-8
1.128973915633752	6.309686417538464e-8
1.1339739156337516	6.929494407404053e-8
1.1389739156337515	7.669703520550578e-8
1.1439739156337512	8.555354916940424e-8
1.148973915633751	9.616731247263655e-8
1.153973915633751	1.0890448117527299e-7
1.1589739156337506	1.2420769896682555e-7
1.1639739156337505	1.4261194841756115e-7
1.1689739156337502	1.647636310745004e-7
1.17397391563375	1.9144351284558572e-7
1.1789739156337498	2.2359428871864935e-7
1.1839739156337497	2.623536573057981e-7
1.1889739156337495	3.0909395291695876e-7
1.1939739156337492	3.6546956251872827e-7
1.197980436725312	4.189271356239321e-7
1.2019869578168745	4.810538214826197e-7
1.2059934789084372	5.532526356874067e-7
1.21	6.371499036024176e-7
