0.0006999999999999628	1.0609010662544644e-10
0.001403500000000035	1.0625719711491151e-10
0.0021105174999999296	1.0642545181457084e-10
0.0028210700874998964	1.0659487058923128e-10
0.003535175437937438	1.0676546311200869e-10
0.004252851315127062	1.0693723928357517e-10
0.004974115571702636	1.071102091097094e-10
0.005698986149561044	1.0728438270100247e-10
0.006427481080308875	1.0745977027417217e-10
0.007159618485710418	1.0763638215341256e-10
0.007895416578138905	1.0781422877177037e-10
0.008634893661029494	1.0799332067252424e-10
0.00937806812933463	1.0817366851061006e-10
0.010124958469981361	1.0835528305404777e-10
0.010875583262331262	1.0853817518539735e-10
0.01162996117864295	1.087223559032394e-10
0.012388110984536127	1.089078363236721e-10
0.013150051539458866	1.0909462768182655e-10
0.013915801797156208	1.0928274133343507e-10
0.014685380806142003	1.0947218875637108e-10
0.015458807710172712	1.0966298155225938e-10
0.01623610174872358	1.0985513144809575e-10
0.017017282257467212	1.1004865029787736e-10
0.017802368668754516	1.1024355008428152e-10
0.01859138051209827	1.1043984292034938e-10
0.019384337414658823	1.106375410512124e-10
0.020181259101732015	1.108366568558358e-10
0.020982165397240727	1.1103720284879108e-10
0.02178707622422691	1.1123919168205616e-10
0.02259601160534814	1.1144263614684265e-10
0.02340899166337483	1.1164754917546141e-10
0.024226036621691812	1.118539438431942e-10
0.02504716680480027	1.1206183337022473e-10
0.025872402638824326	1.1227123112357012e-10
0.02670176465201842	1.1248215061906825e-10
0.02753527347527842	1.1269460552338157e-10
0.028372949842654864	1.1290860965603731e-10
0.0292148145918682	1.1312417699149169e-10
0.03006088866482743	1.133413216612483e-10
0.03091119310815165	1.1356005795598758e-10
0.0317657490736924	1.1378040032773746e-10
0.03262457781906081	1.1400236339208724e-10
0.03348770070815601	1.142259619304222e-10
0.034355139211696875	1.1445121089220933e-10
0.035226914907755424	1.1467812539730663e-10
0.03610304948229413	1.1490672073832227e-10
0.03698356472970569	1.1513701238299499e-10
0.03786848255335419	1.153690159766356e-10
0.038757824966120964	1.1560274734458333e-10
0.03965161409095162	1.1583822249472529e-10
0.04054987216140643	1.1607545762004331e-10
0.04145262152221345	1.1631446910120242e-10
0.04235988462982453	1.165552735091832e-10
0.04327168405297366	1.1679788760797258e-10
0.0441880424732386	1.1704232835727137e-10
0.04510898268560485	1.172886129152672e-10
0.046034527599032954	1.175367586414403e-10
0.04696470023702812	1.1778678309943652e-10
0.04789952373821329	1.1803870405996296e-10
0.048839021356904266	1.1829253950374168e-10
0.04978321646368884	1.185483076245216e-10
0.05073213254600732	1.1880602683213426e-10
0.05168579320873729	1.1906571575558438e-10
0.052644222174780875	1.1932739324623425e-10
0.05360744328565471	1.1959107838099297e-10
0.054575480502083065	1.1985679046558834e-10
0.055548357904593434	1.201245490378988e-10
0.056526099694116344	1.2039437387131646e-10
0.0575087301925869	1.206662849781959e-10
0.05849627384354973	1.2094030261333476e-10
0.05948875521276744	1.2121644727753925e-10
0.06048619898883127	1.2149473972123288e-10
0.061488629983775384	1.2177520094814307e-10
0.06249607313369419	1.2205785221902007e-10
0.06350855349936275	1.223427150554664e-10
0.06452609626685958	1.2262981124379747e-10
0.06554872674819387	1.2291916283897644e-10
0.06657647038193484	1.2321079216862837e-10
0.06760935273384447	1.235047218371119e-10
0.06864739949751365	1.2380097472966867e-10
0.0696906364950013	1.2409957401664687e-10
0.07073908967747639	1.2440054315779384e-10
0.07179278512586384	1.2470390590662634e-10
0.07285174905149322	1.250096863148826e-10
0.0739160077967507	1.253179087370504e-10
0.07498558783573436	1.2562859783496205e-10
0.07606051577491299	1.2594177858250099e-10
0.07714081835378758	1.2625747627035962e-10
0.07822652244555647	1.2657571651090997e-10
0.07931765505778425	1.268965252431455e-10
0.0804142433330731	1.272199287377147e-10
0.08151631454973848	1.2754595360204216e-10
0.08262389612248718	1.2787462678555082e-10
0.0837370156030995	1.2820597558498257e-10
0.0848557006811149	1.285400276497975e-10
0.0859799791845205	1.288768109876802e-10
0.08710987908044313	1.2921635397015323e-10
0.08824542847584534	1.2955868533828546e-10
0.08938665561822454	1.2990383420851968e-10
0.09053358889631567	1.3025183007857024e-10
0.09168625684079722	1.3060270283348511e-10
0.09284468812500112	1.3095648275176354e-10
0.09400891156562617	1.3131320051163305e-10
0.0951789561234543	1.3167288719741075e-10
0.09635485090407148	1.3203557430600444e-10
0.09753662515859184	1.324012937535245e-10
0.0987243082843847	1.3277007788201414e-10
0.09991792982580656	1.3314195946633687e-10
0.10111751947493569	1.3351697172114677e-10
0.10232310707231031	1.3389514830802744e-10
0.1035347226076718	1.3427652334273977e-10
0.10475239622071016	1.3466113140264877e-10
0.10597615820181366	1.3504900753424196e-10
0.10720603899282274	1.354401872608133e-10
0.10844206918778684	1.3583470659030685e-10
0.10968427953372567	1.3623260202328854e-10
0.1109327009313943	1.3663391056109028e-10
0.11218736443605135	1.370386697140937e-10
0.11344830125823162	1.3744691751018714e-10
0.11471554276452282	1.3785869250338823e-10
0.11598912047834534	1.382740337826197e-10
0.11726906608073695	1.386929809806726e-10
0.11855541141114062	1.3911557428332947e-10
0.11984818846819621	1.3954185443868706e-10
0.12114742941053713	1.399718627666406e-10
0.12245316655758978	1.4040564116856883e-10
0.1237654323903777	1.4084323213720373e-10
0.12508425955232963	1.4128467876670606e-10
0.12640968085009122	1.4173002476292682e-10
0.1277417292543416	1.4217931445388892e-10
0.1290804379006133	1.4263259280046097e-10
0.13042584009011637	1.4308990540726334e-10
0.1317779692905669	1.4355129853378213e-10
0.13313685913701961	1.4401681910570615e-10
0.13450254343270476	1.4448651472650829e-10
0.13587505614986833	1.4496043368924366e-10
0.13725443143061763	1.4543862498859713e-10
0.13864070358777073	1.4592113833317346e-10
0.14003390710570945	1.4640802415804256e-10
0.14143407664123803	1.4689933363754157e-10
0.1428412470244442	1.473951186983362e-10
0.1442554532595664	1.4789543203275793e-10
0.14567673052586416	1.4840032711241438e-10
0.1471051141784935	1.4890985820207323e-10
0.14854063974938603	1.494240803738531e-10
0.149983342948133	1.4994304952170123e-10
0.15143325966287374	1.5046682237618095e-10
0.15289042596118813	1.509954565195421e-10
0.15435487809099402	1.5152901040115145e-10
0.15582665248144906	1.5206754335322546e-10
0.1573057857438562	1.5261111560689177e-10
0.15879231467257537	1.531597883086108e-10
0.16028627624593816	1.5371362353691602e-10
0.16178770762716785	1.542726843195651e-10
0.16329664616530362	1.5483703465099806e-10
0.16481312939613008	1.5540673951021826e-10
0.1663371950431107	1.5598186487901734e-10
0.16786888101832628	1.565624777606521e-10
0.1694082254234178	1.5714864619886446e-10
0.1709552665505349	1.5774043929735813e-10
0.17251004288328747	1.5833792723967987e-10
0.17407259309770393	1.5894118130954877e-10
0.17564295606319252	1.5955027391162312e-10
0.17722117084350858	1.601652785927227e-10
0.17880727669772617	1.607862700635494e-10
0.18040131308121476	1.6141332422082475e-10
0.18200331964662084	1.6204651817001784e-10
0.18361333624485401	1.626859302484708e-10
0.18523140292607826	1.6333164004912862e-10
0.18685755994070874	1.639837284447624e-10
0.1884918477404122	1.6464227761274198e-10
0.19013430697911424	1.6530737106037287e-10
0.1917849785140098	1.659790936508049e-10
0.19344390340657974	1.666575316295414e-10
0.19511112292361268	1.6734277265153526e-10
0.1967866785382308	1.680349058089152e-10
0.19847061193092203	1.6873402165934942e-10
0.20016296499057665	1.694402122550613e-10
0.20186377981552947	1.7015357117252545e-10
0.2035730987146071	1.708741935428153e-10
0.20529096420818022	1.7160217608272222e-10
0.20701741902922113	1.723376171265225e-10
0.20875250612436722	1.7308061665857458e-10
0.210496268654989	1.7383127634658888e-10
0.21224874999826396	1.7458969957576643e-10
0.21400999374825516	1.7535599148369042e-10
0.21578004371699644	1.7613025899606825e-10
0.21755894393558148	1.769126108633207e-10
0.2193467386552594	1.7770315769803538e-10
0.22114347234853576	1.7850201201335323e-10
0.22294918971027836	1.79309288262206e-10
0.2247639356588297	1.801251028776001e-10
0.2265877553371239	1.8094957431377895e-10
0.2284206941138094	1.8178282308845024e-10
0.23026279758437848	1.8262497182602157e-10
0.23211411157230027	1.8347614530187922e-10
0.23397468213016168	1.8433647048778267e-10
0.23584455554081238	1.8520607659835514e-10
0.23772377831851643	1.860850951387369e-10
0.23961239721010893	1.8697365995339266e-10
0.24151045919615952	1.8787190727619022e-10
0.24341801149214037	1.887799757816644e-10
0.24533510154960114	1.8969800663761553e-10
0.24726177705734917	1.906261435589876e-10
0.24919808594263598	1.9156453286316303e-10
0.2511440763723492	1.9251332352659825e-10
0.2530997967542111	1.9347266724293498e-10
0.25506529573798215	1.9444271848258907e-10
0.2570406222166721	1.9542363455385475e-10
0.25902582532775553	1.9641557566558069e-10
0.2610209544543945	1.9741870499148123e-10
0.2630260592266663	1.9843318873608242e-10
0.2650411895227997	1.994591962024013e-10
0.26706639547041383	2.0049689986139193e-10
0.2691017274477658	2.0154647542317702e-10
0.2711472360850044	2.0260810191020343e-10
0.27320297226542956	2.036819617322807e-10
0.2752689871267568	2.0476824076361426e-10
0.2773453320623904	2.058671284219071e-10
0.27943205872270227	2.0697881774953948e-10
0.2815292190163157	2.0810350549694588e-10
0.28363686511139713	2.0924139220820552e-10
0.2857550494369543	2.1039268230896627e-10
0.287883824684139	2.1155758419672931e-10
0.2900232438075598	2.1273631033359252e-10
0.29217336002659744	2.1392907734152512e-10
0.2943342268267306	2.1513610610024543e-10
0.2965058979608642	2.163576218477943e-10
0.2986884274506685	2.175938542838685e-10
0.3008818695879217	2.1884503767603026e-10
0.3030862789358613	2.2011141096886931e-10
0.3053017103305407	2.2139321789619965e-10
0.30752821888219345	2.2269070709640814e-10
0.3097658599766045	2.2400413223104357e-10
0.31201468927648746	2.2533375210676821e-10
0.3142747627228697	2.266798308007259e-10
0.31654613653648417	2.2804263778954747e-10
0.31882886721916665	2.2942244808197656e-10
0.32112301155526257	2.3081954235533696e-10
0.3234286266130387	2.322342070959221e-10
0.325745769746104	2.3366673474345207e-10
0.3280744985948343	2.351174238397173e-10
0.33041487108780826	2.3658657918155573e-10
0.3327669454432473	2.3807451197833785e-10
0.3351307801704635	2.395815400140164e-10
0.3375064340713156	2.4110798781408946e-10
0.33989396624167195	2.426541868173145e-10
0.3422934360728803	2.4422047555278584e-10
0.3447049032532445	2.4580719982204526e-10
0.34712842776951053	2.4741471288689846e-10
0.3495640699083581	2.4904337566270965e-10
0.3520118902578999	2.5069355691769346e-10
0.35447194970918944	2.5236563347813524e-10
0.35694430945773536	2.5405999044002463e-10
0.35942903100502394	2.5577702138703437e-10
0.36192617616004885	2.575171286153465e-10
0.36443580704084905	2.592807233653304e-10
0.3669579860760533	2.610682260605169e-10
0.3694927760064337	2.628800665539563e-10
0.3720402398864656	2.6471668438233453e-10
0.37460044108589774	2.6657852902810547e-10
0.37717344329132724	2.684660601899064e-10
0.37975931050778367	2.703797480615441e-10
0.38235810706032236	2.723200736199442e-10
0.3849698975956241	2.7428752892227217e-10
0.38759474708360203	2.762826174126723e-10
0.39023272081902005	2.7830585423892134e-10
0.39288388442311495	2.8035776657938405e-10
0.3955483038452304	2.8243889398061896e-10
0.39822604536445655	2.8454978870611107e-10
0.40091717559127893	2.866910160964833e-10
0.4036217614692354	2.8886315494160474e-10
0.4063398702765814	2.910667978651691e-10
0.40907156962796437	2.933025517220403e-10
0.4118169274761041	2.955710380090268e-10
0.41457601211348477	2.9787289328945765e-10
0.41734889217405197	3.0020876963223735e-10
0.42013563663492237	3.0257933506581265e-10
0.4229363148180968	3.0498527404771974e-10
0.4257509963921872	3.074272879502638e-10
0.4285797513741481	3.0990609556306096e-10
0.431422650131019	3.1242243361300576e-10
0.4342797633816742	3.149770573024206e-10
0.4371511621985827	3.1757074086610283e-10
0.4400369180095757	3.2020427814804857e-10
0.4429371025996235	3.228784831986246e-10
0.44585178811262155	3.2559419089302446e-10
0.44878104705318456	3.2835225757191243e-10
0.4517249522884503	3.3115356170513406e-10
0.4546835770498925	3.339990045794644e-10
0.4576569949351417	3.3688951101137073e-10
0.4606452799098173	3.3982603008592127e-10
0.46364850630936627	3.4280953592280634e-10
0.46666674884091325	3.4584102847072307e-10
0.46970008258511775	3.4892153433127807e-10
0.4727485829980431	3.52052107613744e-10
0.47581232591303324	3.5523383082187665e-10
0.47889138754259847	3.584678157742591e-10
0.4819858444803113	3.6175520455965075e-10
0.48509577370271284	3.650971705288279e-10
0.48822125257122634	3.684949193244789e-10
0.4913623588340824	3.719496899509813e-10
0.49451917062825274	3.754627558856604e-10
0.49769176648139396	3.7903542623353594e-10
0.5008802253138008	3.8266904692737065e-10
0.50408462644037	3.863650019752471e-10
0.5073050495725719	3.90124714757636e-10
0.5105415748204347	3.9394964937643337e-10
0.513794282694537	3.9784131205815005e-10
0.5170632541080095	4.0180125261392825e-10
0.5203485703785496	4.0583106595898675e-10
0.5236503132304423	4.09932393694222e-10
0.5269685647965943	4.1410692575302907e-10
0.530303407620577	4.1835640211627054e-10
0.5336549246586798	4.226826145988504e-10
0.5370231992819733	4.270874087111691e-10
0.5404083152783831	4.3157268559916487e-10
0.5438103568547752	4.361404040667644e-10
0.5472294086390488	4.4079258268484727e-10
0.5506655556822441	4.4553130199078883e-10
0.5541188834606553	4.5035870678340234e-10
0.5575894778779587	4.552770085177351e-10
0.5610774252673482	4.6028848780501846e-10
0.5645828123936848	4.6539549702287697e-10
0.5681057264556529	4.706004630416398e-10
0.5716462550879313	4.759058900725103e-10
0.575204486363371	4.81314362644157e-10
0.5787805087951877	4.868285487141834e-10
0.5823744113391636	4.924512029226637e-10
0.5859862833958592	4.981851699953935e-10
0.5896162148128385	5.040333883045565e-10
0.5932642958869029	5.099988935955298e-10
0.5969306173663373	5.160848228886232e-10
0.6006152704531689	5.222944185655286e-10
0.6043183468054348	5.28631032650274e-10
0.6080399385394619	5.350981312958627e-10
0.6117801382321592	5.416992994877105e-10
0.6155390389233196	5.484382459764538e-10
0.6193167341179363	5.553188084527907e-10
0.623113317788526	5.623449589784166e-10
0.6269288843774687	5.695208096878891e-10
0.6307635287993559	5.768506187769017e-10
0.6346173464433525	5.843387967942944e-10
0.6384904331755692	5.919899132552105e-10
0.642382885341447	5.998087035951636e-10
0.6462947997681542	6.078000764851879e-10
0.6502262737669948	6.15969121530454e-10
0.6541774051358298	6.243211173757501e-10
0.6581482921615086	6.3286154024314e-10
0.6621390336223161	6.41596072929366e-10
0.6661497287904276	6.505306142916486e-10
0.6701804774343794	6.59671289253954e-10
0.6742313798215511	6.690244593670984e-10
0.678302536720659	6.785967339596625e-10
0.6823940494042624	6.883949819186586e-10
0.6865060196512838	6.984263441431794e-10
0.6906385497495403	7.086982467165855e-10
0.694791742498288	7.192184148476723e-10
0.6989657012107795	7.299948876349812e-10
0.7031605297168335	7.410360337133278e-10
0.7073763323654175	7.523505678470716e-10
0.7116132140272448	7.639475685403033e-10
0.7158712800973807	7.758364967410308e-10
0.7201506364978674	7.88027215723537e-10
0.7244513896803564	8.005300122420081e-10
0.728773646628758	8.133556190572545e-10
0.7331175148619017	8.265152389498621e-10
0.7374831024362114	8.400205703447851e-10
0.7418705179483922	8.538838346867639e-10
0.7462798705381343	8.681178057216248e-10
0.750711269890825	8.827358408576193e-10
0.7551648262402791	8.977519148016412e-10
0.7596406503714807	9.131806556906681e-10
0.7641388536233382	9.290373839676022e-10
0.7686595478914547	9.453381542843284e-10
0.773202845630912	9.620998007554733e-10
0.7777688598590664	9.793399859326617e-10
0.7823577041583616	9.970772539258182e-10
0.7869694926791535	1.015331088163937e-9
0.7916043401425493	1.0341219743672517e-9
0.796262361843262	1.0534714693980692e-9
0.8009436736524783	1.0734022767715489e-9
0.8056483920207407	1.0939383297458724e-9
0.8103766339808444	1.1151048830776494e-9
0.8151285171507487	1.136928614731679e-9
0.8199041597365022	1.159437739079773e-9
0.8247036805351848	1.1826621334248351e-9
0.8295271989378608	1.206633480054466e-9
0.8343748349325502	1.2313854264799148e-9
0.8392467091072129	1.2569537670717603e-9
0.844142942652749	1.2833766499889835e-9
0.8490636573660127	1.3106948141432442e-9
0.8540089756528428	1.3389518619881321e-9
0.8589790205311072	1.3681945752210965e-9
0.8639739156337627	1.3984732821010284e-9
0.8689739156337625	1.429716211255469e-9
0.8739739156337623	1.461935943478305e-9
0.878973915633762	1.4951789824485392e-9
0.8839739156337618	1.5294957366685113e-9
0.8889739156337617	1.564941067578487e-9
0.8939739156337615	1.6015749377818796e-9
0.8989739156337613	1.639463179562029e-9
0.9039739156337611	1.678678408043079e-9
0.9089739156337608	1.7193011084256925e-9
0.9139739156337606	1.7614209328811442e-9
0.9189739156337604	1.805138250134058e-9
0.9239739156337602	1.8505659997859328e-9
0.9289739156337601	1.897831914358513e-9
0.9339739156337599	1.947081185271882e-9
0.9389739156337596	1.998479665006997e-9
0.9439739156337594	2.0522177171277753e-9
0.9489739156337592	2.1085148493725977e-9
0.953973915633759	2.1676252935402377e-9
0.9589739156337588	2.229844730441307e-9
0.9639739156337586	2.295518400047318e-9
0.9689739156337585	2.3650508876838966e-9
0.9739739156337582	2.4389179385638987e-9
0.978973915633758	2.5176807274046986e-9
0.9839739156337578	2.6020031000697215e-9
0.9889739156337576	2.6926724134471385e-9
0.9939739156337574	2.790624732148277e-9
0.9989739156337571	2.896975300952161e-9
1.003973915633757	3.013055406133311e-9
1.0089739156337567	3.1404569740103603e-9
1.0139739156337566	3.281086539873127e-9
1.0189739156337563	3.4372305652861785e-9
1.0239739156337562	3.6116344992262073e-9
1.028973915633756	3.807598483768808e-9
1.0339739156337557	4.029093216440733e-9
1.0389739156337556	4.280900221002804e-9
1.0439739156337553	4.568781672973406e-9
1.0489739156337552	4.899686007724757e-9
1.0539739156337549	5.281996846070952e-9
1.0589739156337548	5.725834351286784e-9
1.0639739156337544	6.243420038071393e-9
1.0689739156337543	6.849518354757305e-9
1.0739739156337542	7.561971134759983e-9
1.0789739156337539	8.402344356978017e-9
1.0839739156337538	9.396710680837092e-9
1.0889739156337535	1.057659606432224e-8
1.0939739156337533	1.1980124591701071e-8
1.098973915633753	1.3653402619065872e-8
1.103973915633753	1.565219171007526e-8
1.1089739156337528	1.8043929837477453e-8
1.1139739156337525	2.0910172264822957e-8
1.1189739156337524	2.4349537737569848e-8
1.123973915633752	2.848126249022396e-8
1.128973915633752	3.344948454928682e-8
1.1339739156337516	3.942840435742471e-8
1.1389739156337515	4.662849537511445e-8
1.1439739156337512	5.5303970565617904e-8
1.148973915633751	6.576174806683581e-8
1.153973915633751	7.837220238391382e-8
1.1589739156337506	9.358203648078906e-8
1.1639739156337505	1.1192966539800756e-7
1.1689739156337502	1.340635633601894e-7
1.17397391563375	1.6076409316931147e-7
1.1789739156337498	1.9296940773308317e-7
1.1839739156337497	2.3180608661375938e-7
1.1889739156337495	2.786252419612606e-7
1.1939739156337492	3.350448928651654e-7
1.197980436725312	3.8847420125616963e-7
1.2019869578168745	4.5046855664816617e-7
1.2059934789084372	5.223688689587653e-7
1.21	6.057158660316917e-7
