0.0006999999999999628	1.8763272420519203e-9
0.001403500000000035	1.877914744626949e-9
0.0021105174999999296	1.8795121140518184e-9
0.0028210700874998964	1.8811193864259476e-9
0.003535175437937438	1.8827366331911054e-9
0.004252851315127062	1.8843639268120296e-9
0.004974115571702636	1.8860013404006553e-9
0.005698986149561044	1.8876489477193608e-9
0.006427481080308875	1.8893068231879134e-9
0.007159618485710418	1.890975041890885e-9
0.007895416578138905	1.8926536795847098e-9
0.008634893661029494	1.894342812705215e-9
0.00937806812933463	1.8960425183750674e-9
0.010124958469981361	1.8977528744113647e-9
0.010875583262331262	1.899473959333222e-9
0.01162996117864295	1.9012058523697333e-9
0.012388110984536127	1.902948633467657e-9
0.013150051539458866	1.904702383299527e-9
0.013915801797156208	1.9064671832717774e-9
0.014685380806142003	1.9082431155327845e-9
0.015458807710172712	1.9100302629813692e-9
0.01623610174872358	1.9118287092750765e-9
0.017017282257467212	1.9136385388388123e-9
0.017802368668754516	1.915459836873451e-9
0.01859138051209827	1.917292689364506e-9
0.019384337414658823	1.919137183091356e-9
0.020181259101732015	1.920993405635784e-9
0.020982165397240727	1.9228614453914784e-9
0.02178707622422691	1.924741391573067e-9
0.02259601160534814	1.9266333342256382e-9
0.02340899166337483	1.928537364234184e-9
0.024226036621691812	1.9304535733332654e-9
0.02504716680480027	1.9323820541167035e-9
0.025872402638824326	1.934322900047647e-9
0.02670176465201842	1.9362762054684227e-9
0.02753527347527842	1.938242065610962e-9
0.028372949842654864	1.9402205766067226e-9
0.0292148145918682	1.9422118354976956e-9
0.03006088866482743	1.944215940246526e-9
0.03091119310815165	1.946232989747587e-9
0.0317657490736924	1.9482630838377087e-9
0.03262457781906081	1.9503063233073363e-9
0.03348770070815601	1.9523628099117224e-9
0.034355139211696875	1.9544326463822915e-9
0.035226914907755424	1.956515936438238e-9
0.03610304948229413	1.9586127847980497e-9
0.03698356472970569	1.9607232971916437e-9
0.03786848255335419	1.962847580372152e-9
0.038757824966120964	1.964985742128293e-9
0.03965161409095162	1.967137891296625e-9
0.04054987216140643	1.969304137774143e-9
0.04145262152221345	1.9714845925311043e-9
0.04235988462982453	1.973679367623844e-9
0.04327168405297366	1.9758885762079143e-9
0.0441880424732386	1.9781123325512832e-9
0.04510898268560485	1.980350752048022e-9
0.046034527599032954	1.982603951231801e-9
0.04696470023702812	1.984872047789914e-9
0.04789952373821329	1.9871551605771507e-9
0.048839021356904266	1.9894534096303157e-9
0.04978321646368884	1.991766916182602e-9
0.05073213254600732	1.9940958026783627e-9
0.05168579320873729	1.9964401927878543e-9
0.052644222174780875	1.998800211422689e-9
0.05360744328565471	2.001175984750931e-9
0.054575480502083065	2.0035676402127986e-9
0.05554835790459365	2.005975306536561e-9
0.05652609969411678	2.0083991137544075e-9
0.05750873019258755	2.0108391932190064e-9
0.05849627384355038	2.0132956776197364e-9
0.05948875521276831	2.0157687009998107e-9
0.060486198988831924	2.0182583987731174e-9
0.061488629983776036	2.0207649077414806e-9
0.062496073133695054	2.023288366112425e-9
0.06350855349936363	2.0258289135168466e-9
0.06452609626686023	2.0283866910271236e-9
0.06554872674819473	2.03096184117557e-9
0.0665764703819355	2.0335545079729227e-9
0.06760935273384511	2.036164836927551e-9
0.06864739949751451	2.038792975064445e-9
0.06969063649500218	2.041439070944804e-9
0.07073908967747725	2.044103274685906e-9
0.07179278512586448	2.0467857379811517e-9
0.07285174905149387	2.049486614120597e-9
0.07391600779675113	2.0522060580117193e-9
0.07498558783573481	2.0549442262003653e-9
0.07606051577491364	2.057701276892227e-9
0.07714081835378801	2.060477369974713e-9
0.0782265224455569	2.063272667038781e-9
0.07931765505778446	2.066087331401612e-9
0.08041424333307354	2.0689215281291994e-9
0.08151631454973869	2.0717754240595683e-9
0.08262389612248718	2.0746491878263546e-9
0.08373701560309972	2.0775429898824743e-9
0.08485570068111534	2.0804570025247144e-9
0.08597997918452092	2.083391399917988e-9
0.08710987908044335	2.0863463581207075e-9
0.08824542847584554	2.0893220551100296e-9
0.08938665561822474	2.0923186708077176e-9
0.0905335888963159	2.09533638710657e-9
0.09168625684079766	2.0983753878968e-9
0.09284468812500156	2.1014358590935427e-9
0.09400891156562662	2.1045179886639726e-9
0.09517895612345495	2.1076219666558077e-9
0.09635485090407213	2.1107479852254137e-9
0.09753662515859228	2.1138962386667376e-9
0.09872430828438533	2.1170669234409447e-9
0.09991792982580742	2.120260238206075e-9
0.10111751947493633	2.123476383847645e-9
0.10232310707231096	2.126715563509314e-9
0.10353472260767245	2.129977982624362e-9
0.1047523962207106	2.133263848947657e-9
0.1059761582018141	2.136573372588069e-9
0.10720603899282295	2.139906766041397e-9
0.10844206918778705	2.1432642442239827e-9
0.10968427953372589	2.1466460245068116e-9
0.11093270093139453	2.150052326750172e-9
0.11218736443605157	2.153483373338911e-9
0.11344830125823162	2.156939389218298e-9
0.11471554276452282	2.1604206019305217e-9
0.11598912047834534	2.163927241651759e-9
0.11726906608073716	2.167459541229863e-9
0.11855541141114084	2.171017736222793e-9
0.11984818846819666	2.174602064937673e-9
0.12114742941053756	2.1782127684702984e-9
0.12245316655759021	2.181850090745819e-9
0.12376543239037813	2.1855142785595645e-9
0.12508425955233007	2.189205581618911e-9
0.12640968085009188	2.192924252585919e-9
0.12774172925434224	2.1966705471204923e-9
0.12908043790061416	2.2004447239243084e-9
0.13042584009011704	2.2042470447858443e-9
0.13177796929056776	2.20807777462574e-9
0.1331368591370207	2.211937181543435e-9
0.13450254343270562	2.2158255368640505e-9
0.13587505614986897	2.2197431151867252e-9
0.1372544314306183	2.223690194433328e-9
0.13864070358777136	2.227667055898292e-9
0.14003390710571012	2.231673984299517e-9
0.14143407664123844	2.2357112678293763e-9
0.14284124702444484	2.2397791982078123e-9
0.14425545325956707	2.243878070735475e-9
0.1456767305258648	2.248008184348173e-9
0.14710511417849395	2.252169841672452e-9
0.14854063974938644	2.256363349081682e-9
0.14998334294813345	2.260589016753883e-9
0.1514332596628742	2.264847158730021e-9
0.15289042596118857	2.2691380929735003e-9
0.15435487809099444	2.2734621414310933e-9
0.15582665248144925	2.2778196300945162e-9
0.15730578574385642	2.282210889063545e-9
0.1587923146725756	2.2866362526099396e-9
0.1602862762459386	2.2910960592429208e-9
0.1617877076271685	2.295590651775684e-9
0.16329664616530448	2.3001203773930503e-9
0.16481312939613094	2.3046855877206362e-9
0.16633719504311156	2.3092866388952696e-9
0.16786888101832692	2.313923891636507e-9
0.16940822542341866	2.318597711319872e-9
0.17095526655053575	2.323308468051209e-9
0.17251004288328856	2.328056536742499e-9
0.1740725930977048	2.3328422971894536e-9
0.1756429560631934	2.337666134149996e-9
0.17722117084350925	2.3425284374247012e-9
0.17880727669772659	2.3474296019389472e-9
0.18040131308121543	2.352370027826011e-9
0.18200331964662148	2.357350120512344e-9
0.18361333624485465	2.362370290804531e-9
0.18523140292607912	2.36743095497742e-9
0.18685755994070938	2.3725325348645877e-9
0.18849184774041308	2.377675457950209e-9
0.19013430697911532	2.3828601574629784e-9
0.19178497851401088	2.388087072471666e-9
0.19344390340658082	2.393356647982798e-9
0.19511112292361377	2.398669335040164e-9
0.1967866785382319	2.404025590826349e-9
0.19847061193092289	2.4094258787662418e-9
0.2001629649905775	2.414870668632822e-9
0.20186377981553055	2.420360436654869e-9
0.20357309871460819	2.425895665626924e-9
0.2052909642081813	2.4314768450217237e-9
0.207017419029222	2.437104471104488e-9
0.20875250612436788	2.4427790470499855e-9
0.21049626865498966	2.4485010830616033e-9
0.21224874999826462	2.454271096493395e-9
0.21400999374825602	2.460089611974169e-9
0.2157800437169973	2.4659571615343102e-9
0.21755894393558234	2.471874284735419e-9
0.21934673865526005	2.4778415288024697e-9
0.2211434723485364	2.483859448758798e-9
0.22294918971027902	2.489928607563979e-9
0.22476393565883038	2.496049576254499e-9
0.22658775533712455	2.5022229340876583e-9
0.22842069411381005	2.5084492686882895e-9
0.23026279758437915	2.514729176198603e-9
0.23211411157230094	2.5210632614316524e-9
0.23397468213016254	2.5274521380274733e-9
0.23584455554081346	2.5338964286131173e-9
0.23772377831851751	2.5403967649658817e-9
0.23961239721011024	2.54695378818022e-9
0.24151045919616082	2.5535681488383296e-9
0.24341801149214168	2.5602405071841616e-9
0.24533510154960245	2.5669715333017033e-9
0.24726177705735047	2.573761907296795e-9
0.2491980859426373	2.5806123194835385e-9
0.25114407637235053	2.58752347057405e-9
0.2530997967542124	2.5944960718730837e-9
0.2550652957379834	2.6015308454767627e-9
0.2570406222166734	2.608628524475843e-9
0.25902582532775686	2.6157898531634973e-9
0.26102095445439577	2.6230155872479642e-9
0.2630260592266676	2.630306494069765e-9
0.26504118952280104	2.637663352824038e-9
0.26706639547041516	2.6450869547881055e-9
0.26910172744776706	2.652578103553906e-9
0.27114723608500574	2.6601376152661984e-9
0.2732029722654309	2.6677663188659105e-9
0.2752689871267581	2.6754650563395657e-9
0.2773453320623917	2.683234682973876e-9
0.2794320587227036	2.6910760676172325e-9
0.281529219016317	2.6989900929463534e-9
0.2836368651113984	2.7069776557400534e-9
0.28575504943695557	2.715039667158922e-9
0.28788382468414025	2.7231770530320487e-9
0.2900232438075611	2.7313907541501817e-9
0.29217336002659877	2.7396817265665324e-9
0.29433422682673194	2.7480509419041907e-9
0.29650589796086546	2.756499387671314e-9
0.29868842745066976	2.7650280675840277e-9
0.30088186958792296	2.7736380018966984e-9
0.30308627893586265	2.782330227741219e-9
0.305301710330542	2.7911057994735196e-9
0.3075282188821948	2.7999657890295114e-9
0.30976585997660583	2.808911286289352e-9
0.31201468927648873	2.8179433994510736e-9
0.31427476272287097	2.8270632554131747e-9
0.3165461365364855	2.836272000167292e-9
0.318828867219168	2.8455707992003173e-9
0.3211230115552639	2.854960837906798e-9
0.32342862661304006	2.864443322012157e-9
0.3257457697461053	2.8740194780061644e-9
0.32807449859483556	2.8836905535879796e-9
0.33041487108780954	2.893457818122075e-9
0.3327669454432486	2.9033225631068317e-9
0.33513078017046477	2.9132861026542067e-9
0.33750643407131686	2.923349773982878e-9
0.33989396624167323	2.933514937923504e-9
0.3422934360728816	2.9437829794380437e-9
0.34470490325324576	2.9541553081517336e-9
0.3471284277695118	2.9646333589003825e-9
0.34956406990835936	2.9752185922914567e-9
0.3520118902579012	2.9859124952802378e-9
0.3544719497091907	2.996716581761691e-9
0.35694430945773664	3.007632393178202e-9
0.3594290310050252	3.018661499143881e-9
0.36192617616005013	3.029805498085603e-9
0.3644358070408504	3.0410660179019045e-9
0.36695798607605457	3.052444716639764e-9
0.36949277600643504	3.063943283190227e-9
0.37204023988646695	3.075563438003239e-9
0.374600441085899	3.087306933822336e-9
0.3771734432913285	3.0991755564401535e-9
0.379759310507785	3.1111711254748634e-9
0.3823581070603237	3.12329549516869e-9
0.3849698975956254	3.1355505552093223e-9
0.3875947470836033	3.147938231574375e-9
0.39023272081902133	3.1604604874001713e-9
0.3928838844231162	3.1731193238759977e-9
0.39554830384523165	3.1859167811634012e-9
0.3982260453644579	3.1988549393430226e-9
0.4009171755912802	3.2119359193888608e-9
0.4036217614692367	3.2251618841706245e-9
0.4063398702765827	3.238535039486658e-9
0.40907156962796565	3.2520576351266396e-9
0.41181692747610543	3.2657319659664034e-9
0.41457601211348605	3.2795603730956916e-9
0.4173488921740533	3.2935452449792567e-9
0.4201356366349237	3.3076890186538504e-9
0.42293631481809807	3.321994180961275e-9
0.4257509963921885	3.336463269818781e-9
0.42857975137414944	3.3510988755295703e-9
0.4314226501310203	3.365903642132527e-9
0.43427976338167545	3.380880268794911e-9
0.43715116219858396	3.3960315112478928e-9
0.440036918009577	3.411360183267459e-9
0.44293710259962477	3.4268691582020172e-9
0.4458517881126228	3.4425613705482444e-9
0.4487810470531859	3.458439817577729e-9
0.45172495228845155	3.4745075610152837e-9
0.45468357704989376	3.4907677287714775e-9
0.45765699493514306	3.507223516731496e-9
0.46064527990981863	3.5238781906024183e-9
0.4636485063093676	3.5407350878207254e-9
0.4666667488409145	3.557797619522841e-9
0.4697000825851191	3.5750692725813168e-9
0.4727485829980444	3.592553611708458e-9
0.4758123259130346	3.6102542816305517e-9
0.47889138754259974	3.6281750093358865e-9
0.4819858444803126	3.6463196063984564e-9
0.4850957737027142	3.6646919713812683e-9
0.48822125257122767	3.683296092321922e-9
0.49136235883408375	3.702136049304313e-9
0.49451917062825407	3.721216017119288e-9
0.49769176648139524	3.740540268018358e-9
0.5008802253138022	3.7601131745641796e-9
0.5040846264403713	3.779939212582001e-9
0.5073050495725733	3.800022964215715e-9
0.510541574820436	3.82036912109339e-9
0.5137942826945383	3.840982487607105e-9
0.5170632541080108	3.861867984310981e-9
0.520348570378551	3.883030651443799e-9
0.5236503132304436	3.9044756525801765e-9
0.5269685647965956	3.9262082784171606e-9
0.5303034076205784	3.948233950700563e-9
0.5336549246586811	3.97055822629941e-9
0.5370231992819746	3.993186801432525e-9
0.5404083152783844	4.01612551605587e-9
0.5438103568547764	4.039380358416834e-9
0.5472294086390501	4.06295746978366e-9
0.5506655556822453	4.086863149356995e-9
0.5541188834606565	4.1111038593731115e-9
0.5575894778779599	4.1356862304065e-9
0.5610774252673494	4.160617066881768e-9
0.564582812393686	4.185903352803924e-9
0.5681057264556543	4.2115522577184234e-9
0.5716462550879327	4.23757114291002e-9
0.5752044863633723	4.263967567854017e-9
0.578780508795189	4.290749296929963e-9
0.5823744113391649	4.3179243064119336e-9
0.5859862833958606	4.345500791747609e-9
0.5896162148128399	4.373487175141614e-9
0.5932642958869042	4.401892113457315e-9
0.5969306173663387	4.4307245064525175e-9
0.6006152704531702	4.4599935053671816e-9
0.6043183468054361	4.489708521879616e-9
0.6080399385394633	4.5198792374504555e-9
0.6117801382321605	4.550515613074119e-9
0.615539038923321	4.581627899459883e-9
0.6193167341179376	4.613226647662652e-9
0.6231133177885273	4.645322720189923e-9
0.6269288843774701	4.677927302607912e-9
0.6307635287993573	4.7110519156750535e-9
0.6346173464433539	4.7447084280299996e-9
0.6384904331755705	4.77890906946616e-9
0.6423828853414483	4.813666444823104e-9
0.6462947997681555	4.848993548530251e-9
0.6502262737669962	4.884903779838878e-9
0.6541774051358311	4.921410958781702e-9
0.6581482921615099	4.95852934290142e-9
0.6621390336223173	4.996273644792163e-9
0.6661497287904288	5.034659050502337e-9
0.6701804774343807	5.0737012388482094e-9
0.6742313798215525	5.113416401693808e-9
0.6783025367206603	5.153821265254487e-9
0.6823940494042636	5.194933112486658e-9
0.6865060196512851	5.236769806631281e-9
0.6906385497495416	5.279349815982705e-9
0.6947917424982893	5.3226922399603685e-9
0.6989657012107808	5.366816836567424e-9
0.7031605297168348	5.411744051325937e-9
0.7073763323654189	5.457495047787163e-9
0.7116132140272461	5.5040917397217626e-9
0.715871280097382	5.551556825104254e-9
0.7201506364978687	5.59991382201788e-9
0.7244513896803577	5.649187106613547e-9
0.7287736466287593	5.699401953271833e-9
0.733117514861903	5.750584577129792e-9
0.7374831024362126	5.8027621791503066e-9
0.7418705179483935	5.85596299392777e-9
0.7462798705381356	5.91021634044658e-9
0.7507112698908263	5.965552676029575e-9
0.7551648262402804	6.022003653740376e-9
0.759640650371482	6.079602183532741e-9
0.7641388536233394	6.1383824974754584e-9
0.7686595478914561	6.198380219420398e-9
0.7732028456309133	6.259632439528147e-9
0.7777688598590677	6.322177794118532e-9
0.7823577041583629	6.386056551378017e-9
0.7869694926791548	6.451310703530459e-9
0.7916043401425507	6.517984066164569e-9
0.7962623618432633	6.586122385517781e-9
0.8009436736524796	6.6557734546410754e-9
0.805648392020742	6.726987239515882e-9
0.8103766339808457	6.799816016379681e-9
0.81512851715075	6.874314521725171e-9
0.8199041597365035	6.9505401167082215e-9
0.8247036805351862	7.0285529680104866e-9
0.8295271989378621	7.1084162475931544e-9
0.8343748349325514	7.19019635425015e-9
0.8392467091072142	7.273963160445411e-9
0.8441429426527504	7.359790288632002e-9
0.849063657366014	7.447755422121533e-9
0.8540089756528442	7.537940656654555e-9
0.8589790205311084	7.630432900153108e-9
0.863973915633764	7.725324329794647e-9
0.8689739156337638	7.822323346288514e-9
0.8739739156337636	7.92140418963974e-9
0.8789739156337634	8.022641476073589e-9
0.8839739156337632	8.126114730481883e-9
0.8889739156337629	8.231908982281114e-9
0.8939739156337627	8.340115464324997e-9
0.8989739156337626	8.45083243539397e-9
0.9039739156337624	8.564166150923336e-9
0.9089739156337622	8.680232011763882e-9
0.913973915633762	8.799155926973288e-9
0.9189739156337617	8.921075934156635e-9
0.9239739156337615	9.046144129981256e-9
0.9289739156337613	9.174528974524476e-9
0.9339739156337611	9.306418046480442e-9
0.938973915633761	9.44202134245427e-9
0.9439739156337608	9.581575233200487e-9
0.9489739156337605	9.725347213462294e-9
0.9539739156337603	9.873641610908004e-9
0.9589739156337601	1.002680645462922e-8
0.9639739156337599	1.0185241746052125e-8
0.9689739156337597	1.0349409426507852e-8
0.9739739156337595	1.0519845398021377e-8
0.9789739156337594	1.0697174029434035e-8
0.9839739156337591	1.0882125671601948e-8
0.9889739156337589	1.1075557816511495e-8
0.9939739156337587	1.1278480669904929e-8
0.9989739156337585	1.149208807040665e-8
1.0039739156337584	1.1717794886333865e-8
1.008973915633758	1.195728226173034e-8
1.013973915633758	1.2212552374697542e-8
1.0189739156337576	1.2485994724697395e-8
1.0239739156337575	1.2780466394393091e-8
1.0289739156337572	1.3099389251820995e-8
1.033973915633757	1.3446867689725507e-8
1.038973915633757	1.382783126432403e-8
1.0439739156337566	1.4248207524270595e-8
1.0489739156337565	1.4715131446897857e-8
1.0539739156337562	1.523719926508485e-8
1.058973915633756	1.5824776125481578e-8
1.0639739156337558	1.649036902935865e-8
1.0689739156337557	1.7249078946302737e-8
1.0739739156337553	1.8119148949674807e-8
1.0789739156337552	1.9122628811945996e-8
1.0839739156337551	2.0286180852100932e-8
1.0889739156337548	2.1642057109284414e-8
1.0939739156337547	2.322928432448925e-8
1.0989739156337544	2.5095100985238244e-8
1.1039739156337542	2.7296700117864535e-8
1.108973915633754	2.990334295113798e-8
1.1139739156337538	3.299892245169767e-8
1.1189739156337537	3.668507256538332e-8
1.1239739156337534	4.108493941886892e-8
1.1289739156337533	4.63477555069934e-8
1.133973915633753	5.265438793904268e-8
1.1389739156337528	6.022406826570521e-8
1.1439739156337525	6.932255561944552e-8
1.1489739156337524	8.027203852666196e-8
1.153973915633752	9.346314579269304e-8
1.158973915633752	1.0936951574823445e-7
1.1639739156337519	1.2856546882080287e-7
1.1689739156337515	1.5174744442376723e-7
1.1739739156337514	1.7976000386037703e-7
1.178973915633751	2.1362737155625343e-7
1.183973915633751	2.5459169380478083e-7
1.1889739156337507	3.04159445015023e-7
1.1939739156337505	3.6415771549170466e-7
1.1989739156337504	4.3680248330509703e-7
1.2039739156337501	5.247814194418237e-7
1.20897391563375	6.31354316631221e-7
1.2139739156337497	7.604748879145598e-7
1.2189739156337496	9.169384752014441e-7
1.2239739156337492	1.106561169734673e-6
1.2289739156337491	1.336397010522312e-6
1.2339739156337488	1.6150013354594725e-6
1.2389739156337487	1.952750063614197e-6
1.2439739156337486	2.3622267465968523e-6
1.2489739156337483	2.8586917145522863e-6
1.2539739156337482	3.4606506444768303e-6
1.2589739156337478	4.190543497781249e-6
1.2639739156337477	5.075579131383375e-6
1.2689739156337474	6.148746124217612e-6
1.2739739156337473	7.4500366445380906e-6
1.2789739156337472	9.027927703882798e-6
1.2839739156337469	1.0941173119112059e-5
1.2889739156337467	1.3260970179226534e-5
1.2939739156337464	1.6073577657425386e-5
1.2989739156337463	1.9483476706894807e-5
1.303973915633746	2.3617183620697224e-5
1.3089739156337459	2.8627843692030805e-5
1.3139739156337455	3.470075869396167e-5
1.3189739156337454	4.206002690496239e-5
1.3239739156337453	5.0976504031954636e-5
1.328973915633745	6.17773253882287e-5
1.333973915633745	7.485726331740939e-5
1.3389739156337446	9.069222739679994e-5
1.3439739156337445	0.00010985524557458097
1.3489739156337441	0.00013303528770974523
1.353973915633744	0.00016105930249060837
1.358973915633744	0.0001949178251298624
1.3639739156337436	0.00023579446381064587
1.3689739156337435	0.00028509947069868855
1.3739739156337432	0.00034450742708194856
1.378973915633743	0.00041599879636151595
1.3839739156337427	0.000501904695203282
1.3879804367253072	0.0005829623374697332
1.3919869578168715	0.0006766314308507146
1.395993478908436	0.0007847125592583693
1.4	0.000909222662634719
