0.0006999999999999628	1.0616168682856893e-8
0.001403500000000035	1.0621330324936024e-8
0.0021105174999999296	1.0626522411112551e-8
0.0028210700874998964	1.0631745038716727e-8
0.003535175437937438	1.0636998411309945e-8
0.004252851315127062	1.0642282735290808e-8
0.004974115571702636	1.0647598218737045e-8
0.005698986149561044	1.0652945071409622e-8
0.006427481080308875	1.0658323504768422e-8
0.007159618485710418	1.0663733731990459e-8
0.007895416578138905	1.0669175967985856e-8
0.008634893661029494	1.067465042941583e-8
0.00937806812933463	1.068015733470988e-8
0.010124958469981361	1.0685696904084398e-8
0.010875583262331262	1.0691269359559755e-8
0.01162996117864295	1.0696874924978647e-8
0.012388110984536127	1.0702513826025247e-8
0.013150051539458866	1.070818629024328e-8
0.013915801797156208	1.0713892547054364e-8
0.014685380806142003	1.071963282777915e-8
0.015458807710172712	1.0725407365653958e-8
0.01623610174872358	1.073121639585306e-8
0.017017282257467212	1.0737060155506426e-8
0.017802368668754516	1.0742938883720827e-8
0.01859138051209827	1.074885282160084e-8
0.019384337414658823	1.0754802212267503e-8
0.020181259101732015	1.076078730088131e-8
0.020982165397240727	1.0766808334661859e-8
0.02178707622422691	1.0772865562909994e-8
0.02259601160534814	1.0778959237029369e-8
0.02340899166337483	1.0785089610547763e-8
0.024226036621691812	1.0791256939140383e-8
0.02504716680480027	1.0797461480651816e-8
0.025872402638824326	1.0803703495118127e-8
0.02670176465201842	1.0809983244791203e-8
0.02753527347527842	1.081630099416133e-8
0.028372949842654864	1.082265700998105e-8
0.0292148145918682	1.0829051561289334e-8
0.03006088866482743	1.0835484919435113e-8
0.03091119310815165	1.0841957358102695e-8
0.0317657490736924	1.0848469153337029e-8
0.03262457781906081	1.0855020583567366e-8
0.03348770070815601	1.0861611929634007e-8
0.034355139211696875	1.0868243474814559e-8
0.035226914907755424	1.0874915504848907e-8
0.03610304948229413	1.088162830796664e-8
0.03698356472970569	1.0888382174913694e-8
0.03786848255335419	1.0895177398980008e-8
0.038757824966120964	1.0902014276026629e-8
0.03965161409095162	1.0908893104513977e-8
0.04054987216140643	1.0915814185530342e-8
0.04145262152221345	1.0922777822820131e-8
0.04235988462982453	1.0929784322813436e-8
0.04327168405297366	1.0936833994655939e-8
0.0441880424732386	1.0943927150237723e-8
0.04510898268560485	1.095106410422411e-8
0.046034527599032954	1.0958245174087547e-8
0.04696470023702812	1.0965470680135966e-8
0.04789952373821329	1.0972740945547175e-8
0.048839021356904266	1.0980056296399401e-8
0.04978321646368884	1.098741706170385e-8
0.05073213254600732	1.099482357343763e-8
0.05168579320873729	1.1002276166577288e-8
0.052644222174780875	1.1009775179131517e-8
0.05360744328565471	1.1017320952177663e-8
0.054575480502083065	1.1024913829893363e-8
0.055548357904593434	1.1032554159594289e-8
0.056526099694116344	1.104024229176781e-8
0.0575087301925869	1.1047978580110754e-8
0.05849627384354973	1.1055763381565212e-8
0.05948875521276744	1.1063597056355497e-8
0.06048619898883127	1.1071479968026403e-8
0.061488629983775384	1.1079412483480512e-8
0.06249607313369419	1.1087394973017462e-8
0.06350855349936275	1.109542781037371e-8
0.06452609626685958	1.1103511372761539e-8
0.06554872674819387	1.1111646040909084e-8
0.06657647038193484	1.1119832199102343e-8
0.06760935273384447	1.1128070235225954e-8
0.06864739949751365	1.113636054080533e-8
0.0696906364950013	1.114470351105015e-8
0.07073908967747639	1.1153099544895771e-8
0.07179278512586384	1.1161549045049548e-8
0.07285174905149322	1.1170052418033504e-8
0.0739160077967507	1.1178610074230222e-8
0.07498558783573436	1.1187222427928833e-8
0.07606051577491299	1.1195889897371297e-8
0.07714081835378758	1.1204612904799604e-8
0.07822652244555647	1.1213391876503273e-8
0.07931765505778425	1.1222227242868514e-8
0.0804142433330731	1.1231119438427099e-8
0.08151631454973848	1.1240068901906435e-8
0.08262389612248718	1.1249076076280108e-8
0.0837370156030995	1.1258141408819465e-8
0.0848557006811149	1.1267265351146205e-8
0.0859799791845205	1.127644835928431e-8
0.08710987908044313	1.1285690893714476e-8
0.08824542847584534	1.1294993419429027e-8
0.08938665561822454	1.1304356405986666e-8
0.09053358889631567	1.1313780327569054e-8
0.09168625684079722	1.1323265663036953e-8
0.09284468812500112	1.1332812895989423e-8
0.09400891156562617	1.1342422514821982e-8
0.0951789561234543	1.1352095012785579e-8
0.09635485090407148	1.1361830888048374e-8
0.09753662515859184	1.1371630643756047e-8
0.0987243082843847	1.138149478809494e-8
0.09991792982580656	1.139142383435534e-8
0.10111751947493569	1.1401418300995118e-8
0.10232310707231031	1.1411478711705819e-8
0.1035347226076718	1.1421605595478412e-8
0.10475239622071016	1.1431799486670989e-8
0.10597615820181366	1.1442060925076715e-8
0.10720603899282274	1.1452390455993408e-8
0.10844206918778684	1.146278863029428e-8
0.10968427953372567	1.1473256004499034e-8
0.1109327009313943	1.1483793140846795e-8
0.11218736443605135	1.1494400607369917e-8
0.11344830125823162	1.1505078977969017e-8
0.11471554276452282	1.1515828832489559e-8
0.11598912047834534	1.1526650756797663e-8
0.11726906608073695	1.1537545342861175e-8
0.11855541141114062	1.1548513188826946e-8
0.11984818846819621	1.1559554899103782e-8
0.12114742941053713	1.1570671084444014e-8
0.12245316655758978	1.158186236202747e-8
0.1237654323903777	1.1593129355546288e-8
0.12508425955232963	1.160447269529175e-8
0.12640968085009122	1.1615893018241399e-8
0.1277417292543416	1.1627390968149484e-8
0.1290804379006133	1.1638967195636186e-8
0.13042584009011637	1.1650622358280803e-8
0.1317779692905669	1.166235712071548e-8
0.13313685913701961	1.1674172154719284e-8
0.13450254343270476	1.1686068139316394e-8
0.13587505614986833	1.1698045760873771e-8
0.13725443143061763	1.171010571320059e-8
0.13864070358777073	1.1722248697650986e-8
0.14003390710570945	1.1734475423226784e-8
0.14143407664123803	1.1746786606682515e-8
0.1428412470244442	1.1759182972632083e-8
0.1442554532595664	1.1771665253657873e-8
0.14567673052586416	1.178423419042068e-8
0.1471051141784935	1.1796890531772174e-8
0.14854063974938603	1.1809635034868696e-8
0.149983342948133	1.1822468465288378e-8
0.15143325966287374	1.1835391597147624e-8
0.15289042596118813	1.1848405213222943e-8
0.15435487809099402	1.1861510105071256e-8
0.15582665248144906	1.187470707315613e-8
0.1573057857438562	1.1887996926972104e-8
0.15879231467257537	1.1901380485174611e-8
0.16028627624593816	1.1914858575710725e-8
0.16178770762716785	1.1928432035951332e-8
0.16329664616530362	1.194210171282659e-8
0.16481312939613008	1.1955868462965348e-8
0.1663371950431107	1.1969733152832267e-8
0.16786888101832628	1.1983696658873259e-8
0.1694082254234178	1.1997759867659283e-8
0.1709552665505349	1.2011923676033902e-8
0.17251004288328747	1.2026188991263554e-8
0.17407259309770393	1.2040556731191205e-8
0.17564295606319252	1.2055027824391692e-8
0.17722117084350858	1.20696032103298e-8
0.17880727669772617	1.208428383952177e-8
0.18040131308121476	1.2099070673700347e-8
0.18200331964662084	1.2113964685980475e-8
0.18361333624485401	1.2128966861030603e-8
0.18523140292607826	1.2144078195246025e-8
0.18685755994070874	1.2159299696924827e-8
0.1884918477404122	1.2174632386447901e-8
0.19013430697911424	1.2190077296461632e-8
0.1917849785140098	1.2205635472065485e-8
0.19344390340657974	1.2221307970999438e-8
0.19511112292361268	1.2237095863840153e-8
0.1967866785382308	1.2253000234195778e-8
0.19847061193092203	1.2269022178907994e-8
0.20016296499057665	1.2285162808254987e-8
0.20186377981552947	1.2301423246161108e-8
0.2035730987146071	1.2317804630408017e-8
0.20529096420818022	1.2334308112851356e-8
0.20701741902922113	1.2350934859640457e-8
0.20875250612436722	1.2367686051443679e-8
0.210496268654989	1.2384562883676511e-8
0.21224874999826396	1.2401566566734248e-8
0.21400999374825516	1.2418698326230941e-8
0.21578004371699644	1.2435959403239936e-8
0.21755894393558148	1.2453351054542486e-8
0.2193467386552594	1.2470874552878033e-8
0.22114347234853576	1.2488531187201231e-8
0.22294918971027836	1.2506322262943721e-8
0.2247639356588297	1.2524249102280942e-8
0.2265877553371239	1.254231304440365e-8
0.2284206941138094	1.2560515445795457e-8
0.23026279758437848	1.257885768051616e-8
0.23211411157230027	1.2597341140489755e-8
0.23397468213016168	1.2615967235797993e-8
0.23584455554081238	1.2634737394982654e-8
0.23772377831851643	1.2653653065349661e-8
0.23961239721010893	1.267271571328188e-8
0.24151045919615952	1.2691926824558619e-8
0.24341801149214037	1.2711287904680376e-8
0.24533510154960114	1.273080047920019e-8
0.24726177705734917	1.2750466094062782e-8
0.24919808594263598	1.2770286315950347e-8
0.2511440763723492	1.279026273263383e-8
0.2530997967542111	1.2810396953335295e-8
0.25506529573798215	1.2830690609093216e-8
0.2570406222166721	1.285114535313854e-8
0.25902582532775553	1.287176286127772e-8
0.2610209544543945	1.2892544832283308e-8
0.2630260592266663	1.2913492988294151e-8
0.2650411895227997	1.2934609075221855e-8
0.26706639547041383	1.2955894863168312e-8
0.2691017274477658	1.2977352146849949e-8
0.2711472360850044	1.2998982746032966e-8
0.27320297226542956	1.3020788505976792e-8
0.2752689871267568	1.304277129788712e-8
0.2773453320623904	1.306493301937915e-8
0.27943205872270227	1.3087275594950465e-8
0.2815292190163157	1.3109800976465503e-8
0.28363686511139713	1.3132511143648184e-8
0.2857550494369543	1.3155408104587822e-8
0.287883824684139	1.3178493896255103e-8
0.2900232438075598	1.3201770585029403e-8
0.29217336002659744	1.3225240267238087e-8
0.2943342268267306	1.3248905069707562e-8
0.2965058979608642	1.3272767150327605e-8
0.2986884274506685	1.3296828698626976e-8
0.3008818695879217	1.3321091936363545e-8
0.3030862789358613	1.3345559118126005e-8
0.3053017103305407	1.3370232531951957e-8
0.30752821888219345	1.3395114499956812e-8
0.3097658599766045	1.3420207378979983e-8
0.31201468927648746	1.3445513561244511e-8
0.3142747627228697	1.3471035475032622e-8
0.31654613653648417	1.3496775585376269e-8
0.31882886721916665	1.3522736394764417e-8
0.32112301155526257	1.3548920443867034e-8
0.3234286266130387	1.3575330312275819e-8
0.325745769746104	1.3601968619261615e-8
0.3280744985948343	1.3628838024552068e-8
0.33041487108780826	1.3655941229125816e-8
0.3327669454432473	1.3683280976026156e-8
0.3351307801704635	1.3710860051194601e-8
0.3375064340713156	1.3738681284325037e-8
0.33989396624167195	1.3766747549736892e-8
0.3422934360728803	1.3795061767272366e-8
0.3447049032532445	1.3823626903212264e-8
0.34712842776951053	1.385244597121763e-8
0.3495640699083581	1.3881522033292363e-8
0.3520118902578999	1.3910858200770516e-8
0.35447194970918944	1.3940457635328278e-8
0.35694430945773536	1.3970323550021146e-8
0.35942903100502394	1.400045921034752e-8
0.36192617616004885	1.4030867935338497e-8
0.36443580704084905	1.4061553098676157e-8
0.3669579860760533	1.4092518129839126e-8
0.3694927760064337	1.4123766515279622e-8
0.3720402398864656	1.4155301799627814e-8
0.37460044108589774	1.4187127586930223e-8
0.37717344329132724	1.421924754191881e-8
0.37975931050778367	1.4251665391312656e-8
0.38235810706032236	1.4284384925156186e-8
0.3849698975956241	1.4317409998188599e-8
0.38759474708360203	1.4350744531254355e-8
0.39023272081902005	1.4384392512747456e-8
0.39288388442311495	1.4418358000096154e-8
0.3955483038452304	1.4452645121286652e-8
0.39822604536445655	1.448725807642838e-8
0.40091717559127893	1.4522201139363203e-8
0.4036217614692354	1.455747865931443e-8
0.4063398702765814	1.4593095062585593e-8
0.40907156962796437	1.4629054854303705e-8
0.4118169274761041	1.4665362620209745e-8
0.41457601211348477	1.4702023028502547e-8
0.41734889217405197	1.4739040831729552e-8
0.42013563663492237	1.4776420868734945e-8
0.4229363148180968	1.4814168066660036e-8
0.4257509963921872	1.4852287443001472e-8
0.4285797513741481	1.4890784107728426e-8
0.431422650131019	1.492966326546004e-8
0.4342797633816742	1.496893021770589e-8
0.4371511621985827	1.5008590365170876e-8
0.4400369180095757	1.504864921012878e-8
0.4429371025996235	1.508911235886302e-8
0.44585178811262155	1.512998552418256e-8
0.44878104705318456	1.5171274528008495e-8
0.4517249522884503	1.5212985304040882e-8
0.4546835770498925	1.5255123900504297e-8
0.4576569949351417	1.52976964829752e-8
0.4606452799098173	1.534070933729614e-8
0.46364850630936627	1.5384168872579346e-8
0.46666674884091325	1.5428081624299506e-8
0.46970008258511775	1.5472454257484867e-8
0.4727485829980431	1.5517293570005204e-8
0.47581232591303324	1.5562606495963925e-8
0.47889138754259847	1.5608400109194086e-8
0.4819858444803113	1.5654681626867043e-8
0.48509577370271284	1.5701458413214518e-8
0.48822125257122634	1.5748737983368224e-8
0.4913623588340824	1.579652800732551e-8
0.49451917062825274	1.5844836314038992e-8
0.49769176648139396	1.589367089564294e-8
0.5008802253138008	1.594303991181592e-8
0.50408462644037	1.5992951694285382e-8
0.5073050495725719	1.604341475148391e-8
0.5105415748204347	1.609443777335946e-8
0.513794282694537	1.6146029636344236e-8
0.5170632541080095	1.6198199408495848e-8
0.5203485703785496	1.625095635480745e-8
0.5236503132304423	1.6304309942703126e-8
0.5269685647965943	1.6358269847718766e-8
0.530303407620577	1.6412845959382302e-8
0.5336549246586798	1.6468048387295996e-8
0.5370231992819733	1.6523887467432925e-8
0.5404083152783831	1.658037376865532e-8
0.5438103568547752	1.663751809946287e-8
0.5472294086390488	1.6695331514983265e-8
0.5506655556822441	1.6753825324215743e-8
0.5541188834606553	1.6813011097530997e-8
0.5575894778779587	1.68729006744519e-8
0.5610774252673482	1.693350617171427e-8
0.5645828123936848	1.6994839991626705e-8
0.5681057264556529	1.705691483074476e-8
0.5716462550879313	1.7119743688865414e-8
0.575204486363371	1.7183339878363066e-8
0.5787805087951877	1.7247717033881797e-8
0.5823744113391636	1.731288912239662e-8
0.5859862833958592	1.7378870453664088e-8
0.5896162148128385	1.7445675691078457e-8
0.5932642958869029	1.751331986295282e-8
0.5969306173663373	1.758181837424521e-8
0.6006152704531689	1.7651187018750746e-8
0.6043183468054348	1.772144199178224e-8
0.6080399385394619	1.7792599903363345e-8
0.6117801382321592	1.7864677791952983e-8
0.6155390389233196	1.7937693138742792e-8
0.6193167341179363	1.8011663882534045e-8
0.623113317788526	1.808660843524141e-8
0.6269288843774687	1.8162545698044675e-8
0.6307635287993559	1.8239495078225747e-8
0.6346173464433525	1.8317476506722873e-8
0.6384904331755692	1.839651045644198e-8
0.642382885341447	1.8476617961362362e-8
0.6462947997681542	1.8557820636477145e-8
0.6502262737669948	1.8640140698619532e-8
0.6541774051358298	1.8723600988210712e-8
0.6581482921615086	1.8808224991991477e-8
0.6621390336223161	1.8894036866780616e-8
0.6661497287904276	1.8981061464325955e-8
0.6701804774343794	1.906932435729857e-8
0.6742313798215511	1.9158851866507765e-8
0.678302536720659	1.9249671089390594e-8
0.6823940494042624	1.9341809929862586e-8
0.6865060196512838	1.9435297129604138e-8
0.6906385497495403	1.953016230086419e-8
0.694791742498288	1.9626435960873897e-8
0.6989657012107795	1.9724149567974144e-8
0.7031605297168335	1.9823335559550136e-8
0.7073763323654175	1.992402739189608e-8
0.7116132140272448	2.0026259582123764e-8
0.7158712800973807	2.0130067752256982e-8
0.7201506364978674	2.0235488675639972e-8
0.7244513896803564	2.034256032582893e-8
0.728773646628758	2.0451321928122497e-8
0.7331175148619017	2.0561814013920423e-8
0.7374831024362114	2.067407847810875e-8
0.7418705179483922	2.0788158639687085e-8
0.7462798705381343	2.090409930587594e-8
0.750711269890825	2.1021946839973474e-8
0.7551648262402791	2.1141749233245598e-8
0.7596406503714807	2.126355618116911e-8
0.7641388536233382	2.1387419164392356e-8
0.7686595478914547	2.1513391534804276e-8
0.773202845630912	2.164152860715773e-8
0.7777688598590664	2.177188775675185e-8
0.7823577041583616	2.190452852373128e-8
0.7869694926791535	2.203951272465176e-8
0.7916043401425493	2.2176904572030836e-8
0.796262361843262	2.231677080272736e-8
0.8009436736524783	2.245918081610396e-8
0.8056483920207407	2.2604206823085914e-8
0.8103766339808444	2.2751924007396328e-8
0.8151285171507487	2.29024107004838e-8
0.8199041597365022	2.3055748571885955e-8
0.8247036805351848	2.3212022837120994e-8
0.8295271989378608	2.3371322485553274e-8
0.8343748349325502	2.3533740531156723e-8
0.8392467091072129	2.3699374289664912e-8
0.844142942652749	2.386832568629202e-8
0.8490636573660127	2.4040701599061042e-8
0.8540089756528428	2.4216614243836086e-8
0.8589790205311072	2.439618160845054e-8
0.8639739156337627	2.4579527944936225e-8
0.8689739156337625	2.4766037104909037e-8
0.8739739156337623	2.4955610454951527e-8
0.878973915633762	2.5148340035776968e-8
0.8839739156337618	2.5344323181534062e-8
0.8889739156337617	2.5543663116477035e-8
0.8939739156337615	2.5746469652067074e-8
0.8989739156337613	2.5952860004524694e-8
0.9039739156337611	2.6162959756701914e-8
0.9089739156337608	2.6376903993086545e-8
0.9139739156337606	2.659483864272711e-8
0.9189739156337604	2.6816922072104384e-8
0.9239739156337602	2.7043326978753688e-8
0.9289739156337601	2.727424264704244e-8
0.9339739156337599	2.7509877640356852e-8
0.9389739156337596	2.7750463019531523e-8
0.9439739156337594	2.7996256196175246e-8
0.9489739156337592	2.8247545552406496e-8
0.953973915633759	2.850465598614165e-8
0.9589739156337588	2.8767955574589702e-8
0.9639739156337586	2.9037863589178325e-8
0.9689739156337585	2.9314860144302955e-8
0.9739739156337582	2.9599497821847927e-8
0.978973915633758	2.9892415685567355e-8
0.9839739156337578	3.0194356186848295e-8
0.9889739156337576	3.0506185569259713e-8
0.9939739156337574	3.0828918507600526e-8
0.9989739156337571	3.1163747872584916e-8
1.003973915633757	3.151208070059692e-8
1.0089739156337567	3.1875581676029174e-8
1.0139739156337566	3.2256225710041075e-8
1.0189739156337563	3.2656361534199424e-8
1.0239739156337562	3.307878863284543e-8
1.028973915633756	3.352685032889645e-8
1.0339739156337557	3.400454643226249e-8
1.0389739156337556	3.451666957984587e-8
1.0439739156337553	3.5068970267522715e-8
1.0489739156337552	3.566835662937647e-8
1.0539739156337549	3.632313629620072e-8
1.0589739156337548	3.704330921022078e-8
1.0639739156337544	3.7840922142143096e-8
1.0689739156337543	3.873049791743504e-8
1.0739739156337542	3.972955509254921e-8
1.0789739156337539	4.0859237126559376e-8
1.0839739156337538	4.21450740872067e-8
1.0889739156337535	4.361790475432997e-8
1.0939739156337533	4.5314992808093694e-8
1.098973915633753	4.7281377818298456e-8
1.103973915633753	4.95715102283492e-8
1.1089739156337528	5.2251229744989094e-8
1.1139739156337525	5.540015885054029e-8
1.1189739156337524	5.9114597962112767e-8
1.123973915633752	6.351102656331462e-8
1.128973915633752	6.873033600958482e-8
1.1339739156337516	7.494294534336021e-8
1.1389739156337515	8.235498215386131e-8
1.1439739156337512	9.12157472172502e-8
1.148973915633751	1.0182672544657614e-7
1.153973915633751	1.1455245782390532e-7
1.1589739156337506	1.2983365091672375e-7
1.1639739156337505	1.4820297392326663e-7
1.1689739156337502	1.703040797642484e-7
1.17397391563375	1.9691448854031936e-7
1.1789739156337498	2.2897309085702265e-7
1.1839739156337497	2.6761316733349455e-7
1.1889739156337495	3.1420198131525156e-7
1.1939739156337492	3.703881865241225e-7
1.197980436725312	4.2366232374535303e-7
1.2019869578168745	4.855736745723548e-7
1.2059934789084372	5.575215892202125e-7
1.21	6.411287519322719e-7
