0.0006999999999999628	2.0665351664124986e-11
0.001403500000000035	2.0709769869438764e-11
0.0021105174999999296	2.0754521242595454e-11
0.0028210700874998964	2.0799604691858242e-11
0.003535175437937438	2.08450232051033e-11
0.004252851315127062	2.089077985956164e-11
0.004974115571702636	2.093687776820175e-11
0.005698986149561044	2.0983320079468995e-11
0.006427481080308875	2.1030109977759804e-11
0.007159618485710418	2.1077250683913517e-11
0.007895416578138905	2.1124745455715897e-11
0.008634893661029494	2.1172597588404757e-11
0.00937806812933463	2.1220810415190498e-11
0.010124958469981361	2.1269387307778108e-11
0.010875583262331262	2.1318331676902772e-11
0.01162996117864295	2.1367646972872804e-11
0.012388110984536127	2.14173366861187e-11
0.013150051539458866	2.1467404347755847e-11
0.013915801797156208	2.151785353015182e-11
0.014685380806142003	2.1568687847504978e-11
0.015458807710172712	2.161991095643362e-11
0.01623610174872358	2.1671526556572924e-11
0.017017282257467212	2.1723538391180288e-11
0.017802368668754516	2.1775950247756174e-11
0.01859138051209827	2.1828765958668634e-11
0.019384337414658823	2.188198940179172e-11
0.020181259101732015	2.1935624501154552e-11
0.020982165397240727	2.1989675227600577e-11
0.02178707622422691	2.204414559945457e-11
0.02259601160534814	2.2099039683208212e-11
0.02340899166337483	2.2154361594208495e-11
0.024226036621691812	2.221011549736454e-11
0.02504716680480027	2.226630560786117e-11
0.025872402638824326	2.2322936191889283e-11
0.02670176465201842	2.2380011567383284e-11
0.02753527347527842	2.243753610477449e-11
0.028372949842654864	2.249551422775873e-11
0.0292148145918682	2.255395041406933e-11
0.03006088866482743	2.261284919627405e-11
0.03091119310815165	2.267221516257669e-11
0.0317657490736924	2.2732052957636298e-11
0.03262457781906081	2.2792367283401354e-11
0.03348770070815601	2.2853162899953036e-11
0.034355139211696875	2.291444462636978e-11
0.035226914907755424	2.297621734160284e-11
0.03610304948229413	2.3038485985366623e-11
0.03698356472970569	2.3101255559046877e-11
0.03786848255335419	2.3164531126621156e-11
0.038757824966120964	2.322831781559887e-11
0.03965161409095162	2.3292620817975593e-11
0.04054987216140643	2.3357445391204982e-11
0.04145262152221345	2.342279685918554e-11
0.04235988462982453	2.348868061326855e-11
0.04327168405297366	2.35551021132797e-11
0.0441880424732386	2.362206688856136e-11
0.04510898268560485	2.3689580539034435e-11
0.046034527599032954	2.3757648736271237e-11
0.04696470023702812	2.3826277224600497e-11
0.04789952373821329	2.389547182221843e-11
0.048839021356904266	2.396523842233072e-11
0.04978321646368884	2.4035582994305832e-11
0.05073213254600732	2.4106511584855706e-11
0.05168579320873729	2.4178030319235437e-11
0.052644222174780875	2.4250145402462594e-11
0.05360744328565471	2.4322863120560668e-11
0.054575480502083065	2.439618984182548e-11
0.055548357904593434	2.44701320181124e-11
0.056526099694116344	2.4544696186149197e-11
0.0575087301925869	2.4619888968869095e-11
0.05849627384354973	2.469571707677623e-11
0.05948875521276744	2.4772187309323484e-11
0.06048619898883127	2.4849306556328632e-11
0.061488629983775384	2.4927081799407522e-11
0.06249607313369419	2.500552011343981e-11
0.06350855349936275	2.508462866805327e-11
0.06452609626685958	2.5164414729147844e-11
0.06554872674819387	2.5244885660435917e-11
0.06657647038193484	2.532604892502136e-11
0.06760935273384447	2.540791208699781e-11
0.06864739949751365	2.5490482813085937e-11
0.0696906364950013	2.5573768874299692e-11
0.07073908967747639	2.5657778147636752e-11
0.07179278512586384	2.5742518617810794e-11
0.07285174905149322	2.5827998379008774e-11
0.0739160077967507	2.591422563668709e-11
0.07498558783573436	2.600120870939698e-11
0.07606051577491299	2.6088956030648517e-11
0.07714081835378758	2.6177476150809085e-11
0.07822652244555647	2.6266777739036444e-11
0.07931765505778425	2.6356869585250968e-11
0.0804142433330731	2.6447760602145318e-11
0.08151631454973848	2.6539459827232816e-11
0.08262389612248718	2.6631976424934875e-11
0.0837370156030995	2.6725319688709108e-11
0.0848557006811149	2.6819499043219414e-11
0.0859799791845205	2.6914524046549096e-11
0.08710987908044313	2.701040439245335e-11
0.08824542847584534	2.7107149912660484e-11
0.08938665561822454	2.7204770579217954e-11
0.09053358889631567	2.7303276506878708e-11
0.09168625684079722	2.7402677955542976e-11
0.09284468812500112	2.7502985332743582e-11
0.09400891156562617	2.7604209196179777e-11
0.0951789561234543	2.7706360256305118e-11
0.09635485090407148	2.780944937896439e-11
0.09753662515859184	2.7913487588082444e-11
0.0987243082843847	2.801848606841203e-11
0.09991792982580656	2.812445616832958e-11
0.10111751947493569	2.823140940269164e-11
0.10232310707231031	2.833935745575242e-11
0.1035347226076718	2.8448312184129403e-11
0.10475239622071016	2.855828561984407e-11
0.10597615820181366	2.8669289973411662e-11
0.10720603899282274	2.8781337637000367e-11
0.10844206918778684	2.8894441187656954e-11
0.10968427953372567	2.9008613390592565e-11
0.1109327009313943	2.9123867202540926e-11
0.11218736443605135	2.924021577518522e-11
0.11344830125823162	2.935767245865386e-11
0.11471554276452282	2.947625080509231e-11
0.11598912047834534	2.9595964572306365e-11
0.11726906608073695	2.971682772748148e-11
0.11855541141114062	2.9838854450983414e-11
0.11984818846819621	2.996205914023392e-11
0.12114742941053713	3.008645641367242e-11
0.12245316655758978	3.0212061114799976e-11
0.1237654323903777	3.0338888316303416e-11
0.12508425955232963	3.046695332428033e-11
0.12640968085009122	3.0596271682537545e-11
0.1277417292543416	3.072685917699608e-11
0.1290804379006133	3.0858731840178426e-11
0.13042584009011637	3.0991905955803064e-11
0.1317779692905669	3.1126398063469357e-11
0.13313685913701961	3.126222496344684e-11
0.13450254343270476	3.1399403721571744e-11
0.13587505614986833	3.1537951674243895e-11
0.13725443143061763	3.1677886433533064e-11
0.13864070358777073	3.181922589240368e-11
0.14003390710570945	3.196198823004667e-11
0.14143407664123803	3.210619191733468e-11
0.1428412470244442	3.225185572238677e-11
0.1442554532595664	3.239899871627164e-11
0.14567673052586416	3.2547640278824065e-11
0.1471051141784935	3.269780010459549e-11
0.14854063974938603	3.2849498208943925e-11
0.149983342948133	3.300275493424457e-11
0.15143325966287374	3.315759095625502e-11
0.15289042596118813	3.3314027290617304e-11
0.15435487809099402	3.3472085299503304e-11
0.15582665248144906	3.36317866984189e-11
0.1573057857438562	3.379315356315405e-11
0.15879231467257537	3.3956208336897164e-11
0.16028627624593816	3.412097383750954e-11
0.16178770762716785	3.428747326496487e-11
0.16329664616530362	3.445573020896514e-11
0.16481312939613008	3.4625768656726335e-11
0.1663371950431107	3.479761300094418e-11
0.16786888101832628	3.497128804794991e-11
0.1694082254234178	3.514681902605198e-11
0.1709552665505349	3.532423159407024e-11
0.17251004288328747	3.5503551850077116e-11
0.17407259309770393	3.568480634033565e-11
0.17564295606319252	3.586802206845015e-11
0.17722117084350858	3.605322650473997e-11
0.17880727669772617	3.6240447595825616e-11
0.18040131308121476	3.642971377444758e-11
0.18200331964662084	3.6621053969520746e-11
0.18361333624485401	3.681449761642653e-11
0.18523140292607826	3.701007466754779e-11
0.18685755994070874	3.720781560307081e-11
0.1884918477404122	3.740775144203104e-11
0.19013430697911424	3.760991375364133e-11
0.1917849785140098	3.781433466888513e-11
0.19344390340657974	3.8021046892395465e-11
0.19511112292361268	3.823008371462618e-11
0.1967866785382308	3.844147902432414e-11
0.19847061193092203	3.865526732129563e-11
0.20016296499057665	3.887148372950581e-11
0.20186377981552947	3.9090164010492245e-11
0.2035730987146071	3.931134457710788e-11
0.20529096420818022	3.953506250762079e-11
0.20701741902922113	3.9761355560151984e-11
0.20875250612436722	3.999026218748424e-11
0.210496268654989	4.022182155224107e-11
0.21224874999826396	4.0456073542449636e-11
0.21400999374825516	4.0693058787499445e-11
0.21578004371699644	4.093281867450086e-11
0.21755894393558148	4.117539536507317e-11
0.2193467386552594	4.1420831812550436e-11
0.22114347234853576	4.166917177963064e-11
0.22294918971027836	4.192045985649458e-11
0.2247639356588297	4.217474147936821e-11
0.2265877553371239	4.2432062949591753e-11
0.2284206941138094	4.2692471453167624e-11
0.23026279758437848	4.29560150808297e-11
0.23211411157230027	4.3222742848631745e-11
0.23397468213016168	4.34927047190832e-11
0.23584455554081238	4.37659516228398e-11
0.23772377831851643	4.4042535480969034e-11
0.23961239721010893	4.43225092278093e-11
0.24151045919615952	4.4605926834435486e-11
0.24341801149214037	4.4892843332760394e-11
0.24533510154960114	4.5183314840271624e-11
0.24726177705734917	4.5477398585446906e-11
0.24919808594263598	4.5775152933852204e-11
0.2511440763723492	4.6076637414944764e-11
0.2530997967542111	4.6381912749616614e-11
0.25506529573798215	4.669104087848226e-11
0.2570406222166721	4.700408499094529e-11
0.25902582532775553	4.732110955506674e-11
0.2610209544543945	4.764218034826113e-11
0.2630260592266663	4.796736448883856e-11
0.2650411895227997	4.829673046843138e-11
0.26706639547041383	4.863034818532137e-11
0.2691017274477658	4.8968288978710634e-11
0.2711472360850044	4.9310625663942207e-11
0.27320297226542956	4.965743256873814e-11
0.2752689871267568	5.0008785570440637e-11
0.2773453320623904	5.0364762134336197e-11
0.27943205872270227	5.0725441353054864e-11
0.2815292190163157	5.109090398712018e-11
0.28363686511139713	5.1461232506648154e-11
0.2857550494369543	5.1836511134263454e-11
0.287883824684139	5.221682588925589e-11
0.2900232438075598	5.2602264633023725e-11
0.29217336002659744	5.299291711584606e-11
0.2943342268267306	5.3388875025027893e-11
0.2965058979608642	5.379023203446549e-11
0.2986884274506685	5.419708385567103e-11
0.3008818695879217	5.460952829032272e-11
0.3030862789358613	5.5027665284372344e-11
0.3053017103305407	5.5451596983775955e-11
0.30752821888219345	5.5881427791900127e-11
0.3097658599766045	5.6317264428654005e-11
0.31201468927648746	5.675921599142336e-11
0.3142747627228697	5.720739401784185e-11
0.31654613653648417	5.7661912550491467e-11
0.31882886721916665	5.812288820357935e-11
0.32112301155526257	5.859044023167018e-11
0.3234286266130387	5.906469060053789e-11
0.325745769746104	5.954576406021573e-11
0.3280744985948343	6.00337882203328e-11
0.33041487108780826	6.05288936277845e-11
0.3327669454432473	6.103121384686864e-11
0.3351307801704635	6.154088554192649e-11
0.3375064340713156	6.205804856261716e-11
0.33989396624167195	6.258284603189533e-11
0.3422934360728803	6.311542443680167e-11
0.3447049032532445	6.365593372215602e-11
0.34712842776951053	6.420452738728937e-11
0.3495640699083581	6.476136258588232e-11
0.3520118902578999	6.532660022905357e-11
0.35447194970918944	6.59004050918173e-11
0.35694430945773536	6.648294592302572e-11
0.35942903100502394	6.707439555891864e-11
0.36192617616004885	6.767493104044433e-11
0.36443580704084905	6.828473373445423e-11
0.3669579860760533	6.890398945895793e-11
0.3694927760064337	6.953288861255523e-11
0.3720402398864656	7.017162630823404e-11
0.37460044108589774	7.082040251167378e-11
0.37717344329132724	7.147942218427038e-11
0.37975931050778367	7.214889543099321e-11
0.38235810706032236	7.282903765335158e-11
0.3849698975956241	7.352006970759027e-11
0.38759474708360203	7.422221806836067e-11
0.39023272081902005	7.493571499808045e-11
0.39288388442311495	7.566079872219596e-11
0.3955483038452304	7.639771361057618e-11
0.39822604536445655	7.714671036531055e-11
0.40091717559127893	7.790804621511454e-11
0.4036217614692354	7.868198511669632e-11
0.4063398702765814	7.946879796325157e-11
0.40907156962796437	8.026876280047873e-11
0.4118169274761041	8.108216505036618e-11
0.41457601211348477	8.190929774308074e-11
0.41734889217405197	8.27504617572979e-11
0.42013563663492237	8.360596606932028e-11
0.4229363148180968	8.44761280113401e-11
0.4257509963921872	8.536127353925963e-11
0.4285797513741481	8.626173751043077e-11
0.431422650131019	8.717786397175351e-11
0.4342797633816742	8.811000645858066e-11
0.4371511621985827	8.905852830486967e-11
0.4400369180095757	9.002380296508992e-11
0.4429371025996235	9.100621434836557e-11
0.44585178811262155	9.200615716540222e-11
0.44878104705318456	9.302403728874545e-11
0.4517249522884503	9.406027212696794e-11
0.4546835770498925	9.511529101337527e-11
0.4576569949351417	9.618953560990492e-11
0.4606452799098173	9.728346032685386e-11
0.46364850630936627	9.839753275919483e-11
0.46666674884091325	9.953223414017588e-11
0.46970008258511775	1.0068805981301415e-10
0.4727485829980431	1.0186551972150824e-10
0.47581232591303324	1.0306513892042015e-10
0.47889138754259847	1.0428745810654067e-10
0.4819858444803113	1.0553303417139459e-10
0.48509577370271284	1.0680244077661626e-10
0.48822125257122634	1.08096268952996e-10
0.4913623588340824	1.0941512772437274e-10
0.49451917062825274	1.1075964475752954e-10
0.49769176648139396	1.1213046703929475e-10
0.5008802253138008	1.1352826158220316e-10
0.50408462644037	1.1495371616005915e-10
0.5073050495725719	1.1640754007485584e-10
0.5105415748204347	1.178904649565808e-10
0.513794282694537	1.1940324559752433e-10
0.5170632541080095	1.2094666082276659e-10
0.5203485703785496	1.225215143986784e-10
0.5236503132304423	1.2412863598129613e-10
0.5269685647965943	1.2576888210659092e-10
0.530303407620577	1.274431372247376e-10
0.5336549246586798	1.291523147806468e-10
0.5370231992819733	1.3089735834306054e-10
0.5404083152783831	1.3267924278482438e-10
0.5438103568547752	1.3449897551686669e-10
0.5472294086390488	1.3635759777874922e-10
0.5506655556822441	1.3825618598877736e-10
0.5541188834606553	1.4019585315676494e-10
0.5575894778779587	1.4217775036280726e-10
0.5610774252673482	1.4420306830563237e-10
0.5645828123936848	1.4627303892419823e-10
0.5681057264556529	1.4838893709663674e-10
0.5716462550879313	1.5055208242062575e-10
0.575204486363371	1.5276384107980989e-10
0.5787805087951877	1.5502562780094146e-10
0.5823744113391636	1.5733890790685715e-10
0.5859862833958592	1.597051994706825e-10
0.5896162148128385	1.6212607557696096e-10
0.5932642958869029	1.646031666958588e-10
0.5969306173663373	1.671381631769466e-10
0.6006152704531689	1.69732817869429e-10
0.6043183468054348	1.7238894887628885e-10
0.6080399385394619	1.7510844245020553e-10
0.6117801382321592	1.7789325603961933e-10
0.6155390389233196	1.8074542149399566e-10
0.6193167341179363	1.8366704843785128e-10
0.623113317788526	1.8666032782382411e-10
0.6269288843774687	1.8972753567581517e-10
0.6307635287993559	1.9287103703390058e-10
0.6346173464433525	1.9609329011367829e-10
0.6384904331755692	1.9939685069360618e-10
0.642382885341447	2.027843767447447e-10
0.6462947997681542	2.0625863331864473e-10
0.6502262737669948	2.0982249770998659e-10
0.6541774051358298	2.13478964912127e-10
0.6581482921615086	2.1723115338494413e-10
0.6621390336223161	2.210823111558994e-10
0.6661497287904276	2.2503582227697536e-10
0.6701804774343794	2.2909521366186085e-10
0.6742313798215511	2.3326416232985465e-10
0.678302536720659	2.3754650308509153e-10
0.6823940494042624	2.419462366621272e-10
0.6865060196512838	2.464675383716343e-10
0.6906385497495403	2.5111476728290734e-10
0.694791742498288	2.5589247598307546e-10
0.6989657012107795	2.608054209568405e-10
0.7031605297168335	2.6585857363427245e-10
0.7073763323654175	2.710571321591775e-10
0.7116132140272448	2.764065339353621e-10
0.7158712800973807	2.8191246901413027e-10
0.7201506364978674	2.8758089439273265e-10
0.7244513896803564	2.934180493010988e-10
0.728773646628758	2.994304715624119e-10
0.7331175148619017	3.056250151228615e-10
0.7374831024362114	3.120088688570376e-10
0.7418705179483922	3.18589576767875e-10
0.7462798705381343	3.253750597151072e-10
0.750711269890825	3.323736388229035e-10
0.7551648262402791	3.3959406073750876e-10
0.7596406503714807	3.470455249284992e-10
0.7641388536233382	3.5473771325488244e-10
0.7686595478914547	3.626808220488853e-10
0.773202845630912	3.708855970084268e-10
0.7777688598590664	3.793633712338988e-10
0.7823577041583616	3.8812610679851596e-10
0.7869694926791535	3.9718644030518794e-10
0.7916043401425493	4.065577329594733e-10
0.796262361843262	4.1625412578020855e-10
0.8009436736524783	4.262906006804455e-10
0.8056483920207407	4.3668304828569023e-10
0.8103766339808444	4.474483435196361e-10
0.8151285171507487	4.5860443018594434e-10
0.8199041597365022	4.70170416017124e-10
0.8247036805351848	4.821666799576063e-10
0.8295271989378608	4.946149938119118e-10
0.8343748349325502	5.075386608354028e-10
0.8392467091072129	5.209626743954438e-10
0.844142942652749	5.349139005107302e-10
0.8490636573660127	5.494212889165123e-10
0.8540089756528428	5.645161183458217e-10
0.8589790205311072	5.802322830100395e-10
0.8639739156337627	5.966066288714327e-10
0.8689739156337625	6.136105113153198e-10
0.8739739156337623	6.312611653800633e-10
0.878973915633762	6.49595359978283e-10
0.8839739156337618	6.686534157576857e-10
0.8889739156337617	6.884797386109141e-10
0.8939739156337615	7.091234528092269e-10
0.8989739156337613	7.306391539593723e-10
0.9039739156337611	7.530878061802461e-10
0.9089739156337608	7.765378129937611e-10
0.9139739156337606	8.010662975980617e-10
0.9189739156337604	8.267606356673004e-10
0.9239739156337602	8.537202928782693e-10
0.9289739156337601	8.82059030333609e-10
0.9339739156337599	9.119075543387404e-10
0.9389739156337596	9.434167030878564e-10
0.9439739156337594	9.767612823163544e-10
0.9489739156337592	1.0121446856043219e-9
0.953973915633759	1.0498044636423116e-9
0.9589739156337588	1.0900190414520872e-9
0.9639739156337586	1.1331158245742183e-9
0.9689739156337585	1.1794809861424763e-9
0.9739739156337582	1.2295712884391667e-9
0.978973915633758	1.283928367241051e-9
0.9839739156337578	1.3431959977759147e-9
0.9889739156337576	1.4081409707437181e-9
0.9939739156337574	1.4796783396467325e-9
0.9989739156337571	1.558901961493729e-9
1.003973915633757	1.6471214476868116e-9
1.0089739156337567	1.7459068776921442e-9
1.0139739156337566	1.8571429135433624e-9
1.0189739156337563	1.983094298720377e-9
1.0239739156337562	2.1264851430336626e-9
1.028973915633756	2.290594900952439e-9
1.0339739156337557	2.4793745625785134e-9
1.0389739156337556	2.6975873161493068e-9
1.0439739156337553	2.9509788349722137e-9
1.0489739156337552	3.2464834218011404e-9
1.0539739156337549	3.5924735479760962e-9
1.0589739156337548	3.9990618988395415e-9
1.0639739156337544	4.478466935660687e-9
1.0689739156337543	5.045455272813807e-9
1.0739739156337542	5.717876924995129e-9
1.0789739156337539	6.5173127952033295e-9
1.0839739156337538	7.469857759418467e-9
1.0889739156337535	8.60706748744574e-9
1.0939739156337533	9.967102872782807e-9
1.098973915633753	1.1596112804624702e-8
1.103973915633753	1.3549904207666363e-8
1.1089739156337528	1.5895958036545904e-8
1.1139739156337525	1.871586151110166e-8
1.1189739156337524	2.2108240619208486e-8
1.123973915633752	2.61922931315974e-8
1.128973915633752	3.11120414316381e-8
1.1339739156337516	3.704144674557128e-8
1.1389739156337515	4.4190552251358593e-8
1.1439739156337512	5.281285241117524e-8
1.148973915633751	6.321412001691625e-8
1.153973915633751	7.57629610457032e-8
1.1589739156337506	9.090341048319388e-8
1.1639739156337505	1.0916992946978913e-7
1.1689739156337502	1.3120521469201422e-7
1.17397391563375	1.5778128347141732e-7
1.1789739156337498	1.898243502138284e-7
1.1839739156337497	2.2844405832708932e-7
1.1889739156337495	2.7496767145534284e-7
1.1939739156337492	3.309798521200834e-7
1.197980436725312	3.8397116242253206e-7
1.2019869578168745	4.453944451509565e-7
1.2059934789084372	5.165495654566399e-7
1.21	5.989244817909999e-7
