0.0006999999999999628	5.442652751111676e-11
0.001403500000000035	5.4523628739560824e-11
0.0021105174999999296	5.4621426733386774e-11
0.0028210700874998964	5.4719920420749534e-11
0.003535175437937438	5.4819115772847626e-11
0.004252851315127062	5.4919018918387154e-11
0.004974115571702636	5.5019636053677544e-11
0.005698986149561044	5.512097344228755e-11
0.006427481080308875	5.522303741591683e-11
0.007159618485710418	5.53258343752861e-11
0.007895416578138905	5.5429370791049196e-11
0.008634893661029494	5.5533653204715146e-11
0.00937806812933463	5.563868822958608e-11
0.010124958469981361	5.574448255171064e-11
0.010875583262331262	5.58510429308502e-11
0.01162996117864295	5.595837620145881e-11
0.012388110984536127	5.606648927368058e-11
0.013150051539458866	5.617538913436705e-11
0.013915801797156208	5.6285082848101256e-11
0.014685380806142003	5.6395577558238805e-11
0.015458807710172712	5.650688048798088e-11
0.01623610174872358	5.661899894144037e-11
0.017017282257467212	5.6731940304742814e-11
0.017802368668754516	5.684571204713437e-11
0.01859138051209827	5.69603217221176e-11
0.019384337414658823	5.707577696859315e-11
0.020181259101732015	5.7192085512029097e-11
0.020982165397240727	5.730925516564486e-11
0.02178707622422691	5.7427293831614666e-11
0.02259601160534814	5.754620950228934e-11
0.02340899166337483	5.766601026144104e-11
0.024226036621691812	5.778670428552375e-11
0.02504716680480027	5.790829984495688e-11
0.025872402638824326	5.803080530542888e-11
0.02670176465201842	5.815422912922196e-11
0.02753527347527842	5.827857987655697e-11
0.028372949842654864	5.840386620696594e-11
0.0292148145918682	5.853009688067654e-11
0.03006088866482743	5.865728076002938e-11
0.03091119310815165	5.878542681091396e-11
0.0317657490736924	5.891454410422562e-11
0.03262457781906081	5.904464181735776e-11
0.03348770070815601	5.917572923569503e-11
0.034355139211696875	5.930781575416412e-11
0.035226914907755424	5.944091087878364e-11
0.03610304948229413	5.957502422824795e-11
0.03698356472970569	5.971016553554252e-11
0.03786848255335419	5.984634464957881e-11
0.038757824966120964	5.998357153686144e-11
0.03965161409095162	6.012185628318405e-11
0.04054987216140643	6.026120909534304e-11
0.04145262152221345	6.040164030290096e-11
0.04235988462982453	6.054316035995329e-11
0.04327168405297366	6.06857798469518e-11
0.0441880424732386	6.082950947253581e-11
0.04510898268560485	6.097436007541346e-11
0.046034527599032954	6.112034262625598e-11
0.04696470023702812	6.126746822964754e-11
0.04789952373821329	6.141574812604638e-11
0.048839021356904266	6.156519369379108e-11
0.04978321646368884	6.171581645113921e-11
0.05073213254600732	6.186762805834671e-11
0.05168579320873729	6.202064031976802e-11
0.052644222174780875	6.217486518601157e-11
0.05360744328565471	6.233031475611375e-11
0.054575480502083065	6.248700127976947e-11
0.05554835790459365	6.264493715959204e-11
0.05652609969411678	6.2804134953405e-11
0.05750873019258755	6.296460737659009e-11
0.05849627384355038	6.31263673044655e-11
0.05948875521276831	6.328942777471498e-11
0.060486198988831924	6.345380198984453e-11
0.061488629983776036	6.361950331969771e-11
0.062496073133695054	6.378654530401497e-11
0.06350855349936363	6.395494165502322e-11
0.06452609626686023	6.412470626009209e-11
0.06554872674819473	6.429585318442189e-11
0.0665764703819355	6.446839667379119e-11
0.06760935273384511	6.464235115733999e-11
0.06864739949751451	6.481773125041799e-11
0.06969063649500218	6.49945517574787e-11
0.07073908967747725	6.51728276750197e-11
0.07179278512586448	6.53525741945866e-11
0.07285174905149387	6.553380670582137e-11
0.07391600779675113	6.571654079958048e-11
0.07498558783573481	6.590079227108996e-11
0.07606051577491364	6.60865771231795e-11
0.07714081835378801	6.627391156956261e-11
0.0782265224455569	6.646281203817337e-11
0.07931765505778446	6.665329517458963e-11
0.08041424333307354	6.684537784548405e-11
0.08151631454973869	6.703907714216919e-11
0.08262389612248718	6.723441038419207e-11
0.08373701560309972	6.74313951230039e-11
0.08485570068111534	6.763004914568992e-11
0.08597997918452092	6.783039047878221e-11
0.08710987908044335	6.803243739212598e-11
0.08824542847584554	6.823620840284621e-11
0.08938665561822474	6.844172227935222e-11
0.0905335888963159	6.864899804545825e-11
0.09168625684079766	6.885805498454649e-11
0.09284468812500156	6.906891264383874e-11
0.09400891156562662	6.928159083872395e-11
0.09517895612345495	6.94961096571909e-11
0.09635485090407213	6.971248946434057e-11
0.09753662515859228	6.993075090696221e-11
0.09872430828438533	7.015091491824169e-11
0.09991792982580742	7.037300272251644e-11
0.10111751947493633	7.059703584015516e-11
0.10232310707231096	7.082303609251175e-11
0.10353472260767245	7.105102560699299e-11
0.1047523962207106	7.128102682220662e-11
0.1059761582018141	7.151306249322977e-11
0.10720603899282295	7.174715569696473e-11
0.10844206918778705	7.198332983761421e-11
0.10968427953372589	7.222160865224974e-11
0.11093270093139453	7.246201621651024e-11
0.11218736443605157	7.270457695039233e-11
0.11344830125823162	7.294931562417024e-11
0.11471554276452282	7.319625736443433e-11
0.11598912047834534	7.34454276602448e-11
0.11726906608073716	7.369685236940677e-11
0.11855541141114084	7.395055772488253e-11
0.11984818846819666	7.42065703413221e-11
0.12114742941053756	7.446491722173659e-11
0.12245316655759021	7.472562576430403e-11
0.12376543239037813	7.498872376930088e-11
0.12508425955233007	7.525423944620005e-11
0.12640968085009188	7.552220142089251e-11
0.12774172925434224	7.579263874306967e-11
0.12908043790061416	7.606558089375363e-11
0.13042584009011704	7.634105779298312e-11
0.13177796929056776	7.661909980765997e-11
0.1331368591370207	7.689973775956383e-11
0.13450254343270562	7.71830029335153e-11
0.13587505614986897	7.746892708573819e-11
0.1372544314306183	7.775754245237555e-11
0.13864070358777136	7.804888175818953e-11
0.14003390710571012	7.834297822545008e-11
0.14143407664123844	7.863986558300546e-11
0.14284124702444484	7.893957807555923e-11
0.14425545325956707	7.924215047311742e-11
0.1456767305258648	7.954761808066525e-11
0.14710511417849395	7.985601674803459e-11
0.14854063974938644	8.016738287998988e-11
0.14998334294813345	8.048175344652983e-11
0.1514332596628742	8.079916599341317e-11
0.15289042596118857	8.111965865290795e-11
0.15435487809099444	8.144327015477358e-11
0.15582665248144925	8.177003983749475e-11
0.15730578574385642	8.210000765974544e-11
0.1587923146725756	8.243321421211298e-11
0.1602862762459386	8.276970072907461e-11
0.1617877076271685	8.310950910124567e-11
0.16329664616530448	8.345268188788944e-11
0.16481312939613094	8.379926232971232e-11
0.16633719504311156	8.414929436193822e-11
0.16786888101832692	8.450282262768343e-11
0.16940822542341866	8.485989249161327e-11
0.17095526655053575	8.522055005392991e-11
0.17251004288328856	8.558484216465009e-11
0.1740725930977048	8.595281643822811e-11
0.1756429560631934	8.632452126849612e-11
0.17722117084350925	8.670000584393692e-11
0.17880727669772659	8.707932016333986e-11
0.18040131308121543	8.746251505176775e-11
0.18200331964662148	8.784964217692535e-11
0.18361333624485465	8.824075406589288e-11
0.18523140292607912	8.863590412223871e-11
0.18685755994070938	8.903514664354251e-11
0.18849184774041308	8.943853683931627e-11
0.19013430697911532	8.984613084934624e-11
0.19178497851401088	9.025798576246284e-11
0.19344390340658082	9.067415963575014e-11
0.19511112292361377	9.109471151421254e-11
0.1967866785382319	9.151970145089831e-11
0.19847061193092289	9.194919052750366e-11
0.2001629649905775	9.238324087547389e-11
0.20186377981553055	9.282191569758213e-11
0.20357309871460819	9.326527929006629e-11
0.2052909642081813	9.371339706525574e-11
0.207017419029222	9.416633557476447e-11
0.20875250612436788	9.462416253324655e-11
0.21049626865498966	9.508694684271204e-11
0.21224874999826462	9.555475861745148e-11
0.21400999374825602	9.602766920955342e-11
0.2157800437169973	9.650575123506032e-11
0.21755894393558234	9.698907860075355e-11
0.21934673865526005	9.74777265316108e-11
0.2211434723485364	9.797177159892896e-11
0.22294918971027902	9.847129174916569e-11
0.22476393565883038	9.897636633346804e-11
0.22658775533712455	9.94870761379681e-11
0.22842069411381005	1.0000350341482498e-10
0.23026279758437915	1.0052573191404617e-10
0.23211411157230094	1.0105384691611023e-10
0.23397468213016254	1.0158793526542434e-10
0.23584455554081346	1.0212808540463038e-10
0.23772377831851751	1.0267438740977664e-10
0.23961239721011024	1.0322693302639348e-10
0.24151045919616082	1.0378581570650445e-10
0.24341801149214168	1.0435113064657608e-10
0.24533510154960245	1.0492297482646274e-10
0.24726177705735047	1.0550144704935301e-10
0.2491980859426373	1.0608664798275314e-10
0.25114407637235053	1.0667868020055714e-10
0.2530997967542124	1.072776482262052e-10
0.2550652957379834	1.0788365857697987e-10
0.2570406222166734	1.0849681980947925e-10
0.25902582532775686	1.0911724256629484e-10
0.26102095445439577	1.0974503962391821e-10
0.2630260592266676	1.103803259419437e-10
0.26504118952280104	1.1102321871358225e-10
0.26706639547041516	1.1167383741753041e-10
0.26910172744776706	1.1233230387124841e-10
0.27114723608500574	1.129987422856711e-10
0.2732029722654309	1.1367327932141459e-10
0.2752689871267581	1.1435604414651546e-10
0.2773453320623917	1.1504716849574952e-10
0.2794320587227036	1.1574678673158359e-10
0.281529219016317	1.1645503590681286e-10
0.2836368651113984	1.1717205582892224e-10
0.28575504943695557	1.1789798912625004e-10
0.28788382468414025	1.1863298131600113e-10
0.2900232438075611	1.1937718087414868e-10
0.29217336002659877	1.201307393073179e-10
0.29433422682673194	1.2089381122669745e-10
0.29650589796086546	1.216665544240329e-10
0.29868842745066976	1.2244912994980782e-10
0.30088186958792296	1.2324170219363853e-10
0.30308627893586265	1.2404443896697373e-10
0.305301710330542	1.2485751158818364e-10
0.3075282188821948	1.2568109497011804e-10
0.30976585997660583	1.2651536771017583e-10
0.31201468927648873	1.2736051218303462e-10
0.31427476272287097	1.2821671463605937e-10
0.3165461365364855	1.2908416528753786e-10
0.318828867219168	1.299630584277941e-10
0.3211230115552639	1.308535925233294e-10
0.32342862661304006	1.317559703239983e-10
0.3257457697461053	1.3267039897344246e-10
0.32807449859483556	1.3359709012281192e-10
0.33041487108780954	1.3453626004789887e-10
0.3327669454432486	1.3548812976981175e-10
0.33513078017046477	1.3645292517934688e-10
0.33750643407131686	1.3743087716508188e-10
0.33989396624167323	1.3842222174545605e-10
0.3422934360728816	1.3942720020486892e-10
0.34470490325324576	1.4044605923398574e-10
0.3471284277695118	1.4147905107440142e-10
0.34956406990835936	1.4252643366777076e-10
0.3520118902579012	1.4358847080966113e-10
0.3544719497091907	1.4466543230816485e-10
0.35694430945773664	1.457575941475519e-10
0.3594290310050252	1.4686523865709363e-10
0.36192617616005013	1.4798865468525863e-10
0.3644358070408504	1.4912813777944116e-10
0.36695798607605457	1.502839903714943e-10
0.36949277600643504	1.5145652196921516e-10
0.37204023988646695	1.5264604935403015e-10
0.374600441085899	1.5385289678510667e-10
0.3771734432913285	1.5507739621011723e-10
0.379759310507785	1.5631988748293363e-10
0.3823581070603237	1.5758071858846746e-10
0.3849698975956254	1.5886024587497517e-10
0.3875947470836033	1.6015883429406897e-10
0.39023272081902133	1.6147685764872904e-10
0.3928838844231162	1.6281469884966727e-10
0.39554830384523165	1.6417275018031468e-10
0.3982260453644579	1.6555141357075676e-10
0.4009171755912802	1.6695110088102923e-10
0.4036217614692367	1.6837223419406747e-10
0.4063398702765827	1.6981524611871448e-10
0.40907156962796565	1.712805801031923e-10
0.41181692747610543	1.7276869075944354e-10
0.41457601211348605	1.742800441987418e-10
0.4173488921740533	1.758151183790821e-10
0.4201356366349237	1.773744034647664e-10
0.42293631481809807	1.7895840219870633e-10
0.4257509963921885	1.805676302879308e-10
0.42857975137414944	1.822026168028814e-10
0.4314226501310203	1.8386390459099605e-10
0.43427976338167545	1.8555205070520728e-10
0.43715116219858396	1.872676268479924e-10
0.440036918009577	1.8901121983153516e-10
0.44293710259962477	1.9078343205476337e-10
0.4458517881126228	1.9258488199793464e-10
0.4487810470531859	1.944162047354635e-10
0.45172495228845155	1.9627805246785757e-10
0.45468357704989376	1.98171095073469e-10
0.45765699493514306	2.0009602068099522e-10
0.46064527990981863	2.0205353626356853e-10
0.4636485063093676	2.040443682554064e-10
0.4666667488409145	2.0606926319193487e-10
0.4697000825851191	2.0812898837452287e-10
0.4727485829980444	2.1022433256078233e-10
0.4758123259130346	2.1235610668165255e-10
0.47889138754259974	2.1452514458643453e-10
0.4819858444803126	2.16732303816999e-10
0.4850957737027142	2.1897846641253455e-10
0.48822125257122767	2.2126453974610922e-10
0.49136235883408375	2.2359145739463795e-10
0.49451917062825407	2.2596018004365605e-10
0.49769176648139524	2.2837169642856823e-10
0.5008802253138022	2.3082702431401917e-10
0.5040846264403713	2.333272115131905e-10
0.5073050495725733	2.3587333694887185e-10
0.510541574820436	2.384665117582689e-10
0.5137942826945383	2.411078804436311e-10
0.5170632541080108	2.437986220708666e-10
0.520348570378551	2.465399515184745e-10
0.5236503132304436	2.4933312077915414e-10
0.5269685647965956	2.521794203167166e-10
0.5303034076205784	2.550801804809547e-10
0.5336549246586811	2.5803677298332806e-10
0.5370231992819746	2.6105061243648047e-10
0.5404083152783844	2.641231579607392e-10
0.5438103568547764	2.672559148609375e-10
0.5472294086390501	2.7045043637718314e-10
0.5506655556822453	2.7370832551322185e-10
0.5541188834606565	2.770312369464005e-10
0.5575894778779599	2.804208790234366e-10
0.5610774252673494	2.838790158463729e-10
0.564582812393686	2.874074694535262e-10
0.5681057264556543	2.910081221002854e-10
0.5716462550879327	2.946829186451044e-10
0.5752044863633723	2.98433869046235e-10
0.578780508795189	3.022630509752416e-10
0.5823744113391649	3.0617261255340174e-10
0.5859862833958606	3.1016477521786083e-10
0.5896162148128399	3.1424183672452284e-10
0.5932642958869042	3.1840617429530386e-10
0.5969306173663387	3.2266024791762717e-10
0.6006152704531702	3.27006603804857e-10
0.6043183468054361	3.314478780266273e-10
0.6080399385394633	3.35986800318782e-10
0.6117801382321605	3.406261980831744e-10
0.615539038923321	3.453690005883522e-10
0.6193167341179376	3.5021824338279727e-10
0.6231133177885273	3.551770729332367e-10
0.6269288843774701	3.6024875150128053e-10
0.6307635287993573	3.6543666227275793e-10
0.6346173464433539	3.70744314754962e-10
0.6384904331755705	3.761753504579672e-10
0.6423828853414483	3.81733548877711e-10
0.6462947997681555	3.8742283379940913e-10
0.6502262737669962	3.932472799413696e-10
0.6541774051358311	3.9921111996085216e-10
0.6581482921615099	4.053187518450558e-10
0.6621390336223173	4.1157474671210345e-10
0.6661497287904288	4.179838570489676e-10
0.6701804774343807	4.2455102541504063e-10
0.6742313798215525	4.31281393642697e-10
0.6783025367206603	4.3818031256844364e-10
0.6823940494042636	4.4525335233099344e-10
0.6865060196512851	4.525063132759311e-10
0.6906385497495416	4.599452375095334e-10
0.6947917424982893	4.675764211483828e-10
0.6989657012107808	4.754064273152719e-10
0.7031605297168348	4.83442099936628e-10
0.7073763323654189	4.916905784015436e-10
0.7116132140272461	5.001593131485633e-10
0.715871280097382	5.088560822521979e-10
0.7201506364978687	5.177890090889413e-10
0.7244513896803577	5.269665811702334e-10
0.7287736466287593	5.363976702390961e-10
0.733117514861903	5.460915537377433e-10
0.7374831024362126	5.560579377653516e-10
0.7418705179483935	5.663069816587416e-10
0.7462798705381356	5.768493243445518e-10
0.7507112698908263	5.876961126297441e-10
0.7551648262402804	5.988590316181265e-10
0.759640650371482	6.103503374653084e-10
0.7641388536233394	6.22182892713122e-10
0.7686595478914561	6.343702044781488e-10
0.7732028456309133	6.469264658085322e-10
0.7777688598590677	6.598666005705493e-10
0.7823577041583629	6.732063122814253e-10
0.7869694926791548	6.869621373715664e-10
0.7916043401425507	7.011515034387118e-10
0.7962623618432633	7.157927931512145e-10
0.8009436736524796	7.309054145723233e-10
0.805648392020742	7.465098788157817e-10
0.8103766339808457	7.62627886109909e-10
0.81512851715075	7.792824215514722e-10
0.8199041597365035	7.964978620778637e-10
0.8247036805351862	8.143000964893214e-10
0.8295271989378621	8.327166607236477e-10
0.8343748349325514	8.517768910409985e-10
0.8392467091072142	8.715120983371531e-10
0.8441429426527504	8.919557674944792e-10
0.849063657366014	9.131437865342634e-10
0.8540089756528442	9.351147113921468e-10
0.8589790205311084	9.57910073451912e-10
0.863973915633764	9.815747386046424e-10
0.8689739156337638	1.006058394710364e-9
0.8739739156337636	1.0313767305533405e-9
0.8789739156337634	1.0575725706154374e-9
0.8839739156337632	1.0846925474337324e-9
0.8889739156337629	1.1127876508215075e-9
0.8939739156337627	1.1419138782966996e-9
0.8989739156337626	1.1721330071786786e-9
0.9039739156337624	1.203513513058885e-9
0.9089739156337622	1.2361316645151266e-9
0.913973915633762	1.2700728301946066e-9
0.9189739156337617	1.3054330419698595e-9
0.9239739156337615	1.3423208670534107e-9
0.9289739156337613	1.3808596530857508e-9
0.9339739156337611	1.4211902236966738e-9
0.938973915633761	1.4634741183857426e-9
0.9439739156337608	1.5078974903813368e-9
0.9489739156337605	1.5546758001568832e-9
0.9539739156337603	1.6040594714018586e-9
0.9589739156337601	1.6563407115506408e-9
0.9639739156337599	1.7118617417782355e-9
0.9689739156337597	1.7710247332784804e-9
0.9739739156337595	1.8343038095816641e-9
0.9789739156337594	1.90225955099729e-9
0.9839739156337591	1.9755565298316805e-9
0.9889739156337589	2.0549845172909406e-9
0.9939739156337587	2.1414841391291515e-9
0.9989739156337585	2.236177922231672e-9
1.0039739156337584	2.3404078746066586e-9
1.008973915633758	2.455780984184404e-9
1.013973915633758	2.5842243164808496e-9
1.0189739156337576	2.728051748592334e-9
1.0239739156337575	2.8900448105264548e-9
1.0289739156337572	3.073550630760034e-9
1.033973915633757	3.282600620840128e-9
1.038973915633757	3.5220543076761724e-9
1.0439739156337566	3.797773660888125e-9
1.0489739156337565	4.116834401317122e-9
1.0539739156337562	4.487782158210314e-9
1.058973915633756	4.920943018383916e-9
1.0639739156337558	5.4288000436024786e-9
1.0689739156337557	6.02644979861221e-9
1.0739739156337553	6.732155924091665e-9
1.0789739156337552	7.568020418261619e-9
1.0839739156337551	8.56079769395779e-9
1.0889739156337548	9.742881819476545e-9
1.0939739156337547	1.1153503831473364e-8
1.0989739156337544	1.2840183869242189e-8
1.1039739156337542	1.486049241612057e-8
1.108973915633754	1.7284186502524134e-8
1.1139739156337538	2.019580075917688e-8
1.1189739156337537	2.3697790233593867e-8
1.1239739156337534	2.7914342534612995e-8
1.1289739156337533	3.299600192112418e-8
1.133973915633753	3.912527833840866e-8
1.1389739156337528	4.6523451264272904e-8
1.1439739156337525	5.545882293368211e-8
1.1489739156337524	6.625672973337611e-8
1.153973915633752	7.931168631888216e-8
1.158973915633752	9.510211675530789e-8
1.1639739156337519	1.1420822368804531e-7
1.1689739156337515	1.3733366380382095e-7
1.1739739156337514	1.653318399976065e-7
1.178973915633751	1.9923779298080472e-7
1.183973915633751	2.4030688392010397e-7
1.1889739156337507	2.900617127810568e-7
1.1939739156337505	3.503490236654504e-7
1.1989739156337504	4.234087198010308e-7
1.2039739156337501	5.119575604996889e-7
1.20897391563375	6.192906566483223e-7
1.2139739156337497	7.494045397395531e-7
1.2189739156337496	9.071463756311209e-7
1.2239739156337492	1.0983948563454744e-6
1.2289739156337491	1.330279465002956e-6
1.2339739156337488	1.6114462105825705e-6
1.2389739156337487	1.9523796182979334e-6
1.2439739156337486	2.3657927942582872e-6
1.2489739156337483	2.867099825835671e-6
1.2539739156337482	3.4749877087274e-6
1.2589739156337478	4.2121084967593195e-6
1.2639739156337477	5.105916551850356e-6
1.2689739156337474	6.189680741727667e-6
1.2739739156337473	7.503707314331642e-6
1.2789739156337472	9.096816098420312e-6
1.2839739156337469	1.1028120765970558e-5
1.2889739156337467	1.3369173255244973e-5
1.2939739156337464	1.6206543170686743e-5
1.2989739156337463	1.9644915057830954e-5
1.303973915633746	2.3810799796307054e-5
1.3089739156337459	2.8856970679792004e-5
1.3139739156337455	3.496774950029826e-5
1.3189739156337454	4.2365282159320395e-5
1.3239739156337453	5.131695543761391e-5
1.328973915633745	6.214411420106482e-5
1.333973915633745	7.523223803599027e-5
1.3389739156337446	9.104272320461971e-5
1.3439739156337445	0.00011012638325027677
1.3489739156337441	0.00013313872091398556
1.353973915633744	0.00016085692455566742
1.358973915633744	0.00019419839167405322
1.3639739156337436	0.00023424036763977852
1.3689739156337435	0.00028223999868749684
1.3739739156337432	0.00033965373010281467
1.378973915633743	0.0004081545414855047
1.3839739156337427	0.0004896450298231907
1.3879804367253072	0.0005657414525645962
1.3919869578168715	0.0006527643765990644
1.395993478908436	0.0007520063697165154
1.4	0.0008648516752999488
