0.0006999999999999628	2.853510959755295e-9
0.001403500000000035	2.8556388350430334e-9
0.0021105174999999296	2.8577797299091663e-9
0.0028210700874998964	2.8599336911463286e-9
0.003535175437937438	2.8621008108768085e-9
0.004252851315127062	2.8642811825242854e-9
0.004974115571702636	2.8664749003245913e-9
0.005698986149561044	2.868682059329645e-9
0.006427481080308875	2.8709027554159557e-9
0.007159618485710418	2.873137085293469e-9
0.007895416578138905	2.8753851465143585e-9
0.008634893661029494	2.8776470374821556e-9
0.00937806812933463	2.879922857460873e-9
0.010124958469981361	2.8822127065841564e-9
0.010875583262331262	2.8845166858648536e-9
0.01162996117864295	2.8868348972041804e-9
0.012388110984536127	2.8891674434017654e-9
0.013150051539458866	2.8915144281650096e-9
0.013915801797156208	2.8938759561191508e-9
0.014685380806142003	2.8962521328171794e-9
0.015458807710172712	2.898643064750138e-9
0.01623610174872358	2.9010488593569414e-9
0.017017282257467212	2.903469625035447e-9
0.017802368668754516	2.9059054711523174e-9
0.01859138051209827	2.908356508054119e-9
0.019384337414658823	2.9108228470779536e-9
0.020181259101732015	2.9133046005624692e-9
0.020982165397240727	2.9158018818589407e-9
0.02178707622422691	2.9183148053425527e-9
0.02259601160534814	2.9208434864236466e-9
0.02340899166337483	2.923388041559494e-9
0.024226036621691812	2.925948588265911e-9
0.02504716680480027	2.928525245129007e-9
0.025872402638824326	2.931118131817393e-9
0.02670176465201842	2.933727369094158e-9
0.02753527347527842	2.936353078829449e-9
0.028372949842654864	2.9389953840127346e-9
0.0292148145918682	2.941654408765832e-9
0.03006088866482743	2.944330278355239e-9
0.03091119310815165	2.947023119205737e-9
0.0317657490736924	2.9497330589132694e-9
0.03262457781906081	2.9524602262583154e-9
0.03348770070815601	2.955204751219634e-9
0.034355139211696875	2.9579667649879685e-9
0.035226914907755424	2.9607463999798956e-9
0.03610304948229413	2.9635437898520815e-9
0.03698356472970569	2.9663590695155665e-9
0.03786848255335419	2.9691923751503373e-9
0.038757824966120964	2.97204384422003e-9
0.03965161409095162	2.974913615486979e-9
0.04054987216140643	2.9778018290271825e-9
0.04145262152221345	2.9807086262458115e-9
0.04235988462982453	2.9836341498927524e-9
0.04327168405297366	2.9865785440785265e-9
0.0441880424732386	2.9895419542900095e-9
0.04510898268560485	2.9925245274069865e-9
0.046034527599032954	2.995526411718501e-9
0.04696470023702812	2.9985477569396237e-9
0.04789952373821329	3.0015887142283504e-9
0.048839021356904266	3.0046494362028344e-9
0.04978321646368884	3.007730076958822e-9
0.05073213254600732	3.0108307920872836e-9
0.05168579320873729	3.0139517386924597e-9
0.052644222174780875	3.017093075410014e-9
0.05360744328565471	3.020254962425568e-9
0.054575480502083065	3.023437561493232e-9
0.055548357904593434	3.026641035954889e-9
0.056526099694116344	3.0298655507591932e-9
0.0575087301925869	3.033111272481448e-9
0.05849627384354973	3.0363783693431878e-9
0.05948875521276744	3.039667011232406e-9
0.06048619898883127	3.0429773697240127e-9
0.061488629983775384	3.0463096181005948e-9
0.06249607313369419	3.049663931373365e-9
0.06350855349936275	3.053040486303585e-9
0.06452609626685958	3.056439461424251e-9
0.06554872674819387	3.0598610370620765e-9
0.06657647038193484	3.063305395359708e-9
0.06760935273384447	3.0667727202984446e-9
0.06864739949751365	3.070263197721327e-9
0.0696906364950013	3.0737770153563053e-9
0.07073908967747639	3.077314362840138e-9
0.07179278512586384	3.0808754317421234e-9
0.07285174905149322	3.0844604155888333e-9
0.0739160077967507	3.088069509888566e-9
0.07498558783573436	3.0917029121568986e-9
0.07606051577491299	3.0953608219419606e-9
0.07714081835378758	3.0990434408502384e-9
0.07822652244555647	3.1027509725732045e-9
0.07931765505778425	3.1064836229138717e-9
0.0804142433330731	3.110241599813948e-9
0.08151631454973848	3.1140251133813578e-9
0.08262389612248718	3.117834375918465e-9
0.0837370156030995	3.121669601949987e-9
0.0848557006811149	3.1255310082524827e-9
0.0859799791845205	3.1294188138830393e-9
0.08710987908044313	3.1333332402096484e-9
0.08824542847584534	3.1372745109408562e-9
0.08938665561822454	3.1412428521568506e-9
0.09053358889631567	3.145238492340531e-9
0.09168625684079722	3.1492616624091965e-9
0.09284468812500112	3.1533125957467015e-9
0.09400891156562617	3.1573915282361937e-9
0.0951789561234543	3.1614986982933435e-9
0.09635485090407148	3.165634346899887e-9
0.09753662515859184	3.1697987176383125e-9
0.0987243082843847	3.1739920567261496e-9
0.09991792982580656	3.1782146130520144e-9
0.10111751947493569	3.1824666382107947e-9
0.10232310707231031	3.186748386540942e-9
0.1035347226076718	3.1910601151611056e-9
0.10475239622071016	3.1954020840080918e-9
0.10597615820181366	3.199774555875137e-9
0.10720603899282274	3.2041777964508886e-9
0.10844206918778684	3.2086120743589896e-9
0.10968427953372567	3.213077661198504e-9
0.1109327009313943	3.2175748315847137e-9
0.11218736443605135	3.2221038631906347e-9
0.11344830125823162	3.2266650367894703e-9
0.11471554276452282	3.2312586362975954e-9
0.11598912047834534	3.2358849488181075e-9
0.11726906608073695	3.2405442646855373e-9
0.11855541141114062	3.245236877510662e-9
0.11984818846819621	3.2499630842269296e-9
0.12114742941053713	3.25472318513664e-9
0.12245316655758978	3.259517483958871e-9
0.1237654323903777	3.264346287877521e-9
0.12508425955232963	3.2692099075906416e-9
0.12640968085009122	3.2741086573601906e-9
0.1277417292543416	3.279042855063025e-9
0.1290804379006133	3.2840128222424394e-9
0.13042584009011637	3.289018884160833e-9
0.1317779692905669	3.29406136985313e-9
0.13313685913701961	3.299140612181348e-9
0.13450254343270476	3.3042569478895084e-9
0.13587505614986833	3.309410717660533e-9
0.13725443143061763	3.314602266172879e-9
0.13864070358777073	3.319831942159454e-9
0.14003390710570945	3.325100098466494e-9
0.14143407664123803	3.3304070921138757e-9
0.1428412470244442	3.3357532843568777e-9
0.1442554532595664	3.3411390407483612e-9
0.14567673052586416	3.3465647312023883e-9
0.1471051141784935	3.3520307300591114e-9
0.14854063974938603	3.3575374161505476e-9
0.149983342948133	3.3630851728674985e-9
0.15143325966287374	3.3686743882281676e-9
0.15289042596118813	3.374305454947118e-9
0.15435487809099402	3.3799787705065772e-9
0.15582665248144906	3.3856947372280373e-9
0.1573057857438562	3.3914537623456817e-9
0.15879231467257537	3.397256258081133e-9
0.16028627624593816	3.403102641719537e-9
0.16178770762716785	3.408993335686427e-9
0.16329664616530362	3.4149287676274206e-9
0.16481312939613008	3.42090937048777e-9
0.1663371950431107	3.4269355825943804e-9
0.16786888101832628	3.433007847739179e-9
0.1694082254234178	3.43912661526384e-9
0.1709552665505349	3.445292340146199e-9
0.17251004288328747	3.4515054830882047e-9
0.17407259309770393	3.4577665106056473e-9
0.17564295606319252	3.464075895119662e-9
0.17722117084350858	3.47043411504948e-9
0.17880727669772617	3.4768416549076455e-9
0.18040131308121476	3.4832990053962834e-9
0.18200331964662084	3.4898066635059053e-9
0.18361333624485401	3.496365132615575e-9
0.18523140292607826	3.5029749225953213e-9
0.18685755994070874	3.509636549910276e-9
0.1884918477404122	3.5163505377270765e-9
0.19013430697911424	3.5231174160221242e-9
0.1917849785140098	3.5299377216919935e-9
0.19344390340657974	3.5368119986660606e-9
0.19511112292361268	3.5437407980212035e-9
0.1967866785382308	3.5507246780989984e-9
0.19847061193092203	3.557764204624922e-9
0.20016296499057665	3.564859950830066e-9
0.20186377981552947	3.5720124975752986e-9
0.2035730987146071	3.579222433477669e-9
0.20529096420818022	3.5864903550398247e-9
0.20701741902922113	3.5938168667812506e-9
0.20875250612436722	3.601202581372975e-9
0.210496268654989	3.6086481197744145e-9
0.21224874999826396	3.6161541113730202e-9
0.21400999374825516	3.6237211941272384e-9
0.21578004371699644	3.6313500147118236e-9
0.21755894393558148	3.6390412286662554e-9
0.2193467386552594	3.646795500546466e-9
0.22114347234853576	3.6546135040794566e-9
0.22294918971027836	3.6624959223208663e-9
0.2247639356588297	3.670443447816576e-9
0.2265877553371239	3.678456782766587e-9
0.2284206941138094	3.6865366391935323e-9
0.23026279758437848	3.6946837391132227e-9
0.23211411157230027	3.702898814710627e-9
0.23397468213016168	3.711182608517769e-9
0.23584455554081238	3.7195358735964363e-9
0.23772377831851643	3.727959373724512e-9
0.23961239721010893	3.736453883586227e-9
0.24151045919615952	3.7450201889665526e-9
0.24341801149214037	3.7536590869495894e-9
0.24533510154960114	3.762371386121361e-9
0.24726177705734917	3.771157906777046e-9
0.24919808594263598	3.780019481132747e-9
0.2511440763723492	3.788956953541304e-9
0.2530997967542111	3.797971180713683e-9
0.25506529573798215	3.807063031944557e-9
0.2570406222166721	3.8162333893431964e-9
0.25902582532775553	3.825483148069273e-9
0.2610209544543945	3.834813216573863e-9
0.2630260592266663	3.844224516846105e-9
0.2650411895227997	3.853717984664925e-9
0.26706639547041383	3.863294569856854e-9
0.2691017274477658	3.872955236559015e-9
0.2711472360850044	3.882700963488972e-9
0.27320297226542956	3.892532744219938e-9
0.2752689871267568	3.902451587462145e-9
0.2773453320623904	3.91245851735148e-9
0.27943205872270227	3.922554573744138e-9
0.2815292190163157	3.9327408125176444e-9
0.28363686511139713	3.943018305879816e-9
0.2857550494369543	3.953388142684456e-9
0.287883824684139	3.963851428753772e-9
0.2900232438075598	3.974409287209555e-9
0.29217336002659744	3.985062858810913e-9
0.2943342268267306	3.995813302301006e-9
0.2965058979608642	4.006661794761008e-9
0.2986884274506685	4.0176095319733245e-9
0.3008818695879217	4.0286577287929405e-9
0.3030862789358613	4.0398076195278044e-9
0.3053017103305407	4.05106045832847e-9
0.30752821888219345	4.062417519586888e-9
0.3097658599766045	4.073880098345185e-9
0.31201468927648746	4.085449510714041e-9
0.3142747627228697	4.097127094301489e-9
0.31654613653648417	4.108914208652515e-9
0.31882886721916665	4.120812235698772e-9
0.32112301155526257	4.132822580219914e-9
0.3234286266130387	4.144946670316443e-9
0.325745769746104	4.1571859578942984e-9
0.3280744985948343	4.169541919161322e-9
0.33041487108780826	4.1820160551361365e-9
0.3327669454432473	4.194609892171056e-9
0.3351307801704635	4.207324982486055e-9
0.3375064340713156	4.220162904719001e-9
0.33989396624167195	4.23312526448756e-9
0.3422934360728803	4.246213694967197e-9
0.3447049032532445	4.259429857483281e-9
0.34712842776951053	4.272775442118945e-9
0.3495640699083581	4.28625216833851e-9
0.3520118902578999	4.299861785627286e-9
0.35447194970918944	4.3136060741482475e-9
0.35694430945773536	4.327486845416445e-9
0.35942903100502394	4.341505942990218e-9
0.36192617616004885	4.355665243181988e-9
0.36443580704084905	4.369966655787552e-9
0.3669579860760533	4.38441212483498e-9
0.3694927760064337	4.399003629353533e-9
0.3720402398864656	4.413743184164197e-9
0.37460044108589774	4.428632840690855e-9
0.37717344329132724	4.443674687794674e-9
0.37975931050778367	4.458870852630097e-9
0.38235810706032236	4.474223501525908e-9
0.3849698975956241	4.489734840890064e-9
0.38759474708360203	4.505407118139639e-9
0.39023272081902005	4.5212426226574365e-9
0.39288388442311495	4.537243686775177e-9
0.3955483038452304	4.5534126867842614e-9
0.39822604536445655	4.5697520439760134e-9
0.40091717559127893	4.586264225711053e-9
0.4036217614692354	4.602951746520028e-9
0.4063398702765814	4.619817169235153e-9
0.40907156962796437	4.636863106155744e-9
0.4118169274761041	4.6540922202468745e-9
0.41457601211348477	4.671507226373678e-9
0.41734889217405197	4.689110892572039e-9
0.42013563663492237	4.706906041356246e-9
0.4229363148180968	4.724895551066463e-9
0.4257509963921872	4.743082357256227e-9
0.4285797513741481	4.761469454121248e-9
0.431422650131019	4.7800598959721885e-9
0.4342797633816742	4.798856798751279e-9
0.4371511621985827	4.817863341596366e-9
0.4400369180095757	4.837082768451864e-9
0.4429371025996235	4.8565183897305845e-9
0.44585178811262155	4.876173584026014e-9
0.44878104705318456	4.896051799879216e-9
0.4517249522884503	4.916156557600073e-9
0.4546835770498925	4.936491451147166e-9
0.4576569949351417	4.957060150065858e-9
0.4606452799098173	4.977866401489881e-9
0.46364850630936627	4.998914032205601e-9
0.46666674884091325	5.02020695078424e-9
0.46970008258511775	5.041749149781905e-9
0.4727485829980431	5.063544708012825e-9
0.47581232591303324	5.0855977928959885e-9
0.47889138754259847	5.107912662879957e-9
0.4819858444803113	5.130493669947895e-9
0.48509577370271284	5.153345262206127e-9
0.48822125257122634	5.17647198656027e-9
0.4913623588340824	5.1998784914807275e-9
0.49451917062825274	5.223569529862911e-9
0.49769176648139396	5.247549961985191e-9
0.5008802253138008	5.271824758568315e-9
0.50408462644037	5.296399003940724e-9
0.5073050495725719	5.321277899314106e-9
0.5105415748204347	5.346466766173804e-9
0.513794282694537	5.3719710497883716e-9
0.5170632541080095	5.3977963228438336e-9
0.5203485703785496	5.42394828920752e-9
0.5236503132304423	5.45043278782697e-9
0.5269685647965943	5.477255796769824e-9
0.530303407620577	5.504423437410466e-9
0.5336549246586798	5.531941978770002e-9
0.5370231992819733	5.559817842016015e-9
0.5404083152783831	5.5880576051291024e-9
0.5438103568547752	5.6166680077438994e-9
0.5472294086390488	5.645655956170932e-9
0.5506655556822441	5.675028528610169e-9
0.5541188834606553	5.704792980560807e-9
0.5575894778779587	5.734956750440413e-9
0.5610774252673482	5.7655274654194656e-9
0.5645828123936848	5.79651294748353e-9
0.5681057264556529	5.827921219732003e-9
0.5716462550879313	5.859760512925082e-9
0.575204486363371	5.892039272290979e-9
0.5787805087951877	5.924766164604455e-9
0.5823744113391636	5.957950085550592e-9
0.5859862833958592	5.9916001673870105e-9
0.5896162148128385	6.025725786919126e-9
0.5932642958869029	6.060336573802347e-9
0.5969306173663373	6.095442419190428e-9
0.6006152704531689	6.1310534847423774e-9
0.6043183468054348	6.1671802120099125e-9
0.6080399385394619	6.2038333322226515e-9
0.6117801382321592	6.241023876490066e-9
0.6155390389233196	6.2787631864436506e-9
0.6193167341179363	6.3170629253410286e-9
0.623113317788526	6.3559350896543156e-9
0.6269288843774687	6.395392021170447e-9
0.6307635287993559	6.43544641962883e-9
0.6346173464433525	6.4761113559253655e-9
0.6384904331755692	6.517400285912872e-9
0.642382885341447	6.559327064830217e-9
0.6462947997681542	6.601905962394718e-9
0.6502262737669948	6.645151678594112e-9
0.6541774051358298	6.689079360216643e-9
0.6581482921615086	6.73370461816158e-9
0.6621390336223161	6.779043545572826e-9
0.6661497287904276	6.8251127368449136e-9
0.6701804774343794	6.871929307550207e-9
0.6742313798215511	6.9195109153416614e-9
0.678302536720659	6.967875781889762e-9
0.6823940494042624	7.017042715913603e-9
0.6865060196512838	7.067031137375994e-9
0.6906385497495403	7.117861102908958e-9
0.694791742498288	7.169553332552235e-9
0.6989657012107795	7.222129237882078e-9
0.7031605297168335	7.275610951623511e-9
0.7073763323654175	7.3300213588394624e-9
0.7116132140272448	7.385384129803346e-9
0.7158712800973807	7.441723754665575e-9
0.7201506364978674	7.499065580039026e-9
0.7244513896803564	7.557435847634279e-9
0.728773646628758	7.616861735092307e-9
0.7331175148619017	7.67737139917173e-9
0.7374831024362114	7.738994021465494e-9
0.7418705179483922	7.801759856837804e-9
0.7462798705381343	7.865700284792385e-9
0.750711269890825	7.930847864003874e-9
0.7551648262402791	7.997236390271555e-9
0.7596406503714807	8.064900958180613e-9
0.7641388536233382	8.133878026794087e-9
0.7686595478914547	8.204205489731014e-9
0.773202845630912	8.275922750037915e-9
0.7777688598590664	8.349070800310203e-9
0.7823577041583616	8.42369230857776e-9
0.7869694926791535	8.499831710553247e-9
0.7916043401425493	8.577535308911324e-9
0.796262361843262	8.656851380385212e-9
0.8009436736524783	8.737830291575952e-9
0.8056483920207407	8.820524624523917e-9
0.8103766339808444	8.904989313261632e-9
0.8151285171507487	8.991281792781975e-9
0.8199041597365022	9.079462162109094e-9
0.8247036805351848	9.169593363468495e-9
0.8295271989378608	9.2617413799339e-9
0.8343748349325502	9.35597545438455e-9
0.8392467091072129	9.452368333178602e-9
0.844142942652749	9.550996538633855e-9
0.8490636573660127	9.651940675264914e-9
0.8540089756528428	9.755285775785246e-9
0.8589790205311072	9.86112169417605e-9
0.8639739156337627	9.969543554748705e-9
0.8689739156337625	1.0080208147779645e-8
0.8739739156337623	1.0193076679238655e-8
0.878973915633762	1.0308224421883568e-8
0.8839739156337618	1.0425731468657919e-8
0.8889739156337617	1.0545683314218279e-8
0.8939739156337615	1.0668171537125954e-8
0.8989739156337613	1.0793294602775544e-8
0.9039739156337611	1.0921158811173127e-8
0.9089739156337608	1.1051879418678901e-8
0.9139739156337606	1.1185581968890846e-8
0.9189739156337604	1.1322403875189543e-8
0.9239739156337602	1.1462496306342582e-8
0.9289739156337601	1.1606026437337512e-8
0.9339739156337599	1.1753180140640931e-8
0.9389739156337596	1.1904165208870169e-8
0.9439739156337594	1.205921521899002e-8
0.9489739156337592	1.2218594171314696e-8
0.953973915633759	1.238260206466421e-8
0.9589739156337588	1.2551581603030139e-8
0.9639739156337586	1.2725926270309812e-8
0.9689739156337585	1.2906090059590937e-8
0.9739739156337582	1.3092599203954178e-8
0.978973915633758	1.3286066329059039e-8
0.9839739156337578	1.3487207536576789e-8
0.9889739156337576	1.3696863035140324e-8
0.9939739156337574	1.391602206584718e-8
0.9989739156337571	1.4145853027309367e-8
1.003973915633757	1.4387739896616662e-8
1.0089739156337567	1.4643326274412417e-8
1.0139739156337566	1.4914568663143163e-8
1.0189739156337563	1.5203800927735772e-8
1.0239739156337562	1.551381230001822e-8
1.028973915633756	1.5847941787230524e-8
1.0339739156337557	1.6210192449280052e-8
1.0389739156337556	1.6605369741073788e-8
1.0439739156337553	1.7039249002025416e-8
1.0489739156337552	1.751877824694611e-8
1.0539739156337549	1.805232370991131e-8
1.0589739156337548	1.8649967162340145e-8
1.0639739156337544	1.932386592501501e-8
1.0689739156337543	2.008868878937281e-8
1.0739739156337542	2.096214383811422e-8
1.0789739156337539	2.196561750776675e-8
1.0839739156337538	2.312494828471795e-8
1.0889739156337535	2.4471363313538514e-8
1.0939739156337533	2.6042612092186724e-8
1.098973915633753	2.7884338536194933e-8
1.103973915633753	3.005174125549108e-8
1.1089739156337528	3.261158219127075e-8
1.1139739156337525	3.564461614803686e-8
1.1189739156337524	3.924852863123619e-8
1.123973915633752	4.354148723893024e-8
1.128973915633752	4.8666433212761954e-8
1.1339739156337516	5.479626527653e-8
1.1389739156337515	6.214009832804809e-8
1.1439739156337512	7.095081575877942e-8
1.148973915633751	8.153417712769498e-8
1.153973915633751	9.42597936973705e-8
1.1589739156337506	1.0957434414663974e-7
1.1639739156337505	1.2801747288905628e-7
1.1689739156337502	1.5024089518860509e-7
1.17397391563375	1.7703132800613373e-7
1.1789739156337498	2.0933797446709338e-7
1.1839739156337497	2.48305414012984e-7
1.1889739156337495	2.953128902527494e-7
1.1939739156337492	3.5202114412708387e-7
1.197980436725312	4.057959490135894e-7
1.2019869578168745	4.682862420265349e-7
1.2059934789084372	5.408944571835487e-7
1.21	6.252434555455589e-7
