0.0006999999999999628	3.8806495721370225e-10
0.001403500000000035	3.885418565201157e-10
0.0021105174999999296	3.890219038803618e-10
0.0028210700874998964	3.895051068365718e-10
0.003535175437937438	3.899914900284068e-10
0.004252851315127062	3.904810785324633e-10
0.004974115571702636	3.909738976714353e-10
0.005698986149561044	3.9146997301489297e-10
0.006427481080308875	3.9196933038217456e-10
0.007159618485710418	3.924719958453773e-10
0.007895416578138905	3.929779957323993e-10
0.008634893661029494	3.9348735662993304e-10
0.00937806812933463	3.940001053866359e-10
0.010124958469981361	3.9451626911623763e-10
0.010875583262331262	3.9503587520075776e-10
0.01162996117864295	3.9555895129372506e-10
0.012388110984536127	3.9608552532345775e-10
0.013150051539458866	3.966156254964348e-10
0.013915801797156208	3.9714928030060257e-10
0.014685380806142003	3.976865185088844e-10
0.015458807710172712	3.982273691825904e-10
0.01623610174872358	3.9877186167496844e-10
0.017017282257467212	3.993200256348138e-10
0.017802368668754516	3.9987189101002855e-10
0.01859138051209827	4.004274880513753e-10
0.019384337414658823	4.009868473161566e-10
0.020181259101732015	4.015499996720511e-10
0.020982165397240727	4.0211697630091364e-10
0.02178707622422691	4.026878087027249e-10
0.02259601160534814	4.032625286995176e-10
0.02340899166337483	4.0384116843937795e-10
0.024226036621691812	4.0442376040059197e-10
0.02504716680480027	4.0501033739569385e-10
0.025872402638824326	4.0560093257573556e-10
0.02670176465201842	4.061955794345051e-10
0.02753527347527842	4.067943118128671e-10
0.028372949842654864	4.0739716390313746e-10
0.0292148145918682	4.080041702535542e-10
0.03006088866482743	4.086153657727991e-10
0.03091119310815165	4.0923078573455456e-10
0.0317657490736924	4.0985046578219614e-10
0.03262457781906081	4.1047444193350186e-10
0.03348770070815601	4.111027505854493e-10
0.034355139211696875	4.117354285191015e-10
0.035226914907755424	4.1237251290453016e-10
0.03610304948229413	4.130140413058635e-10
0.03698356472970569	4.136600516863504e-10
0.03786848255335419	4.143105824135589e-10
0.038757824966120964	4.149656722646218e-10
0.03965161409095162	4.156253604315742e-10
0.04054987216140643	4.1628968652676645e-10
0.04145262152221345	4.169586905883608e-10
0.04235988462982453	4.176324130859185e-10
0.04327168405297366	4.183108949260807e-10
0.0441880424732386	4.1899417745831244e-10
0.04510898268560485	4.1968230248076574e-10
0.046034527599032954	4.2037531224621174e-10
0.04696470023702812	4.2107324946807016e-10
0.04789952373821329	4.2177615732653646e-10
0.048839021356904266	4.224840794748175e-10
0.04978321646368884	4.231970600454516e-10
0.05073213254600732	4.239151436567063e-10
0.05168579320873729	4.24638375419123e-10
0.052644222174780875	4.2536680094215356e-10
0.05360744328565471	4.261004663408687e-10
0.054575480502083065	4.268394182427873e-10
0.055548357904593434	4.2758370379485725e-10
0.056526099694116344	4.2833337067049087e-10
0.0575087301925869	4.290884670767476e-10
0.05849627384354973	4.298490417616225e-10
0.05948875521276744	4.306151440214354e-10
0.06048619898883127	4.313868237083574e-10
0.061488629983775384	4.321641312380935e-10
0.06249607313369419	4.329471175975994e-10
0.06350855349936275	4.337358343530044e-10
0.06452609626685958	4.3453033365765026e-10
0.06554872674819387	4.3533066826021167e-10
0.06657647038193484	4.3613689151301793e-10
0.06760935273384447	4.369490573804791e-10
0.06864739949751365	4.377672204476043e-10
0.0696906364950013	4.385914359287835e-10
0.07073908967747639	4.394217596765882e-10
0.07179278512586384	4.402582481907488e-10
0.07285174905149322	4.411009586273733e-10
0.0739160077967507	4.419499488081762e-10
0.07498558783573436	4.428052772299733e-10
0.07606051577491299	4.436670030742725e-10
0.07714081835378758	4.445351862170709e-10
0.07822652244555647	4.4540988723878513e-10
0.07931765505778425	4.4629116743433023e-10
0.0804142433330731	4.471790888234447e-10
0.08151631454973848	4.480737141611097e-10
0.08262389612248718	4.4897510694817924e-10
0.0837370156030995	4.498833314422381e-10
0.0848557006811149	4.507984526685134e-10
0.0859799791845205	4.517205364311308e-10
0.08710987908044313	4.5264964932445124e-10
0.08824542847584534	4.535858587446829e-10
0.08938665561822454	4.545292329016107e-10
0.09053358889631567	4.554798408305695e-10
0.09168625684079722	4.5643775240469297e-10
0.09284468812500112	4.574030383472278e-10
0.09400891156562617	4.5837577024419013e-10
0.0951789561234543	4.5935602055719507e-10
0.09635485090407148	4.6034386263650463e-10
0.09753662515859184	4.613393707343141e-10
0.0987243082843847	4.623426200182734e-10
0.09991792982580656	4.633536865852777e-10
0.10111751947493569	4.6437264747541643e-10
0.10232310707231031	4.653995806862616e-10
0.1035347226076718	4.664345651873632e-10
0.10475239622071016	4.674776809350316e-10
0.10597615820181366	4.685290088873484e-10
0.10720603899282274	4.695886310194639e-10
0.10844206918778684	4.706566303391888e-10
0.10968427953372567	4.717330909028424e-10
0.1109327009313943	4.728180978314009e-10
0.11218736443605135	4.739117373269249e-10
0.11344830125823162	4.750140966892863e-10
0.11471554276452282	4.7612526433324e-10
0.11598912047834534	4.772453298057524e-10
0.11726906608073695	4.783743838036817e-10
0.11855541141114062	4.795125181917541e-10
0.11984818846819621	4.806598260209332e-10
0.12114742941053713	4.81816401547038e-10
0.12245316655758978	4.829823402497984e-10
0.1237654323903777	4.841577388521861e-10
0.12508425955232963	4.853426953401706e-10
0.12640968085009122	4.865373089828055e-10
0.1277417292543416	4.877416803526903e-10
0.1290804379006133	4.889559113468413e-10
0.13042584009011637	4.901801052079503e-10
0.1317779692905669	4.914143665460311e-10
0.13313685913701961	4.926588013604739e-10
0.13450254343270476	4.93913517062522e-10
0.13587505614986833	4.95178622498255e-10
0.13725443143061763	4.964542279718308e-10
0.13864070358777073	4.977404452693501e-10
0.14003390710570945	4.990373876831212e-10
0.14143407664123803	5.003451700363623e-10
0.1428412470244442	5.016639087083822e-10
0.1442554532595664	5.029937216603338e-10
0.14567673052586416	5.043347284613278e-10
0.1471051141784935	5.056870503152168e-10
0.14854063974938603	5.070508100877526e-10
0.149983342948133	5.084261323343774e-10
0.15143325966287374	5.098131433285297e-10
0.15289042596118813	5.112119710905292e-10
0.15435487809099402	5.126227454169369e-10
0.15582665248144906	5.14045597910664e-10
0.1573057857438562	5.15480662011564e-10
0.15879231467257537	5.169280730275973e-10
0.16028627624593816	5.183879681668044e-10
0.16178770762716785	5.198604865697258e-10
0.16329664616530362	5.213457693425437e-10
0.16481312939613008	5.228439595909414e-10
0.1663371950431107	5.24355202454606e-10
0.16786888101832628	5.258796451424237e-10
0.1694082254234178	5.274174369683914e-10
0.1709552665505349	5.28968729388319e-10
0.17251004288328747	5.30533676037221e-10
0.17407259309770393	5.321124327674958e-10
0.17564295606319252	5.337051576879136e-10
0.17722117084350858	5.353120112033818e-10
0.17880727669772617	5.369331560555878e-10
0.18040131308121476	5.385687573643834e-10
0.18200331964662084	5.402189826701869e-10
0.18361333624485401	5.418840019771173e-10
0.18523140292607826	5.435639877971742e-10
0.18685755994070874	5.452591151952354e-10
0.1884918477404122	5.469695618351034e-10
0.19013430697911424	5.486955080264288e-10
0.1917849785140098	5.504371367727461e-10
0.19344390340657974	5.521946338204646e-10
0.19511112292361268	5.539681877088671e-10
0.1967866785382308	5.557579898213246e-10
0.19847061193092203	5.575642344375041e-10
0.20016296499057665	5.593871187866954e-10
0.20186377981552947	5.612268431023865e-10
0.2035730987146071	5.630836106779432e-10
0.20529096420818022	5.649576279235825e-10
0.20701741902922113	5.668491044245044e-10
0.20875250612436722	5.687582530003806e-10
0.210496268654989	5.706852897661334e-10
0.21224874999826396	5.726304341940258e-10
0.21400999374825516	5.74593909177169e-10
0.21578004371699644	5.765759410944852e-10
0.21755894393558148	5.785767598769872e-10
0.2193467386552594	5.805965990757164e-10
0.22114347234853576	5.826356959311072e-10
0.22294918971027836	5.846942914439039e-10
0.2247639356588297	5.867726304477511e-10
0.2265877553371239	5.888709616834439e-10
0.2284206941138094	5.909895378747393e-10
0.23026279758437848	5.931286158060856e-10
0.23211411157230027	5.952884564020403e-10
0.23397468213016168	5.974693248085391e-10
0.23584455554081238	5.996714904759598e-10
0.23772377831851643	6.018952272443228e-10
0.23961239721010893	6.041408134302451e-10
0.24151045919615952	6.064085319161167e-10
0.24341801149214037	6.08698670241188e-10
0.24533510154960114	6.110115206950036e-10
0.24726177705734917	6.133473804129046e-10
0.24919808594263598	6.157065514737843e-10
0.2511440763723492	6.180893410003077e-10
0.2530997967542111	6.204960612613563e-10
0.25506529573798215	6.229270297770999e-10
0.2570406222166721	6.253825694263889e-10
0.25902582532775553	6.278630085570007e-10
0.2610209544543945	6.30368681098292e-10
0.2630260592266663	6.328999266767928e-10
0.2650411895227997	6.354570907345162e-10
0.26706639547041383	6.380405246502123e-10
0.2691017274477658	6.406505858635615e-10
0.2711472360850044	6.43287638002511e-10
0.27320297226542956	6.459520510136745e-10
0.2752689871267568	6.486442012960378e-10
0.2773453320623904	6.513644718379594e-10
0.27943205872270227	6.541132523576781e-10
0.2815292190163157	6.568909394472451e-10
0.28363686511139713	6.596979367202088e-10
0.2857550494369543	6.625346549629117e-10
0.287883824684139	6.654015122898019e-10
0.2900232438075598	6.682989343025378e-10
0.29217336002659744	6.712273542532848e-10
0.2943342268267306	6.741872132121821e-10
0.2965058979608642	6.771789602391663e-10
0.2986884274506685	6.802030525601466e-10
0.3008818695879217	6.83259955747955e-10
0.3030862789358613	6.863501439077989e-10
0.3053017103305407	6.894740998677947e-10
0.30752821888219345	6.926323153743944e-10
0.3097658599766045	6.958252912930173e-10
0.31201468927648746	6.99053537813994e-10
0.3142747627228697	7.023175746640732e-10
0.31654613653648417	7.056179313234446e-10
0.31882886721916665	7.089551472488135e-10
0.32112301155526257	7.123297721023006e-10
0.3234286266130387	7.157423659866087e-10
0.325745769746104	7.191934996866865e-10
0.3280744985948343	7.226837549178277e-10
0.33041487108780826	7.262137245807664e-10
0.3327669454432473	7.297840130235652e-10
0.3351307801704635	7.333952363110658e-10
0.3375064340713156	7.370480225015149e-10
0.33989396624167195	7.407430119311567e-10
0.3422934360728803	7.444808575066013e-10
0.3447049032532445	7.482622250056099e-10
0.34712842776951053	7.520877933862293e-10
0.3495640699083581	7.559582551048204e-10
0.3520118902578999	7.598743164430669e-10
0.35447194970918944	7.638366978443884e-10
0.35694430945773536	7.678461342600934e-10
0.35942903100502394	7.719033755053637e-10
0.36192617616004885	7.760091866257786e-10
0.36443580704084905	7.80164348274378e-10
0.3669579860760533	7.843696570997609e-10
0.3694927760064337	7.88625926145731e-10
0.3720402398864656	7.929339852626321e-10
0.37460044108589774	7.972946815309019e-10
0.37717344329132724	8.017088796972929e-10
0.37975931050778367	8.061774626241375e-10
0.38235810706032236	8.107013317521078e-10
0.3849698975956241	8.152814075770531e-10
0.38759474708360203	8.199186301411534e-10
0.39023272081902005	8.246139595392167e-10
0.39288388442311495	8.293683764404052e-10
0.3955483038452304	8.341828826260995e-10
0.39822604536445655	8.3905850154427e-10
0.40091717559127893	8.439962788812419e-10
0.4036217614692354	8.489972831512237e-10
0.4063398702765814	8.540626063043917e-10
0.40907156962796437	8.59193364354066e-10
0.4118169274761041	8.643906980239343e-10
0.41457601211348477	8.69655773415639e-10
0.41734889217405197	8.749897826980195e-10
0.42013563663492237	8.803939448182462e-10
0.4229363148180968	8.85869506236155e-10
0.4257509963921872	8.91417741682344e-10
0.4285797513741481	8.970399549410013e-10
0.431422650131019	9.027374796584553e-10
0.4342797633816742	9.08511680178427e-10
0.4371511621985827	9.143639524048858e-10
0.4400369180095757	9.20295724693716e-10
0.4429371025996235	9.263084587742637e-10
0.44585178811262155	9.324036507018536e-10
0.44878104705318456	9.38582831842565e-10
0.4517249522884503	9.448475698915558e-10
0.4546835770498925	9.511994699261453e-10
0.4576569949351417	9.576401754951829e-10
0.4606452799098173	9.641713697459845e-10
0.46364850630936627	9.70794776590566e-10
0.46666674884091325	9.775121619124358e-10
0.46970008258511775	9.843253348160512e-10
0.4727485829980431	9.91236148920215e-10
0.47581232591303324	9.982465036974265e-10
0.47889138754259847	1.0053583458612566e-9
0.4819858444803113	1.0125736708033143e-9
0.48509577370271284	1.0198945240823267e-9
0.48822125257122634	1.0273230029672615e-9
0.4913623588340824	1.0348612580367374e-9
0.49451917062825274	1.042511494837325e-9
0.49769176648139396	1.0502759756031764e-9
0.5008802253138008	1.0581570210393698e-9
0.50408462644037	1.0661570121721764e-9
0.5073050495725719	1.0742783922688625e-9
0.5105415748204347	1.082523668830015e-9
0.513794282694537	1.0908954156578753e-9
0.5170632541080095	1.0993962750038114e-9
0.5203485703785496	1.1080289597984281e-9
0.5236503132304423	1.1167962559682814e-9
0.5269685647965943	1.1257010248429946e-9
0.530303407620577	1.1347462056564993e-9
0.5336549246586798	1.1439348181475153e-9
0.5370231992819733	1.153269965262976e-9
0.5404083152783831	1.1627548359698092e-9
0.5438103568547752	1.172392708179796e-9
0.5472294086390488	1.182186951792824e-9
0.5506655556822441	1.1921410318643973e-9
0.5541188834606553	1.2022585119029723e-9
0.5575894778779587	1.2125430573034553e-9
0.5610774252673482	1.222998438923692e-9
0.5645828123936848	1.2336285368104163e-9
0.5681057264556529	1.2444373440822654e-9
0.5716462550879313	1.2554289709777137e-9
0.575204486363371	1.2666076490757374e-9
0.5787805087951877	1.2779777356981062e-9
0.5823744113391636	1.2895437185024984e-9
0.5859862833958592	1.301310220275609e-9
0.5896162148128385	1.3132820039373475e-9
0.5932642958869029	1.3254639777660571e-9
0.5969306173663373	1.337861200856843e-9
0.6006152704531689	1.3504788888249067e-9
0.6043183468054348	1.363322419766849e-9
0.6080399385394619	1.3763973404935663e-9
0.6117801382321592	1.3897093730494506e-9
0.6155390389233196	1.4032644215331576e-9
0.6193167341179363	1.4170685792363016e-9
0.623113317788526	1.4311281361176602e-9
0.6269288843774687	1.4454495866314271e-9
0.6307635287993559	1.460039637929081e-9
0.6346173464433525	1.4749052184560228e-9
0.6384904331755692	1.49005348696551e-9
0.642382885341447	1.5054918419735306e-9
0.6462947997681542	1.5212279316802863e-9
0.6502262737669948	1.5372696643855575e-9
0.6541774051358298	1.5536252194269764e-9
0.6581482921615086	1.5703030586725218e-9
0.6621390336223161	1.5873119386002941e-9
0.6661497287904276	1.604660923001716e-9
0.6701804774343794	1.622359396346199e-9
0.6742313798215511	1.6404170778486538e-9
0.678302536720659	1.6588440362838496e-9
0.6823940494042624	1.6776507055956896e-9
0.6865060196512838	1.6968479013520968e-9
0.6906385497495403	1.7164468381016298e-9
0.694791742498288	1.7364591476908258e-9
0.6989657012107795	1.7568968986077819e-9
0.7031605297168335	1.7777726164212368e-9
0.7073763323654175	1.7990993053922332e-9
0.7116132140272448	1.820890471340303e-9
0.7158712800973807	1.8431601458547472e-9
0.7201506364978674	1.865922911949456e-9
0.7244513896803564	1.8891939312689e-9
0.728773646628758	1.912988972963682e-9
0.7331175148619017	1.9373244443654755e-9
0.7374831024362114	1.9622174236047277e-9
0.7418705179483922	1.9876856943297688e-9
0.7462798705381343	2.013747782703035e-9
0.750711269890825	2.040422996870619e-9
0.7551648262402791	2.0677314691232506e-9
0.7596406503714807	2.095694200994462e-9
0.7641388536233382	2.1243331115712662e-9
0.7686595478914547	2.1536710893298796e-9
0.773202845630912	2.183732047849218e-9
0.7777688598590664	2.214540985805705e-9
0.7823577041583616	2.24612405171046e-9
0.7869694926791535	2.2785086139189067e-9
0.7916043401425493	2.3117233365241667e-9
0.796262361843262	2.34579826184516e-9
0.8009436736524783	2.3807649003359506e-9
0.8056483920207407	2.4166563288842796e-9
0.8103766339808444	2.4535072986386023e-9
0.8151285171507487	2.491354353707189e-9
0.8199041597365022	2.5302359623246897e-9
0.8247036805351848	2.5701926623855637e-9
0.8295271989378608	2.611267223615709e-9
0.8343748349325502	2.6535048291113766e-9
0.8392467091072129	2.6969532795316983e-9
0.844142942652749	2.7416632239230435e-9
0.8490636573660127	2.787688422002143e-9
0.8540089756528428	2.8350860437762525e-9
0.8589790205311072	2.8839170136824727e-9
0.8639739156337627	2.934246408045019e-9
0.8689739156337625	2.9859358262618393e-9
0.8739739156337623	3.0389872364445914e-9
0.878973915633762	3.093457160289255e-9
0.8839739156337618	3.1494063641760963e-9
0.8889739156337617	3.206900420660615e-9
0.8939739156337615	3.2660103704494674e-9
0.8989739156337613	3.326813505015995e-9
0.9039739156337611	3.3893942941518642e-9
0.9089739156337608	3.453845487807404e-9
0.9139739156337606	3.5202694277005575e-9
0.9189739156337604	3.5887796115912926e-9
0.9239739156337602	3.659502562101838e-9
0.9289739156337601	3.732580062842885e-9
0.9339739156337599	3.808171837784977e-9
0.9389739156337596	3.886458765779306e-9
0.9439739156337594	3.967646741473134e-9
0.9489739156337592	4.051971317295655e-9
0.953973915633759	4.139703289581904e-9
0.9589739156337588	4.231155426295793e-9
0.9639739156337586	4.326690575493286e-9
0.9689739156337585	4.426731444162591e-9
0.9739739156337582	4.531772398263695e-9
0.978973915633758	4.6423937089250076e-9
0.9839739156337578	4.759278759578955e-9
0.9889739156337576	4.883234837645484e-9
0.9939739156337574	5.015218266221335e-9
0.9989739156337571	5.1563647909667746e-9
1.003973915633757	5.308026330872624e-9
1.0089739156337567	5.471815435974528e-9
1.0139739156337566	5.649659078954455e-9
1.0189739156337563	5.843863751349679e-9
1.0239739156337562	6.0571942513760075e-9
1.028973915633756	6.292969054355584e-9
1.0339739156337557	6.555175766814189e-9
1.0389739156337556	6.848610903648576e-9
1.0439739156337553	7.179049121123845e-9
1.0489739156337552	7.55344811910609e-9
1.0539739156337549	7.980196732745017e-9
1.0589739156337548	8.469415313563176e-9
1.0639739156337544	9.03331940884583e-9
1.0689739156337543	9.686660053903359e-9
1.0739739156337542	1.0447256775205008e-8
1.0789739156337539	1.1336642760544943e-8
1.0839739156337538	1.2380845701202074e-8
1.0889739156337535	1.3611332688680879e-8
1.0939739156337533	1.5066153419417995e-8
1.098973915633753	1.679132301964727e-8
1.103973915633753	1.8842494279630884e-8
1.1089739156337528	2.1286979252372266e-8
1.1139739156337525	2.4206192343632343e-8
1.1189739156337524	2.769860156590073e-8
1.123973915633752	3.1883291974284294e-8
1.128973915633752	3.6904265933221884e-8
1.1339739156337516	4.2935629329203927e-8
1.1389739156337515	5.018784175827391e-8
1.1439739156337512	5.891524274664821e-8
1.148973915633751	6.942510591997585e-8
1.153973915633751	8.208851945128703e-8
1.1589739156337506	9.735344479780208e-8
1.1639739156337505	1.1576036730613986e-7
1.1689739156337502	1.379610221733604e-7
1.17397391563375	1.6474075764252862e-7
1.1789739156337498	1.9704518384897393e-7
1.1839739156337497	2.360118493593501e-7
1.1889739156337495	2.830077860695612e-7
1.1939739156337492	3.3967386323238175e-7
1.197980436725312	3.9337238334770596e-7
1.2019869578168745	4.557239508570982e-7
1.2059934789084372	5.280991989775053e-7
1.21	6.120776320074102e-7
