0.0006999999999999628	1.858932610390701e-9
0.001403500000000035	1.860497280251735e-9
0.0021105174999999296	1.862071664058929e-9
0.0028210700874998964	1.863655796915892e-9
0.003535175437937438	1.8652497490243122e-9
0.004252851315127062	1.8668535915937137e-9
0.004974115571702636	1.8684673964681384e-9
0.005698986149561044	1.870091236129274e-9
0.006427481080308875	1.8717251837035462e-9
0.007159618485710418	1.873369312968906e-9
0.007895416578138905	1.875023698362103e-9
0.008634893661029494	1.876688414985901e-9
0.00937806812933463	1.8783635386163164e-9
0.010124958469981361	1.8800491457101124e-9
0.010875583262331262	1.8817453134123467e-9
0.01162996117864295	1.8834521195637202e-9
0.012388110984536127	1.8851696427086845e-9
0.013150051539458866	1.886897962102941e-9
0.013915801797156208	1.88863715772147e-9
0.014685380806142003	1.8903873102665763e-9
0.015458807710172712	1.8921485011759736e-9
0.01623610174872358	1.8939208126309655e-9
0.017017282257467212	1.895704327564957e-9
0.017802368668754516	1.897499129671755e-9
0.01859138051209827	1.899305303414217e-9
0.019384337414658823	1.9011229340329234e-9
0.020181259101732015	1.902952107554991e-9
0.020982165397240727	1.904792910802946e-9
0.02178707622422691	1.906645431403858e-9
0.02259601160534814	1.908509757798447e-9
0.02340899166337483	1.9103859792504056e-9
0.024226036621691812	1.912274185855791e-9
0.02504716680480027	1.91417446855263e-9
0.025872402638824326	1.916086919130526e-9
0.02670176465201842	1.9180116302405136e-9
0.02753527347527842	1.9199486954050127e-9
0.028372949842654864	1.92189820902791e-9
0.0292148145918682	1.9238602664048098e-9
0.03006088866482743	1.925834963733303e-9
0.03091119310815165	1.9278223981236434e-9
0.0317657490736924	1.9298226676092346e-9
0.03262457781906081	1.9318358711576118e-9
0.03348770070815601	1.9338621086812213e-9
0.034355139211696875	1.935901481048648e-9
0.035226914907755424	1.93795409009589e-9
0.03610304948229413	1.9400200386377256e-9
0.03698356472970569	1.9420994304793436e-9
0.03786848255335419	1.944192370428095e-9
0.038757824966120964	1.9462989643054074e-9
0.03965161409095162	1.9484193189587956e-9
0.04054987216140643	1.9505535422743576e-9
0.04145262152221345	1.9527017431889004e-9
0.04235988462982453	1.954864031702835e-9
0.04327168405297366	1.9570405188927347e-9
0.0441880424732386	1.9592313169245406e-9
0.04510898268560485	1.961436539066524e-9
0.046034527599032954	1.9636562997028435e-9
0.04696470023702812	1.9658907143468922e-9
0.04789952373821329	1.9681398996552176e-9
0.048839021356904266	1.9704039734413677e-9
0.04978321646368884	1.972683054690142e-9
0.05073213254600732	1.9749772635717757e-9
0.05168579320873729	1.977286721456713e-9
0.052644222174780875	1.979611550930255e-9
0.05360744328565471	1.9819518758076103e-9
0.054575480502083065	1.9843078211491217e-9
0.055548357904593434	1.9866795132757276e-9
0.056526099694116344	1.9890670797845727e-9
0.0575087301925869	1.991470649564946e-9
0.05849627384354973	1.9938903528145297e-9
0.05948875521276744	1.9963263210556438e-9
0.06048619898883127	1.9987786871519255e-9
0.061488629983775384	2.0012475853252038e-9
0.06249607313369419	2.0037331511728075e-9
0.06350855349936275	2.0062355216846404e-9
0.06452609626685958	2.0087548352610543e-9
0.06554872674819387	2.0112912317307885e-9
0.06657647038193484	2.0138448523690743e-9
0.06760935273384447	2.016415839916206e-9
0.06864739949751365	2.0190043385961004e-9
0.0696906364950013	2.021610494135709e-9
0.07073908967747639	2.0242344537838653e-9
0.07179278512586384	2.0268763663314384e-9
0.07285174905149322	2.0295363821308222e-9
0.0739160077967507	2.03221465311655e-9
0.07498558783573436	2.034911332825501e-9
0.07606051577491299	2.037626576418066e-9
0.07714081835378758	2.040360540699311e-9
0.07822652244555647	2.043113384140259e-9
0.07931765505778425	2.045885266900111e-9
0.0804142433330731	2.04867635084812e-9
0.08151631454973848	2.051486799586579e-9
0.08262389612248718	2.0543167784732352e-9
0.0837370156030995	2.057166454645001e-9
0.0848557006811149	2.0600359970413646e-9
0.0859799791845205	2.0629255764284953e-9
0.08710987908044313	2.0658353654236446e-9
0.08824542847584534	2.0687655385199237e-9
0.08938665561822454	2.0717162721115358e-9
0.09053358889631567	2.074687744519414e-9
0.09168625684079722	2.077680136017049e-9
0.09284468812500112	2.0806936288571793e-9
0.09400891156562617	2.0837284072984376e-9
0.0951789561234543	2.0867846576327735e-9
0.09635485090407148	2.0898625682131068e-9
0.09753662515859184	2.092962329481612e-9
0.0987243082843847	2.096084133998337e-9
0.09991792982580656	2.099228176470235e-9
0.10111751947493569	2.102394653780895e-9
0.10232310707231031	2.10558376502053e-9
0.1035347226076718	2.1087957115166465e-9
0.10475239622071016	2.112030696865054e-9
0.10597615820181366	2.1152889269615274e-9
0.10720603899282274	2.1185706100339538e-9
0.10844206918778684	2.121875956674924e-9
0.10968427953372567	2.1252051798750585e-9
0.1109327009313943	2.1285584950566556e-9
0.11218736443605135	2.1319361201081415e-9
0.11344830125823162	2.1353382754189774e-9
0.11471554276452282	2.1387651839150997e-9
0.11598912047834534	2.1422170710951326e-9
0.11726906608073695	2.1456941650670443e-9
0.11855541141114062	2.149196696585533e-9
0.11984818846819621	2.1527248990900495e-9
0.12114742941053713	2.156279008743425e-9
0.12245316655758978	2.1598592644711855e-9
0.1237654323903777	2.1634659080014766e-9
0.12508425955232963	2.1670991839059028e-9
0.12640968085009122	2.1707593396407497e-9
0.1277417292543416	2.17444662558925e-9
0.1290804379006133	2.1781612951042218e-9
0.13042584009011637	2.181903604551933e-9
0.1317779692905669	2.185673813356289e-9
0.13313685913701961	2.18947218404378e-9
0.13450254343270476	2.1932989822899754e-9
0.13587505614986833	2.197154476965742e-9
0.13725443143061763	2.201038940185e-9
0.13864070358777073	2.2049526473532077e-9
0.14003390710570945	2.2088958772165504e-9
0.14143407664123803	2.2128689119122058e-9
0.1428412470244442	2.216872037019349e-9
0.1442554532595664	2.2209055416112597e-9
0.14567673052586416	2.224969718307936e-9
0.1471051141784935	2.229064863330407e-9
0.14854063974938603	2.2331912765553e-9
0.149983342948133	2.237349261570797e-9
0.15143325966287374	2.241539125733624e-9
0.15289042596118813	2.2457611802267197e-9
0.15435487809099402	2.250015740118496e-9
0.15582665248144906	2.2543031244227687e-9
0.1573057857438562	2.258623656160046e-9
0.15879231467257537	2.2629776624197733e-9
0.16028627624593816	2.267365474423735e-9
0.16178770762716785	2.271787427590969e-9
0.16329664616530362	2.2762438616034543e-9
0.16481312939613008	2.2807351204733313e-9
0.1663371950431107	2.285261552611072e-9
0.16786888101832628	2.2898235108954656e-9
0.1694082254234178	2.29442135274439e-9
0.1709552665505349	2.299055440187137e-9
0.17251004288328747	2.3037261399383205e-9
0.17407259309770393	2.308433823472809e-9
0.17564295606319252	2.3131788671022728e-9
0.17722117084350858	2.3179616520534757e-9
0.17880727669772617	2.322782564547507e-9
0.18040131308121476	2.3276419958810784e-9
0.18200331964662084	2.332540342509056e-9
0.18361333624485401	2.3374780061288556e-9
0.18523140292607826	2.3424553937661824e-9
0.18685755994070874	2.3474729178627487e-9
0.1884918477404122	2.352530996365626e-9
0.19013430697911424	2.357630052818297e-9
0.1917849785140098	2.362770516453383e-9
0.19344390340657974	2.367952822287569e-9
0.19511112292361268	2.3731774112181998e-9
0.1967866785382308	2.3784447301216924e-9
0.19847061193092203	2.3837552319541895e-9
0.20016296499057665	2.38910937585409e-9
0.20186377981552947	2.394507627246514e-9
0.2035730987146071	2.3999504579502863e-9
0.20529096420818022	2.4054383462866355e-9
0.20701741902922113	2.4109717771903016e-9
0.20875250612436722	2.416551242323003e-9
0.210496268654989	2.422177240189382e-9
0.21224874999826396	2.427850276254494e-9
0.21400999374825516	2.4335708630649465e-9
0.21578004371699644	2.4393395203716526e-9
0.21755894393558148	2.4451567752554893e-9
0.2193467386552594	2.4510231622554532e-9
0.22114347234853576	2.4569392234996066e-9
0.22294918971027836	2.4629055088387263e-9
0.2247639356588297	2.4689225759828413e-9
0.2265877553371239	2.474990990640339e-9
0.2284206941138094	2.4811113266606225e-9
0.23026279758437848	2.487284166179083e-9
0.23211411157230027	2.493510099765938e-9
0.23397468213016168	2.4997897265775145e-9
0.23584455554081238	2.506123654511349e-9
0.23772377831851643	2.512512500364338e-9
0.23961239721010893	2.5189568899944324e-9
0.24151045919615952	2.525457458485978e-9
0.24341801149214037	2.532014850318169e-9
0.24533510154960114	2.5386297195379062e-9
0.24726177705734917	2.5453027299357436e-9
0.24919808594263598	2.552034555226489e-9
0.2511440763723492	2.5588258792329147e-9
0.2530997967542111	2.565677396074336e-9
0.25506529573798215	2.5725898103589367e-9
0.2570406222166721	2.5795638373806183e-9
0.25902582532775553	2.5866002033200397e-9
0.2610209544543945	2.593699645450729e-9
0.2630260592266663	2.6008629123488993e-9
0.2650411895227997	2.6080907641091147e-9
0.26706639547041383	2.6153839725642068e-9
0.2691017274477658	2.6227433215103614e-9
0.2711472360850044	2.63016960693735e-9
0.27320297226542956	2.637663637264472e-9
0.2752689871267568	2.645226233581183e-9
0.2773453320623904	2.6528582298939567e-9
0.27943205872270227	2.66056047337895e-9
0.2815292190163157	2.668333824639915e-9
0.28363686511139713	2.6761791579729577e-9
0.2857550494369543	2.6840973616370766e-9
0.287883824684139	2.6920893381311433e-9
0.2900232438075598	2.7001560044777556e-9
0.29217336002659744	2.7082982925136553e-9
0.2943342268267306	2.7165171491869724e-9
0.2965058979608642	2.724813536862099e-9
0.2986884274506685	2.7331884336312675e-9
0.3008818695879217	2.7416428336344067e-9
0.3030862789358613	2.7501777473862828e-9
0.3053017103305407	2.7587942021117464e-9
0.30752821888219345	2.7674932420894167e-9
0.3097658599766045	2.7762759290036375e-9
0.31201468927648746	2.7851433423051437e-9
0.3142747627228697	2.7940965795809716e-9
0.31654613653648417	2.8031367569332746e-9
0.31882886721916665	2.8122650093677285e-9
0.32112301155526257	2.821482491191919e-9
0.3234286266130387	2.8307903764235018e-9
0.325745769746104	2.840189859208962e-9
0.3280744985948343	2.849682154252982e-9
0.33041487108780826	2.859268497258697e-9
0.3327669454432473	2.8689501453794727e-9
0.3351307801704635	2.8787283776822423e-9
0.3375064340713156	2.888604495622774e-9
0.33989396624167195	2.8985798235336115e-9
0.3422934360728803	2.908655709124288e-9
0.3447049032532445	2.9188335239953766e-9
0.34712842776951053	2.929114664165417e-9
0.3495640699083581	2.9395005506123e-9
0.3520118902578999	2.9499926298287658e-9
0.35447194970918944	2.9605923743930313e-9
0.35694430945773536	2.971301283554554e-9
0.35942903100502394	2.9821208838356e-9
0.36192617616004885	2.9930527296493136e-9
0.36443580704084905	3.0040984039344464e-9
0.3669579860760533	3.015259518807502e-9
0.3694927760064337	3.026537716232774e-9
0.3720402398864656	3.0379346687110896e-9
0.37460044108589774	3.0494520799871826e-9
0.37717344329132724	3.0610916857775276e-9
0.37975931050778367	3.0728552545178465e-9
0.38235810706032236	3.0847445881319456e-9
0.3849698975956241	3.096761522822379e-9
0.38759474708360203	3.10890792988341e-9
0.39023272081902005	3.121185716537192e-9
0.39288388442311495	3.133596826794101e-9
0.3955483038452304	3.1461432423376327e-9
0.39822604536445655	3.1588269834349685e-9
0.40091717559127893	3.1716501098741533e-9
0.4036217614692354	3.1846147219286532e-9
0.4063398702765814	3.19772296135015e-9
0.40907156962796437	3.2109770123906683e-9
0.4118169274761041	3.224379102855375e-9
0.41457601211348477	3.237931505186005e-9
0.41734889217405197	3.2516365375776943e-9
0.42013563663492237	3.26549656512891e-9
0.4229363148180968	3.279514001026215e-9
0.4257509963921872	3.2936913077652875e-9
0.4285797513741481	3.3080309984093587e-9
0.431422650131019	3.322535637885957e-9
0.4342797633816742	3.337207844324193e-9
0.4371511621985827	3.352050290433394e-9
0.4400369180095757	3.367065704924819e-9
0.4429371025996235	3.382256873978166e-9
0.44585178811262155	3.397626642753976e-9
0.44878104705318456	3.4131779169547998e-9
0.4517249522884503	3.4289136644354087e-9
0.4546835770498925	3.4448369168651573e-9
0.4576569949351417	3.4609507714438752e-9
0.4606452799098173	3.4772583926733866e-9
0.46364850630936627	3.493763014186941e-9
0.46666674884091325	3.510467940638521e-9
0.46970008258511775	3.527376549654521e-9
0.4727485829980431	3.544492293850349e-9
0.47581232591303324	3.5618187029140994e-9
0.47889138754259847	3.5793593857602294e-9
0.4819858444803113	3.5971180327558815e-9
0.48509577370271284	3.6150984180231108e-9
0.48822125257122634	3.633304401819138e-9
0.4913623588340824	3.6517399329987183e-9
0.49451917062825274	3.6704090515616567e-9
0.49769176648139396	3.689315891288748e-9
0.5008802253138008	3.7084646824695026e-9
0.50408462644037	3.727859754726682e-9
0.5073050495725719	3.747505539939811e-9
0.5105415748204347	3.767406575273329e-9
0.513794282694537	3.787567506313266e-9
0.5170632541080095	3.807993090316566e-9
0.5203485703785496	3.828688199578487e-9
0.5236503132304423	3.849657824922986e-9
0.5269685647965943	3.870907079321155e-9
0.530303407620577	3.892441201643028e-9
0.5336549246586798	3.914265560549773e-9
0.5370231992819733	3.936385658530813e-9
0.5404083152783831	3.958807136093375e-9
0.5438103568547752	3.981535776110648e-9
0.5472294086390488	4.004577508336523e-9
0.5506655556822441	4.02793841409314e-9
0.5541188834606553	4.05162473114004e-9
0.5575894778779587	4.075642858733164e-9
0.5610774252673482	4.09999936288163e-9
0.5645828123936848	4.124700981812784e-9
0.5681057264556529	4.149754631653902e-9
0.5716462550879313	4.17516741234136e-9
0.575204486363371	4.200946613768502e-9
0.5787805087951877	4.227099722182175e-9
0.5823744113391636	4.253634426842225e-9
0.5859862833958592	4.2805586269529196e-9
0.5896162148128385	4.307880438884678e-9
0.5932642958869029	4.335608203695149e-9
0.5969306173663373	4.363750494968054e-9
0.6006152704531689	4.39231612698428e-9
0.6043183468054348	4.4213141632417285e-9
0.6080399385394619	4.450753925342579e-9
0.6117801382321592	4.480645002265102e-9
0.6155390389233196	4.510997260041806e-9
0.6193167341179363	4.541820851863614e-9
0.623113317788526	4.573126228632276e-9
0.6269288843774687	4.604924149986053e-9
0.6307635287993559	4.637225695822565e-9
0.6346173464433525	4.6700422783454315e-9
0.6384904331755692	4.703385654665074e-9
0.642382885341447	4.737267939980325e-9
0.6462947997681542	4.771701621377477e-9
0.6502262737669948	4.806699572276961e-9
0.6541774051358298	4.842275067566897e-9
0.6581482921615086	4.878441799461338e-9
0.6621390336223161	4.915213894125207e-9
0.6661497287904276	4.952605929110182e-9
0.6701804774343794	4.990632951649194e-9
0.6742313798215511	5.0293104978606285e-9
0.678302536720659	5.068654612916787e-9
0.6823940494042624	5.108681872234441e-9
0.6865060196512838	5.149409403751771e-9
0.6906385497495403	5.190854911357561e-9
0.694791742498288	5.233036699546961e-9
0.6989657012107795	5.275973699380599e-9
0.7031605297168335	5.319685495833998e-9
0.7073763323654175	5.364192356625764e-9
0.7116132140272448	5.409515262626347e-9
0.7158712800973807	5.455675939953581e-9
0.7201506364978674	5.502696893871779e-9
0.7244513896803564	5.550601444622076e-9
0.728773646628758	5.59941376532279e-9
0.7331175148619017	5.649158922092407e-9
0.7374831024362114	5.699862916560416e-9
0.7418705179483922	5.751552730951057e-9
0.7462798705381343	5.804256375941848e-9
0.750711269890825	5.858002941520003e-9
0.7551648262402791	5.9128226510877254e-9
0.7596406503714807	5.968746919090098e-9
0.7641388536233382	6.025808412478376e-9
0.7686595478914547	6.084041116355797e-9
0.773202845630912	6.143480404197486e-9
0.7777688598590664	6.2041631130882674e-9
0.7823577041583616	6.266127624484936e-9
0.7869694926791535	6.329413951077976e-9
0.7916043401425493	6.394063830414415e-9
0.796262361843262	6.4601208260451755e-9
0.8009436736524783	6.5276304370798345e-9
0.8056483920207407	6.5966402171763745e-9
0.8103766339808444	6.667199904167675e-9
0.8151285171507487	6.739361561737212e-9
0.8199041597365022	6.8131797348082455e-9
0.8247036805351848	6.888711620622704e-9
0.8295271989378608	6.96601725785943e-9
0.8343748349325502	7.0451597366036164e-9
0.8392467091072129	7.126205432541644e-9
0.844142942652749	7.209224269448671e-9
0.8490636573660127	7.294290014890374e-9
0.8540089756528428	7.381480615111634e-9
0.8589790205311072	7.47087857639286e-9
0.8639739156337627	7.56257140176606e-9
0.8689739156337625	7.656275805229847e-9
0.8739739156337623	7.751965515945443e-9
0.878973915633762	7.849711208156325e-9
0.8839739156337618	7.949588239594434e-9
0.8889739156337617	8.0516772283233e-9
0.8939739156337615	8.15606473021725e-9
0.8989739156337613	8.262844037172971e-9
0.9039739156337611	8.372116120209329e-9
0.9089739156337608	8.483990746635117e-9
0.9139739156337606	8.598587806541132e-9
0.9189739156337604	8.716038891230214e-9
0.9239739156337602	8.836489175119836e-9
0.9289739156337601	8.960099663431443e-9
0.9339739156337599	9.08704988106515e-9
0.9389739156337596	9.217541093887401e-9
0.9439739156337594	9.351800172842225e-9
0.9489739156337592	9.490084234538063e-9
0.953973915633759	9.632686220112038e-9
0.9589739156337588	9.779941608293836e-9
0.9639739156337586	9.932236499912245e-9
0.9689739156337585	1.0090017361175277e-8
0.9739739156337582	1.025380277372912e-8
0.978973915633758	1.0424197613026222e-8
0.9839739156337578	1.060191016562046e-8
0.9889739156337576	1.078777280394688e-8
0.9939739156337574	1.0982766967932089e-8
0.9989739156337571	1.1188053361233144e-8
1.003973915633757	1.1405008461888295e-8
1.0089739156337567	1.163526867971884e-8
1.0139739156337566	1.188078377457345e-8
1.0189739156337563	1.2143881490743898e-8
1.0239739156337562	1.2427345776221503e-8
1.028973915633756	1.2734511455993809e-8
1.0339739156337557	1.3069378834692775e-8
1.0389739156337556	1.343675243770767e-8
1.0439739156337553	1.3842408988146054e-8
1.0489739156337552	1.4293300792062897e-8
1.0539739156337549	1.4797802005158461e-8
1.0589739156337548	1.5366006827679123e-8
1.0639739156337544	1.6010090577167874e-8
1.0689739156337543	1.67447468891982e-8
1.0739739156337542	1.7587717076279702e-8
1.0789739156337539	1.8560431033261952e-8
1.0839739156337538	1.9688783131962885e-8
1.0889739156337535	2.100407143999294e-8
1.0939739156337533	2.2544134498065276e-8
1.098973915633753	2.435472699850233e-8
1.103973915633753	2.6491184265517457e-8
1.1089739156337528	2.902043573050266e-8
1.1139739156337525	3.2023439960509924e-8
1.1189739156337524	3.5598128632920435e-8
1.123973915633752	3.9862964620213624e-8
1.128973915633752	4.49612405993014e-8
1.1339739156337516	5.1066269959466524e-8
1.1389739156337515	5.838765197429642e-8
1.1439739156337512	6.717882904742675e-8
1.148973915633751	7.774619626123728e-8
1.153973915633751	9.046007346863717e-8
1.1589739156337506	1.057679088697222e-7
1.1639739156337505	1.2421015155883074e-7
1.1689739156337502	1.464393100710527e-7
1.17397391563375	1.732428055877781e-7
1.1789739156337498	2.0557033308325997e-7
1.1839739156337497	2.4456656186784517e-7
1.1889739156337495	2.916101386953981e-7
1.1939739156337492	3.4836010095766516e-7
1.197980436725312	4.021701644245528e-7
1.2019869578168745	4.6469424478452727e-7
1.2059934789084372	5.373304268815255e-7
1.21	6.216952332655676e-7
