0.0006999999999999628	2.071176208947237e-10
0.001403500000000035	2.0740591925406657e-10
0.0021105174999999296	2.0769617067214964e-10
0.0028210700874998964	2.0798837773444843e-10
0.003535175437937438	2.0828255618845843e-10
0.004252851315127062	2.0857872210071624e-10
0.004974115571702636	2.0887689170163112e-10
0.005698986149561044	2.0917708138558033e-10
0.006427481080308875	2.0947930771289636e-10
0.007159618485710418	2.0978358741192491e-10
0.007895416578138905	2.1008993738108245e-10
0.008634893661029494	2.1039837469096066e-10
0.00937806812933463	2.1070891658647075e-10
0.010124958469981361	2.1102158048900001e-10
0.010875583262331262	2.1133638399861907e-10
0.01162996117864295	2.1165334489628765e-10
0.012388110984536127	2.119724811461449e-10
0.013150051539458866	2.1229381089777695e-10
0.013915801797156208	2.1261735248857305e-10
0.014685380806142003	2.129431244460641e-10
0.015458807710172712	2.132711454903394e-10
0.01623610174872358	2.136014345364689e-10
0.017017282257467212	2.1393401069698156e-10
0.017802368668754516	2.1426889328435577e-10
0.01859138051209827	2.146061018135884e-10
0.019384337414658823	2.1494565600476357e-10
0.020181259101732015	2.152875757856667e-10
0.020982165397240727	2.15631881294461e-10
0.02178707622422691	2.1597859288238375e-10
0.02259601160534814	2.16327731116473e-10
0.02340899166337483	2.166793167823741e-10
0.024226036621691812	2.1703337088715006e-10
0.02504716680480027	2.1738991466215136e-10
0.025872402638824326	2.1774896956593807e-10
0.02670176465201842	2.1811055728722052e-10
0.02753527347527842	2.1847469974787315e-10
0.028372949842654864	2.1884141910598344e-10
0.0292148145918682	2.1921073775893006e-10
0.03006088866482743	2.195826783465526e-10
0.03091119310815165	2.1995726375431912e-10
0.0317657490736924	2.2033451711657893e-10
0.03262457781906081	2.2071446181984868e-10
0.03348770070815601	2.2109712150615097e-10
0.034355139211696875	2.2148252007642642e-10
0.035226914907755424	2.2187068169394803e-10
0.03610304948229413	2.2226163078786463e-10
0.03698356472970569	2.2265539205671911e-10
0.03786848255335419	2.2305199047207887e-10
0.038757824966120964	2.2345145128220774e-10
0.03965161409095162	2.238538000157779e-10
0.04054987216140643	2.242590624856743e-10
0.04145262152221345	2.2466726479282652e-10
0.04235988462982453	2.2507843333011724e-10
0.04327168405297366	2.2549259478636628e-10
0.0441880424732386	2.2590977615035346e-10
0.04510898268560485	2.263300047149056e-10
0.046034527599032954	2.267533080810796e-10
0.04696470023702812	2.2717971416238746e-10
0.04789952373821329	2.2760925118907882e-10
0.048839021356904266	2.2804194771254257e-10
0.04978321646368884	2.2847783260971696e-10
0.05073213254600732	2.289169350876036e-10
0.05168579320873729	2.2935928468787693e-10
0.052644222174780875	2.2980491129151018e-10
0.05360744328565471	2.3025384512353678e-10
0.054575480502083065	2.3070611675785748e-10
0.055548357904593434	2.311617571221209e-10
0.056526099694116344	2.3162079750272557e-10
0.0575087301925869	2.3208326954983994e-10
0.05849627384354973	2.325492052825683e-10
0.05948875521276744	2.3301863709416577e-10
0.06048619898883127	2.334915977573502e-10
0.061488629983775384	2.3396812042970194e-10
0.06249607313369419	2.344482386591651e-10
0.06350855349936275	2.3493198638960954e-10
0.06452609626685958	2.3541939796652527e-10
0.06554872674819387	2.3591050814279146e-10
0.06657647038193484	2.3640535208453726e-10
0.06760935273384447	2.3690396537712494e-10
0.06864739949751365	2.3740638403119907e-10
0.0696906364950013	2.379126444888873e-10
0.07073908967747639	2.3842278363005577e-10
0.07179278512586384	2.389368387787122e-10
0.07285174905149322	2.3945484770947777e-10
0.0739160077967507	2.399768486542326e-10
0.07498558783573436	2.405028803087977e-10
0.07606051577491299	2.4103298183979566e-10
0.07714081835378758	2.4156719289159095e-10
0.07822652244555647	2.4210555359339545e-10
0.07931765505778425	2.426481045664125e-10
0.0804142433330731	2.4319488693121657e-10
0.08151631454973848	2.4374594231518524e-10
0.08262389612248718	2.4430131286007103e-10
0.0837370156030995	2.4486104122974253e-10
0.0848557006811149	2.4542517061800053e-10
0.0859799791845205	2.459937447566108e-10
0.08710987908044313	2.4656680792341215e-10
0.08824542847584534	2.4714440495058936e-10
0.08938665561822454	2.477265812331269e-10
0.09053358889631567	2.483133827373389e-10
0.09168625684079722	2.489048560096326e-10
0.09284468812500112	2.495010481853809e-10
0.09400891156562617	2.5010200699797757e-10
0.0951789561234543	2.507077807880136e-10
0.09635485090407148	2.5131841851268305e-10
0.09753662515859184	2.5193396975531525e-10
0.0987243082843847	2.52554484735091e-10
0.09991792982580656	2.531800143169352e-10
0.10111751947493569	2.5381061002159345e-10
0.10232310707231031	2.544463240358896e-10
0.1035347226076718	2.550872092231845e-10
0.10475239622071016	2.55733319133995e-10
0.10597615820181366	2.5638470801683685e-10
0.10720603899282274	2.5704143082929616e-10
0.10844206918778684	2.5770354324920246e-10
0.10968427953372567	2.583711016861413e-10
0.1109327009313943	2.5904416329309565e-10
0.11218736443605135	2.597227859783224e-10
0.11344830125823162	2.6040702841746203e-10
0.11471554276452282	2.610969500658899e-10
0.11598912047834534	2.617926111712417e-10
0.11726906608073695	2.6249407278626905e-10
0.11855541141114062	2.63201396781847e-10
0.11984818846819621	2.639146458602826e-10
0.12114742941053713	2.6463388356885117e-10
0.12245316655758978	2.6535917431363463e-10
0.1237654323903777	2.6609058337355067e-10
0.12508425955232963	2.6682817691474236e-10
0.12640968085009122	2.6757202200512984e-10
0.1277417292543416	2.683221866294032e-10
0.1290804379006133	2.690787397041348e-10
0.13042584009011637	2.698417510932928e-10
0.1317779692905669	2.7061129162404337e-10
0.13313685913701961	2.713874331028266e-10
0.13450254343270476	2.721702483317667e-10
0.13587505614986833	2.729598111254382e-10
0.13725443143061763	2.737561963278836e-10
0.13864070358777073	2.7455947983005475e-10
0.14003390710570945	2.753697385875512e-10
0.14143407664123803	2.761870506386877e-10
0.1428412470244442	2.7701149512301944e-10
0.1442554532595664	2.7784315230010315e-10
0.14567673052586416	2.786821035687682e-10
0.1471051141784935	2.795284314866429e-10
0.14854063974938603	2.80382219790232e-10
0.149983342948133	2.812435534152167e-10
0.15143325966287374	2.821125185173351e-10
0.15289042596118813	2.829892024935837e-10
0.15435487809099402	2.838736940038809e-10
0.15582665248144906	2.8476608299319813e-10
0.1573057857438562	2.856664607140814e-10
0.15879231467257537	2.865749197497321e-10
0.16028627624593816	2.8749155403748044e-10
0.16178770762716785	2.884164588927618e-10
0.16329664616530362	2.8934973103364084e-10
0.16481312939613008	2.902914686057917e-10
0.1663371950431107	2.912417712080122e-10
0.16786888101832628	2.922007399183172e-10
0.1694082254234178	2.931684773205031e-10
0.1709552665505349	2.941450875313223e-10
0.17251004288328747	2.951306762282501e-10
0.17407259309770393	2.9612535067779847e-10
0.17564295606319252	2.971292197644539e-10
0.17722117084350858	2.9814239402020005e-10
0.17880727669772617	2.991649856547691e-10
0.18040131308121476	3.001971085864232e-10
0.18200331964662084	3.012388784734452e-10
0.18361333624485401	3.0229041274636667e-10
0.18523140292607826	3.0335183064081033e-10
0.18685755994070874	3.044232532310845e-10
0.1884918477404122	3.0550480346452e-10
0.19013430697911424	3.0659660619654693e-10
0.1917849785140098	3.076987882265448e-10
0.19344390340657974	3.088114783344657e-10
0.19511112292361268	3.09934807318308e-10
0.1967866785382308	3.11068908032374e-10
0.19847061193092203	3.122139154264223e-10
0.20016296499057665	3.133699665856426e-10
0.20186377981552947	3.145372007715825e-10
0.2035730987146071	3.157157594639494e-10
0.20529096420818022	3.169057864033917e-10
0.20701741902922113	3.181074276352114e-10
0.20875250612436722	3.1932083155408e-10
0.210496268654989	3.205461489497912e-10
0.21224874999826396	3.217835330540425e-10
0.21400999374825516	3.2303313958828476e-10
0.21578004371699644	3.242951268126902e-10
0.21755894393558148	3.255696555761843e-10
0.2193467386552594	3.2685688936778544e-10
0.22114347234853576	3.2815699436894384e-10
0.22294918971027836	3.294701395072435e-10
0.2247639356588297	3.3079649651130224e-10
0.2265877553371239	3.3213623996698666e-10
0.2284206941138094	3.3348954737489374e-10
0.23026279758437848	3.348565992092524e-10
0.23211411157230027	3.362375789781885e-10
0.23397468213016168	3.376326732854459e-10
0.23584455554081238	3.3904207189355075e-10
0.23772377831851643	3.404659677885188e-10
0.23961239721010893	3.419045572460494e-10
0.24151045919615952	3.433580398994566e-10
0.24341801149214037	3.448266188090689e-10
0.24533510154960114	3.4631050053344363e-10
0.24726177705734917	3.4780989520227984e-10
0.24919808594263598	3.493250165910709e-10
0.2511440763723492	3.508560821976612e-10
0.2530997967542111	3.5240331332062243e-10
0.25506529573798215	3.539669351396078e-10
0.2570406222166721	3.5554717679770134e-10
0.25902582532775553	3.571442714857786e-10
0.2610209544543945	3.5875845652901633e-10
0.2630260592266663	3.603899734755536e-10
0.2650411895227997	3.6203906818737613e-10
0.26706639547041383	3.637059909334944e-10
0.2691017274477658	3.65390996485528e-10
0.2711472360850044	3.670943442156773e-10
0.27320297226542956	3.688162981971718e-10
0.2752689871267568	3.705571273073828e-10
0.2773453320623904	3.7231710533348907e-10
0.27943205872270227	3.7409651108095703e-10
0.2815292190163157	3.7589562848475627e-10
0.28363686511139713	3.777147467235571e-10
0.2857550494369543	3.795541603367945e-10
0.287883824684139	3.814141693449253e-10
0.2900232438075598	3.832950793727532e-10
0.29217336002659744	3.8519720177605853e-10
0.2943342268267306	3.871208537716231e-10
0.2965058979608642	3.890663585705786e-10
0.2986884274506685	3.910340455155169e-10
0.3008818695879217	3.9302425022109283e-10
0.3030862789358613	3.9503731471855024e-10
0.3053017103305407	3.9707358760407655e-10
0.30752821888219345	3.991334241912044e-10
0.3097658599766045	4.0121718666741725e-10
0.31201468927648746	4.033252442549366e-10
0.3142747627228697	4.054579733760319e-10
0.31654613653648417	4.076157578228552e-10
0.31882886721916665	4.0979898893191634e-10
0.32112301155526257	4.120080657635208e-10
0.3234286266130387	4.1424339528614637e-10
0.325745769746104	4.1650539256599613e-10
0.3280744985948343	4.187944809618959e-10
0.33041487108780826	4.2111109232573953e-10
0.3327669454432473	4.234556672085345e-10
0.3351307801704635	4.2582865507240526e-10
0.3375064340713156	4.282305145086211e-10
0.33989396624167195	4.306617134619289e-10
0.3422934360728803	4.331227294613098e-10
0.3447049032532445	4.356140498574354e-10
0.34712842776951053	4.3813617206710755e-10
0.3495640699083581	4.406896038247385e-10
0.3520118902578999	4.4327486344127685e-10
0.35447194970918944	4.4589248007077206e-10
0.35694430945773536	4.4854299398480474e-10
0.35942903100502394	4.5122695685510316e-10
0.36192617616004885	4.539449320445983e-10
0.36443580704084905	4.5669749490716406e-10
0.3669579860760533	4.5948523309651204e-10
0.3694927760064337	4.6230874688430216e-10
0.3720402398864656	4.651686494879945e-10
0.37460044108589774	4.680655674087356e-10
0.37717344329132724	4.710001407795389e-10
0.37975931050778367	4.739730237242854e-10
0.38235810706032236	4.769848847277762e-10
0.3849698975956241	4.80036407017306e-10
0.38759474708360203	4.83128288956171e-10
0.39023272081902005	4.862612444495416e-10
0.39288388442311495	4.894360033631288e-10
0.3955483038452304	4.926533119550665e-10
0.39822604536445655	4.9591393332162e-10
0.40091717559127893	4.992186478571011e-10
0.4036217614692354	5.025682537285964e-10
0.4063398702765814	5.059635673659648e-10
0.40907156962796437	5.094054239678011e-10
0.4118169274761041	5.128946780238573e-10
0.41457601211348477	5.164322038545772e-10
0.41734889217405197	5.200188961684435e-10
0.42013563663492237	5.236556706376167e-10
0.4229363148180968	5.273434644929189e-10
0.4257509963921872	5.310832371385334e-10
0.4285797513741481	5.348759707873857e-10
0.431422650131019	5.387226711180035e-10
0.4342797633816742	5.426243679535631e-10
0.4371511621985827	5.465821159642017e-10
0.4400369180095757	5.505969953933347e-10
0.4429371025996235	5.546701128088384e-10
0.44585178811262155	5.588026018805059e-10
0.44878104705318456	5.629956241843701e-10
0.4517249522884503	5.672503700351387e-10
0.4546835770498925	5.715680593480063e-10
0.4576569949351417	5.759499425308245e-10
0.4606452799098173	5.803973014080279e-10
0.46364850630936627	5.849114501775081e-10
0.46666674884091325	5.894937364019117e-10
0.46970008258511775	5.941455420356639e-10
0.4727485829980431	5.988682844893119e-10
0.47581232591303324	6.036634177327153e-10
0.47889138754259847	6.085324334386709e-10
0.4819858444803113	6.134768621688208e-10
0.48509577370271284	6.184982746035076e-10
0.48822125257122634	6.235982828175283e-10
0.4913623588340824	6.287785416038054e-10
0.49451917062825274	6.340407498469771e-10
0.49769176648139396	6.393866519491044e-10
0.5008802253138008	6.448180393099096e-10
0.50408462644037	6.503367518636873e-10
0.5073050495725719	6.559446796756943e-10
0.5105415748204347	6.616437646006097e-10
0.513794282694537	6.6743600200559e-10
0.5170632541080095	6.733234425612835e-10
0.5203485703785496	6.793081941035947e-10
0.5236503132304423	6.853924235694427e-10
0.5269685647965943	6.915783590101703e-10
0.530303407620577	6.978682916859316e-10
0.5336549246586798	7.042645782449372e-10
0.5370231992819733	7.107696429916895e-10
0.5404083152783831	7.173859802481338e-10
0.5438103568547752	7.241161568124667e-10
0.5472294086390488	7.309628145199802e-10
0.5506655556822441	7.379286729111069e-10
0.5541188834606553	7.450165320117596e-10
0.5575894778779587	7.522292752314157e-10
0.5610774252673482	7.595698723848798e-10
0.5645828123936848	7.670413828437554e-10
0.5681057264556529	7.746469588239946e-10
0.5716462550879313	7.823898488168078e-10
0.575204486363371	7.902734011694336e-10
0.5787805087951877	7.98301067824261e-10
0.5823744113391636	8.064764082237395e-10
0.5859862833958592	8.148030933901254e-10
0.5896162148128385	8.232849101888353e-10
0.5932642958869029	8.319257657853408e-10
0.5969306173663373	8.407296923055353e-10
0.6006152704531689	8.497008517107549e-10
0.6043183468054348	8.588435408987046e-10
0.6080399385394619	8.681621970426532e-10
0.6117801382321592	8.776614031818562e-10
0.6155390389233196	8.873458940771156e-10
0.6193167341179363	8.972205623460316e-10
0.623113317788526	9.072904648937721e-10
0.6269288843774687	9.175608296558556e-10
0.6307635287993559	9.280370626708494e-10
0.6346173464433525	9.387247555018654e-10
0.6384904331755692	9.496296930270768e-10
0.642382885341447	9.607578616207848e-10
0.6462947997681542	9.721154577482132e-10
0.6502262737669948	9.837088969985799e-10
0.6541774051358298	9.955448235828326e-10
0.6581482921615086	1.0076301203244683e-9
0.6621390336223161	1.0199719191736286e-9
0.6661497287904276	1.0325776122768306e-9
0.6701804774343794	1.0454548636376246e-9
0.6742313798215511	1.0586116214055218e-9
0.678302536720659	1.072056130833592e-9
0.6823940494042624	1.0857969479483315e-9
0.6865060196512838	1.0998429539789614e-9
0.6906385497495403	1.1142033705968613e-9
0.694791742498288	1.1288877760199116e-9
0.6989657012107795	1.1439061220418276e-9
0.7031605297168335	1.159268752050553e-9
0.7073763323654175	1.174986420106714e-9
0.7116132140272448	1.1910703111580446e-9
0.7158712800973807	1.2075320624741602e-9
0.7201506364978674	1.2243837863925983e-9
0.7244513896803564	1.2416380944770409e-9
0.728773646628758	1.2593081231975843e-9
0.7331175148619017	1.2774075612551092e-9
0.7374831024362114	1.295950678684088e-9
0.7418705179483922	1.3149523578826295e-9
0.7462798705381343	1.3344281267361184e-9
0.750711269890825	1.354394194019047e-9
0.7551648262402791	1.3748674872824187e-9
0.7596406503714807	1.3958656934598003e-9
0.7641388536233382	1.41740730245458e-9
0.7686595478914547	1.4395116540066512e-9
0.773202845630912	1.4621989881768602e-9
0.7777688598590664	1.4854904998366843e-9
0.7823577041583616	1.5094083976070721e-9
0.7869694926791535	1.5339759677584304e-9
0.7916043401425493	1.559217643664486e-9
0.796262361843262	1.5851590814993089e-9
0.8009436736524783	1.6118272429822526e-9
0.8056483920207407	1.639250486116325e-9
0.8103766339808444	1.6674586650325013e-9
0.8151285171507487	1.6964832402583453e-9
0.8199041597365022	1.7263574009773305e-9
0.8247036805351848	1.757116201147632e-9
0.8295271989378608	1.788796711721091e-9
0.8343748349325502	1.8214381916556341e-9
0.8392467091072129	1.8550822809735055e-9
0.844142942652749	1.88977321980453e-9
0.8490636573660127	1.925558098202444e-9
0.8540089756528428	1.9624871425716276e-9
0.8589790205311072	2.000614045843407e-9
0.8639739156337627	2.039996350157244e-9
0.8689739156337625	2.0805325200903402e-9
0.8739739156337623	2.1222307433810127e-9
0.878973915633762	2.1651425108789063e-9
0.8839739156337618	2.209323391731147e-9
0.8889739156337617	2.254833588572175e-9
0.8939739156337615	2.3017385930556297e-9
0.8989739156337613	2.3501099619019873e-9
0.9039739156337611	2.400026237792564e-9
0.9089739156337608	2.451574044510718e-9
0.9139739156337606	2.5048493918700937e-9
0.9189739156337604	2.559959233405059e-9
0.9239739156337602	2.6170233288034207e-9
0.9289739156337601	2.6761764739645525e-9
0.9339739156337599	2.7375711747797707e-9
0.9389739156337596	2.801380856732059e-9
0.9439739156337594	2.867803721801821e-9
0.9489739156337592	2.937067387651069e-9
0.953973915633759	3.0094344725186792e-9
0.9589739156337588	3.0852093237365984e-9
0.9639739156337586	3.164746129555605e-9
0.9689739156337585	3.248458704583915e-9
0.9739739156337582	3.3368323004752002e-9
0.978973915633758	3.430437867806229e-9
0.9839739156337578	3.529949285117431e-9
0.9889739156337576	3.6361641801603378e-9
0.9939739156337574	3.750029100537119e-9
0.9989739156337571	3.8726699509890905e-9
1.003973915633757	4.005428808489564e-9
1.0089739156337567	4.1499084611413094e-9
1.0139739156337566	4.3080263012940196e-9
1.0189739156337563	4.482079547693973e-9
1.0239739156337562	4.674824188454768e-9
1.028973915633756	4.889570541390912e-9
1.0339739156337557	5.130298939160544e-9
1.0389739156337556	5.401799785863236e-9
1.0439739156337553	5.709843125949883e-9
1.0489739156337552	6.061383947721284e-9
1.0539739156337549	6.464810751051594e-9
1.0589739156337548	6.930246488891187e-9
1.0639739156337544	7.469912900529813e-9
1.0689739156337543	8.09857155870359e-9
1.0739739156337542	8.834057732784711e-9
1.0789739156337539	9.697926522659779e-9
1.0839739156337538	1.0716234757113088e-8
1.0889739156337535	1.1920487013021484e-8
1.0939739156337533	1.3348779959292017e-8
1.098973915633753	1.5047186253523127e-8
1.103973915633753	1.707142764511227e-8
1.1089739156337528	1.948889702972305e-8
1.1139739156337525	2.2381101263897756e-8
1.1189739156337524	2.5846610940135194e-8
1.123973915633752	3.000462044865239e-8
1.128973915633752	3.499924197299717e-8
1.1339739156337516	4.100468109706866e-8
1.1389739156337515	4.823147000489232e-8
1.1439739156337512	5.693396743462902e-8
1.148973915633751	6.741937322752106e-8
1.153973915633751	8.005855010048832e-8
1.1589739156337506	9.529899671543067e-8
1.1639739156337505	1.136803746288727e-7
1.1689739156337502	1.3585305745006364e-7
1.17397391563375	1.6260024329176245e-7
1.1789739156337498	1.9486425055565033e-7
1.1839739156337497	2.3377770059740232e-7
1.1889739156337495	2.8070037602963594e-7
1.1939739156337492	3.3726262592537707e-7
1.197980436725312	3.908459126919053e-7
1.2019869578168745	4.530424408923825e-7
1.2059934789084372	5.252088630146308e-7
1.21	6.089063507094184e-7
