0.0006999999999999628	3.057977114141799e-11
0.001403500000000035	3.0640694696229834e-11
0.0021105174999999296	3.070206703545172e-11
0.0028210700874998964	3.07638869605977e-11
0.003535175437937438	3.082615842259435e-11
0.004252851315127062	3.0888885485571846e-11
0.004974115571702636	3.0952072259923924e-11
0.005698986149561044	3.101572290199616e-11
0.006427481080308875	3.107984161469691e-11
0.007159618485710418	3.114443264812244e-11
0.007895416578138905	3.120950030019406e-11
0.008634893661029494	3.127504891730911e-11
0.00937806812933463	3.134108289499661e-11
0.010124958469981361	3.140760667858749e-11
0.010875583262331262	3.147462476389438e-11
0.01162996117864295	3.154214169789951e-11
0.012388110984536127	3.161016207945786e-11
0.013150051539458866	3.167869056000743e-11
0.013915801797156208	3.1747731844295945e-11
0.014685380806142003	3.181729069111484e-11
0.015458807710172712	3.188737191404457e-11
0.01623610174872358	3.195798038221489e-11
0.017017282257467212	3.202912102107973e-11
0.017802368668754516	3.2100798813193615e-11
0.01859138051209827	3.217301879901809e-11
0.019384337414658823	3.224578607772155e-11
0.020181259101732015	3.231910580800834e-11
0.020982165397240727	3.239298320895158e-11
0.02178707622422691	3.2467423560848e-11
0.02259601160534814	3.254243220607538e-11
0.02340899166337483	3.2618014549973645e-11
0.024226036621691812	3.2694176061738505e-11
0.02504716680480027	3.277092227532514e-11
0.025872402638824326	3.2848258790376424e-11
0.02670176465201842	3.2926191273151745e-11
0.02753527347527842	3.300472545749002e-11
0.028372949842654864	3.308386714576962e-11
0.0292148145918682	3.31636222098996e-11
0.03006088866482743	3.324399659231972e-11
0.03091119310815165	3.3324996307017063e-11
0.0317657490736924	3.3406627440563524e-11
0.03262457781906081	3.3488896153169216e-11
0.03348770070815601	3.357180867975205e-11
0.034355139211696875	3.365537133102528e-11
0.035226914907755424	3.373959049460902e-11
0.03610304948229413	3.382447263615216e-11
0.03698356472970569	3.391002430048138e-11
0.03786848255335419	3.3996252112763116e-11
0.038757824966120964	3.408316277969004e-11
0.03965161409095162	3.4170763090686665e-11
0.04054987216140643	3.425905991913501e-11
0.04145262152221345	3.434806022361958e-11
0.04235988462982453	3.4437771049200327e-11
0.04327168405297366	3.452819952870071e-11
0.0441880424732386	3.461935288401945e-11
0.04510898268560485	3.471123842747115e-11
0.046034527599032954	3.480386356313928e-11
0.04696470023702812	3.489723578826557e-11
0.04789952373821329	3.499136269465025e-11
0.048839021356904266	3.5086251970093556e-11
0.04978321646368884	3.518191139984268e-11
0.05073213254600732	3.527834886808113e-11
0.05168579320873729	3.537557235943864e-11
0.052644222174780875	3.547358996051997e-11
0.05360744328565471	3.557240986147768e-11
0.054575480502083065	3.5672040357596744e-11
0.05554835790459365	3.577248985091547e-11
0.05652609969411678	3.587376685187676e-11
0.05750873019258755	3.5975879981001414e-11
0.05849627384355038	3.6078837970603055e-11
0.05948875521276831	3.6182649666520556e-11
0.060486198988831924	3.628732402989437e-11
0.061488629983776036	3.63928701389653e-11
0.062496073133695054	3.6499297190912657e-11
0.06350855349936363	3.660661450372218e-11
0.06452609626686023	3.6714831518089744e-11
0.06554872674819473	3.6823957799357616e-11
0.0665764703819355	3.693400303949066e-11
0.06760935273384511	3.704497705908564e-11
0.06864739949751451	3.715688980941808e-11
0.06969063649500218	3.7269751374523544e-11
0.07073908967747725	3.738357197332727e-11
0.07179278512586448	3.749836196180365e-11
0.07285174905149387	3.7614131835178454e-11
0.07391600779675113	3.773089223017847e-11
0.07498558783573481	3.784865392730978e-11
0.07606051577491364	3.796742785319568e-11
0.07714081835378801	3.808722508294396e-11
0.0782265224455569	3.8208056842567334e-11
0.07931765505778446	3.832993451144748e-11
0.08041424333307354	3.8452869624843875e-11
0.08151631454973869	3.857687387645442e-11
0.08262389612248718	3.8701959121022016e-11
0.08373701560309972	3.882813737698616e-11
0.08485570068111534	3.8955420829201124e-11
0.08597997918452092	3.908382183168546e-11
0.08710987908044335	3.921335291044122e-11
0.08824542847584554	3.934402676631901e-11
0.08938665561822474	3.947585627794073e-11
0.0905335888963159	3.9608854504680066e-11
0.09168625684079766	3.974303468969876e-11
0.09284468812500156	3.9878410263043437e-11
0.09400891156562662	4.0014994844804865e-11
0.09517895612345495	4.015280224833642e-11
0.09635485090407213	4.029184648353485e-11
0.09753662515859228	4.043214176019011e-11
0.09872430828438533	4.0573702491398624e-11
0.09991792982580742	4.0716543297041253e-11
0.10111751947493633	4.086067900734023e-11
0.10232310707231096	4.100612466647511e-11
0.10353472260767245	4.115289553627584e-11
0.1047523962207106	4.130100709999716e-11
0.1059761582018141	4.145047506615352e-11
0.10720603899282295	4.1601315372443706e-11
0.10844206918778705	4.1753544189754866e-11
0.10968427953372589	4.190717792623457e-11
0.11093270093139453	4.206223323146319e-11
0.11218736443605157	4.221872700069702e-11
0.11344830125823162	4.2376676379207743e-11
0.11471554276452282	4.253609876670244e-11
0.11598912047834534	4.2697011821845245e-11
0.11726906608073716	4.285943346685832e-11
0.11855541141114084	4.3023381892229415e-11
0.11984818846819666	4.318887556151196e-11
0.12114742941053756	4.3355933216226574e-11
0.12245316655759021	4.352457388085728e-11
0.12376543239037813	4.369481686797049e-11
0.12508425955233007	4.386668178341496e-11
0.12640968085009188	4.40401885316566e-11
0.12774172925434224	4.4215357321207504e-11
0.12908043790061416	4.4392208670175415e-11
0.13042584009011704	4.457076341193924e-11
0.13177796929056776	4.475104270092767e-11
0.1331368591370207	4.493306801853639e-11
0.13450254343270562	4.511686117916434e-11
0.13587505614986897	4.530244433638062e-11
0.1372544314306183	4.548983998922436e-11
0.13864070358777136	4.5679070988637166e-11
0.14003390710571012	4.5870160544044044e-11
0.14143407664123844	4.6063132230062386e-11
0.14284124702444484	4.625800999336946e-11
0.14425545325956707	4.645481815971454e-11
0.1456767305258648	4.665358144108009e-11
0.14710511417849395	4.685432494301046e-11
0.14854063974938644	4.7057074172090733e-11
0.14998334294813345	4.7261855043598924e-11
0.1514332596628742	4.7468693889319655e-11
0.15289042596118857	4.7677617465540704e-11
0.15435487809099444	4.7888652961216164e-11
0.15582665248144925	4.810182800632342e-11
0.15730578574385642	4.831717068039631e-11
0.1587923146725756	4.8534709521257024e-11
0.1602862762459386	4.875447353394585e-11
0.1617877076271685	4.897649219984182e-11
0.16329664616530448	4.9200795486005034e-11
0.16481312939613094	4.942741385471956e-11
0.16633719504311156	4.9656378273257606e-11
0.16786888101832692	4.9887720223869095e-11
0.16940822542341866	5.012147171399648e-11
0.17095526655053575	5.035766528672941e-11
0.17251004288328856	5.0596334031492196e-11
0.1740725930977048	5.0837511594988326e-11
0.1756429560631934	5.108123219239574e-11
0.17722117084350925	5.1327530618815226e-11
0.17880727669772659	5.157644226099976e-11
0.18040131308121543	5.1828003109346305e-11
0.18200331964662148	5.2082249770179935e-11
0.18361333624485465	5.2339219478317815e-11
0.18523140292607912	5.259895010993513e-11
0.18685755994070938	5.286148019573823e-11
0.18849184774041308	5.3126848934448785e-11
0.19013430697911532	5.3395096206610185e-11
0.19178497851401088	5.366626258872244e-11
0.19344390340658082	5.394038936772165e-11
0.19511112292361377	5.4217518555806354e-11
0.1967866785382319	5.4497692905617825e-11
0.19847061193092289	5.478095592579896e-11
0.2001629649905775	5.5067351896918096e-11
0.20186377981553055	5.535692588779956e-11
0.20357309871460819	5.564972377223094e-11
0.2052909642081813	5.594579224610817e-11
0.207017419029222	5.624517884498092e-11
0.20875250612436788	5.65479319620385e-11
0.21049626865498966	5.6854100866552895e-11
0.21224874999826462	5.716373572276898e-11
0.21400999374825602	5.747688760926562e-11
0.2157800437169973	5.7793608538813034e-11
0.21755894393558234	5.8113951478721176e-11
0.21934673865526005	5.843797037170508e-11
0.2211434723485364	5.876572015727697e-11
0.22294918971027902	5.909725679368423e-11
0.22476393565883038	5.94326372804006e-11
0.22658775533712455	5.977191968120625e-11
0.22842069411381005	6.011516314783925e-11
0.23026279758437915	6.046242794428315e-11
0.23211411157230094	6.081377547165317e-11
0.23397468213016254	6.116926829375392e-11
0.23584455554081346	6.152897016328379e-11
0.23772377831851751	6.189294604873492e-11
0.23961239721011024	6.22612621619891e-11
0.24151045919616082	6.263398598665053e-11
0.24341801149214168	6.30111863071175e-11
0.24533510154960245	6.339293323842198e-11
0.24726177705735047	6.377929825687367e-11
0.2491980859426373	6.417035423151121e-11
0.25114407637235053	6.456617545640163e-11
0.2530997967542124	6.496683768379866e-11
0.2550652957379834	6.537241815820592e-11
0.2570406222166734	6.578299565135541e-11
0.25902582532775686	6.619865049813828e-11
0.26102095445439577	6.66194646335105e-11
0.2630260592266676	6.70455216304099e-11
0.26504118952280104	6.7476906738722e-11
0.26706639547041516	6.791370692530558e-11
0.26910172744776706	6.83560109151357e-11
0.27114723608500574	6.880390923358088e-11
0.2732029722654309	6.925749424986867e-11
0.2752689871267581	6.97168602217522e-11
0.2773453320623917	7.018210334144482e-11
0.2794320587227036	7.065332178283922e-11
0.281529219016317	7.113061575006007e-11
0.2836368651113984	7.161408752740802e-11
0.28575504943695557	7.210384153070886e-11
0.28788382468414025	7.259998436014426e-11
0.2900232438075611	7.310262485459814e-11
0.29217336002659877	7.361187414755978e-11
0.29433422682673194	7.412784572465234e-11
0.29650589796086546	7.46506554828293e-11
0.29868842745066976	7.518042179130183e-11
0.30088186958792296	7.571726555423778e-11
0.30308627893586265	7.626131027531703e-11
0.305301710330542	7.681268212417805e-11
0.3075282188821948	7.737151000483949e-11
0.30976585997660583	7.793792562615551e-11
0.31201468927648873	7.851206357437026e-11
0.31427476272287097	7.909406138785258e-11
0.3165461365364855	7.968405963407146e-11
0.318828867219168	8.028220198890413e-11
0.3211230115552639	8.088863531834423e-11
0.32342862661304006	8.150350976270413e-11
0.3257457697461053	8.21269788233763e-11
0.32807449859483556	8.275919945229012e-11
0.33041487108780954	8.340033214408712e-11
0.3327669454432486	8.405054103117976e-11
0.33513078017046477	8.47099939817489e-11
0.33750643407131686	8.53788627008073e-11
0.33989396624167323	8.605732283442646e-11
0.3422934360728816	8.674555407724805e-11
0.34470490325324576	8.744374028339125e-11
0.3471284277695118	8.815206958087485e-11
0.34956406990835936	8.887073448970181e-11
0.3520118902579012	8.959993204370224e-11
0.3544719497091907	9.033986391631902e-11
0.35694430945773664	9.109073655042695e-11
0.3594290310050252	9.185276129238338e-11
0.36192617616005013	9.262615453044395e-11
0.3644358070408504	9.341113783768266e-11
0.36695798607605457	9.420793811963601e-11
0.36949277600643504	9.50167877668056e-11
0.37204023988646695	9.583792481221542e-11
0.374600441085899	9.667159309421332e-11
0.3771734432913285	9.751804242472945e-11
0.379759310507785	9.837752876316739e-11
0.3823581070603237	9.925031439618134e-11
0.3849698975956254	1.0013666812353778e-10
0.3875947470836033	1.010368654502983e-10
0.39023272081902133	1.019511887856036e-10
0.3928838844231162	1.0287992764825745e-10
0.39554830384523165	1.0382337887942597e-10
0.3982260453644579	1.047818468627161e-10
0.4009171755912802	1.0575564375190668e-10
0.4036217614692367	1.0674508970668283e-10
0.4063398702765827	1.0775051313662468e-10
0.40907156962796565	1.0877225095385219e-10
0.41181692747610543	1.0981064883462796e-10
0.41457601211348605	1.1086606149029122e-10
0.4173488921740533	1.11938852947918e-10
0.4201356366349237	1.1302939684108143e-10
0.42293631481809807	1.141380767111506e-10
0.4257509963921885	1.1526528631954327e-10
0.42857975137414944	1.1641142997139351e-10
0.4314226501310203	1.1757692285113133e-10
0.43427976338167545	1.187621913704128e-10
0.43715116219858396	1.199676735290214e-10
0.440036918009577	1.2119381928917656e-10
0.44293710259962477	1.2244109096389787e-10
0.4458517881126228	1.2370996362001337e-10
0.4487810470531859	1.2500092549640323e-10
0.45172495228845155	1.2631447843819096e-10
0.45468357704989376	1.2765113834753662e-10
0.45765699493514306	1.2901143565175782e-10
0.46064527990981863	1.3039591578959157e-10
0.4636485063093676	1.3180513971629971e-10
0.4666667488409145	1.332396844285788e-10
0.4697000825851191	1.3470014351002279e-10
0.4727485829980444	1.3618712769818694e-10
0.4758123259130346	1.377012654741348e-10
0.47889138754259974	1.3924320367554633e-10
0.4819858444803126	1.4081360813443222e-10
0.4850957737027142	1.4241316434057998e-10
0.48822125257122767	1.4404257813195475e-10
0.49136235883408375	1.4570257641324787e-10
0.49451917062825407	1.4739390790396844e-10
0.49769176648139524	1.4911734391735123e-10
0.5008802253138022	1.5087367917166986e-10
0.5040846264403713	1.5266373263537105e-10
0.5073050495725733	1.5448834840773046e-10
0.510541574820436	1.5634839663669848e-10
0.5137942826945383	1.582447744757299e-10
0.5170632541080108	1.6017840708152483e-10
0.520348570378551	1.621502486546611e-10
0.5236503132304436	1.6416128352518517e-10
0.5269685647965956	1.6621252728552096e-10
0.5303034076205784	1.6830502797288162e-10
0.5336549246586811	1.704398673038151e-10
0.5370231992819746	1.7261816196341073e-10
0.5404083152783844	1.748410649520181e-10
0.5438103568547764	1.771097669923584e-10
0.5472294086390501	1.7942549800018986e-10
0.5506655556822453	1.8178952862175337e-10
0.5541188834606565	1.8420317184158133e-10
0.5575894778779599	1.866677846642139e-10
0.5610774252673494	1.8918476987389199e-10
0.564582812393686	1.9175557787623624e-10
0.5681057264556543	1.9438170862640264e-10
0.5716462550879327	1.9706471364830915e-10
0.5752044863633723	1.998061981499288e-10
0.578780508795189	2.0260782323986604e-10
0.5823744113391649	2.0547130825084143e-10
0.5859862833958606	2.0839843317593725e-10
0.5896162148128399	2.1139104122402626e-10
0.5932642958869042	2.1445104150097503e-10
0.5969306173663387	2.1758041182383588e-10
0.6006152704531702	2.207812016756229e-10
0.6043183468054361	2.2405553530871995e-10
0.6080399385394633	2.2740561500564217e-10
0.6117801382321605	2.3083372450628662e-10
0.615539038923321	2.3434223261153415e-10
0.6193167341179376	2.379335969737046e-10
0.6231133177885273	2.4161036808507394e-10
0.6269288843774701	2.4537519347641653e-10
0.6307635287993573	2.492308221384919e-10
0.6346173464433539	2.531801091800807e-10
0.6384904331755705	2.572260207374245e-10
0.6423828853414483	2.613716391507867e-10
0.6462947997681555	2.656201684250113e-10
0.6502262737669962	2.699749399924364e-10
0.6541774051358311	2.744394187975865e-10
0.6581482921615099	2.790172097246672e-10
0.6621390336223173	2.837120643907041e-10
0.6661497287904288	2.8852788832854824e-10
0.6701804774343807	2.934687485862458e-10
0.6742313798215525	2.9853888177129816e-10
0.6783025367206603	3.03742702570558e-10
0.6823940494042636	3.090848127792612e-10
0.6865060196512851	3.1457001087543815e-10
0.6906385497495416	3.202033021790122e-10
0.6947917424982893	3.259899096385997e-10
0.6989657012107808	3.31935285292706e-10
0.7031605297168348	3.3804512245623074e-10
0.7073763323654189	3.443253686884535e-10
0.7116132140272461	3.507822396034649e-10
0.715871280097382	3.574222335905824e-10
0.7201506364978687	3.6425214751893195e-10
0.7244513896803577	3.712790935080484e-10
0.7287736466287593	3.785105168554228e-10
0.733117514861903	3.859542152216444e-10
0.7374831024362126	3.9361835918561253e-10
0.7418705179483935	4.0151151429518667e-10
0.7462798705381356	4.096426647540968e-10
0.7507112698908263	4.180212389034566e-10
0.7551648262402804	4.2665713667675565e-10
0.759640650371482	4.355607592309754e-10
0.7641388536233394	4.447430409846853e-10
0.7686595478914561	4.542154843266253e-10
0.7732028456309133	4.639901972973254e-10
0.7777688598590677	4.740799345921724e-10
0.7823577041583629	4.844981422891442e-10
0.7869694926791548	4.952590067696769e-10
0.7916043401425507	5.063775083791612e-10
0.7962623618432633	5.178694804678396e-10
0.8009436736524796	5.297516745655627e-10
0.805648392020742	5.420418325812114e-10
0.8103766339808457	5.54758767083359e-10
0.81512851715075	5.679224509204581e-10
0.8199041597365035	5.815541176855221e-10
0.8247036805351862	5.956763748305741e-10
0.8295271989378621	6.103133316058317e-10
0.8343748349325514	6.25490744451444e-10
0.8392467091072142	6.412361830281324e-10
0.8441429426527504	6.575792207617529e-10
0.849063657366014	6.745516546295524e-10
0.8540089756528442	6.92187759970725e-10
0.8589790205311084	7.10524587415753e-10
0.863973915633764	7.296023106582895e-10
0.8689739156337638	7.493846080964706e-10
0.8739739156337636	7.698884882967781e-10
0.8789739156337634	7.911533394845206e-10
0.8839739156337632	8.132222295903972e-10
0.8889739156337629	8.361424499278502e-10
0.8939739156337627	8.599661598664173e-10
0.8989739156337626	8.847511529643109e-10
0.9039739156337624	9.105617692770116e-10
0.9089739156337622	9.374699837287528e-10
0.913973915633762	9.65556706696811e-10
0.9189739156337617	9.94913340547012e-10
0.9239739156337615	1.0256436450529058e-9
0.9289739156337613	1.0578659757745702e-9
0.9339739156337611	1.0917159729768723e-9
0.938973915633761	1.1273497950357603e-9
0.9439739156337608	1.164948010123752e-9
0.9489739156337605	1.2047202840189901e-9
0.9539739156337603	1.2469110310451957e-9
0.9589739156337601	1.2918062305076716e-9
0.9639739156337599	1.3397416538615075e-9
0.9689739156337597	1.3911127998347963e-9
0.9739739156337595	1.446386897767865e-9
0.9789739156337594	1.5061174158780004e-9
0.9839739156337591	1.5709616038689804e-9
0.9889739156337589	1.6417017117433609e-9
0.9939739156337587	1.7192706630431907e-9
0.9989739156337585	1.804783126139126e-9
1.0039739156337584	1.899573127796003e-9
1.008973915633758	2.0052395965630917e-9
1.013973915633758	2.1237015186758403e-9
1.0189739156337576	2.257264747151595e-9
1.0239739156337575	2.408702939012921e-9
1.0289739156337572	2.5813556223269825e-9
1.033973915633757	2.7792470337305433e-9
1.038973915633757	3.00723014222725e-9
1.0439739156337566	3.2711612153250123e-9
1.0489739156337565	3.5781114242231784e-9
1.0539739156337562	3.936623368475513e-9
1.058973915633756	4.3570220791580605e-9
1.0639739156337558	4.851792095915573e-9
1.0689739156337557	5.436034683611426e-9
1.0739739156337553	6.128022251164575e-9
1.0789739156337552	6.949870670755313e-9
1.0839739156337551	7.928354606068565e-9
1.0889739156337548	9.095896308760024e-9
1.0939739156337547	1.0491764833236023e-8
1.0989739156337544	1.2163530494139268e-8
1.1039739156337542	1.416882894342426e-8
1.108973915633754	1.6577500832130502e-8
1.1139739156337538	1.947418707959314e-8
1.1189739156337537	2.296147682583148e-8
1.1239739156337534	2.7163725829066792e-8
1.1289739156337533	3.2231688163259824e-8
1.133973915633753	3.83481345079951e-8
1.1389739156337528	4.573466724218362e-8
1.1439739156337525	5.4659987332096446e-8
1.1489739156337524	6.544992231394095e-8
1.153973915633752	7.849959053592971e-8
1.158973915633752	9.428815669735156e-8
1.1639739156337519	1.1339673057324745e-7
1.1689739156337515	1.3653007823997453e-7
1.1739739156337514	1.645429574733236e-7
1.178973915633751	1.9847206154378913e-7
1.183973915633751	2.395747647534567e-7
1.1889739156337507	2.8937611644184013e-7
1.1939739156337505	3.4972583712917526e-7
1.1989739156337504	4.2286744217811193e-7
1.2039739156337501	5.115220683527176e-7
1.20897391563375	6.189901232027072e-7
1.2139739156337497	7.492745358473175e-7
1.2189739156337496	9.072301839261228e-7
1.2239739156337492	1.0987450332780787e-6
1.2289739156337491	1.3309596877978098e-6
1.2339739156337488	1.612533446715724e-6
1.2389739156337487	1.9539666524155603e-6
1.2439739156337486	2.3679911393712014e-6
1.2489739156337483	2.8700430287964463e-6
1.2539739156337482	3.478835029437903e-6
1.2589739156337478	4.217048888813775e-6
1.2639739156337477	5.112172788346661e-6
1.2689739156337474	6.197513397475135e-6
1.2739739156337473	7.5134181106874e-6
1.2789739156337472	9.108749804433284e-6
1.2839739156337469	1.1042664378262537e-5
1.2889739156337467	1.3386750474911961e-5
1.2939739156337464	1.6227601151329344e-5
1.2989739156337463	1.96698988609738e-5
1.303973915633746	2.384010774018717e-5
1.3089739156337459	2.8890880496203752e-5
1.3139739156337455	3.500630049106878e-5
1.3189739156337454	4.240809177537002e-5
1.3239739156337453	5.1362939083869e-5
1.328973915633745	6.219106352805019e-5
1.333973915633745	7.527619412391962e-5
1.3389739156337446	9.107705513730624e-5
1.3439739156337445	0.00011014044753822952
1.3489739156337441	0.00013311593076508756
1.353973915633744	0.00016077199789442216
1.358973915633744	0.0001940134715342469
1.3639739156337436	0.00023389961825024834
1.3689739156337435	0.0002816621786612203
1.3739739156337432	0.00033872213952344836
1.378973915633743	0.00040670364937993276
1.3839739156337427	0.0004874430401643116
1.3879804367253072	0.000562711084240678
1.3919869578168715	0.0006486429478959842
1.395993478908436	0.0007464596020391764
1.4	0.0008574591297118567
