0.0006999999999999628	6.048501453539548e-9
0.001403500000000035	6.052148815536565e-9
0.0021105174999999296	6.055818054244592e-9
0.0028210700874998964	6.0595092460702685e-9
0.003535175437937438	6.06322254127614e-9
0.004252851315127062	6.066958092222789e-9
0.004974115571702636	6.0707160525516296e-9
0.005698986149561044	6.074496577188156e-9
0.006427481080308875	6.078299822356214e-9
0.007159618485710418	6.0821259455905275e-9
0.007895416578138905	6.085975105750576e-9
0.008634893661029494	6.089847463034455e-9
0.00937806812933463	6.093743178992294e-9
0.010124958469981361	6.097662416541154e-9
0.010875583262331262	6.10160533997815e-9
0.01162996117864295	6.10557211499622e-9
0.012388110984536127	6.109562908697341e-9
0.013150051539458866	6.113577889608133e-9
0.013915801797156208	6.1176172276950725e-9
0.014685380806142003	6.121681094378895e-9
0.015458807710172712	6.125769662550412e-9
0.01623610174872358	6.129883106586051e-9
0.017017282257467212	6.134021602363431e-9
0.017802368668754516	6.138185327277764e-9
0.01859138051209827	6.142374460257203e-9
0.019384337414658823	6.146589181780156e-9
0.020181259101732015	6.150829673891191e-9
0.020982165397240727	6.1550961202181235e-9
0.02178707622422691	6.1593887059889164e-9
0.02259601160534814	6.163707618049067e-9
0.02340899166337483	6.16805304487877e-9
0.024226036621691812	6.172425176611122e-9
0.02504716680480027	6.176824205049394e-9
0.025872402638824326	6.181250323685756e-9
0.02670176465201842	6.185703727719186e-9
0.02753527347527842	6.190184614074468e-9
0.028372949842654864	6.194693181420859e-9
0.0292148145918682	6.199229630191457e-9
0.03006088866482743	6.203794162602236e-9
0.03091119310815165	6.208386982671837e-9
0.0317657490736924	6.213008296241707e-9
0.03262457781906081	6.217658310995776e-9
0.03348770070815601	6.2223372364813726e-9
0.034355139211696875	6.227045284129604e-9
0.035226914907755424	6.231782667276494e-9
0.03610304948229413	6.236549601184031e-9
0.03698356472970569	6.241346303062377e-9
0.03786848255335419	6.246172992090633e-9
0.038757824966120964	6.251029889440009e-9
0.03965161409095162	6.255917218295569e-9
0.04054987216140643	6.260835203879404e-9
0.04145262152221345	6.265784073473518e-9
0.04235988462982453	6.270764056443143e-9
0.04327168405297366	6.2757753842604145e-9
0.0441880424732386	6.280818290528664e-9
0.04510898268560485	6.285893011006411e-9
0.046034527599032954	6.290999783632255e-9
0.04696470023702812	6.296138848549819e-9
0.04789952373821329	6.301310448133393e-9
0.048839021356904266	6.3065148270128814e-9
0.04978321646368884	6.311752232100936e-9
0.05073213254600732	6.317022912618532e-9
0.05168579320873729	6.322327120122428e-9
0.052644222174780875	6.327665108531742e-9
0.05360744328565471	6.333037134156176e-9
0.054575480502083065	6.338443455723404e-9
0.05554835790459365	6.3438843344077165e-9
0.05652609969411678	6.349360033858659e-9
0.05750873019258755	6.3548708202305645e-9
0.05849627384355038	6.36041696221162e-9
0.05948875521276831	6.365998731053982e-9
0.060486198988831924	6.371616400604669e-9
0.061488629983776036	6.377270247335713e-9
0.062496073133695054	6.382960550375972e-9
0.06350855349936363	6.388687591542873e-9
0.06452609626686023	6.394451655374478e-9
0.06554872674819473	6.400253029162128e-9
0.0665764703819355	6.40609200298348e-9
0.06760935273384511	6.411968869736876e-9
0.06864739949751451	6.417883925174546e-9
0.06969063649500218	6.423837467937814e-9
0.07073908967747725	6.4298297995920625e-9
0.07179278512586448	6.435861224662225e-9
0.07285174905149387	6.441932050669335e-9
0.07391600779675113	6.448042588167057e-9
0.07498558783573481	6.454193150778921e-9
0.07606051577491364	6.460384055235888e-9
0.07714081835378801	6.4666156214152734e-9
0.0782265224455569	6.472888172379392e-9
0.07931765505778446	6.4792020344148175e-9
0.08041424333307354	6.4855575370731396e-9
0.08151631454973869	6.4919550132107726e-9
0.08262389612248718	6.4983947990315235e-9
0.08373701560309972	6.504877234127361e-9
0.08485570068111534	6.511402661521537e-9
0.08597997918452092	6.517971427712092e-9
0.08710987908044335	6.5245838827151126e-9
0.08824542847584554	6.531240380109728e-9
0.08938665561822474	6.537941277083381e-9
0.0905335888963159	6.5446869344775765e-9
0.09168625684079766	6.5514777168346296e-9
0.09284468812500156	6.5583139924447224e-9
0.09400891156562662	6.565196133395e-9
0.09517895612345495	6.572124515616979e-9
0.09635485090407213	6.57909951893707e-9
0.09753662515859228	6.586121527126889e-9
0.09872430828438533	6.5931909279541365e-9
0.09991792982580742	6.60030811323494e-9
0.10111751947493633	6.607473478885967e-9
0.10232310707231096	6.614687424978833e-9
0.10353472260767245	6.621950355794147e-9
0.1047523962207106	6.629262679876604e-9
0.1059761582018141	6.636624810091583e-9
0.10720603899282295	6.6440371636820984e-9
0.10844206918778705	6.651500162326909e-9
0.10968427953372589	6.659014232199075e-9
0.11093270093139453	6.6665798040261555e-9
0.11218736443605157	6.674197313151112e-9
0.11344830125823162	6.681867199593616e-9
0.11471554276452282	6.689589908113562e-9
0.11598912047834534	6.6973658882742925e-9
0.11726906608073716	6.705195594508038e-9
0.11855541141114084	6.713079486181103e-9
0.11984818846819666	6.721018027661688e-9
0.12114742941053756	6.729011688387352e-9
0.12245316655759021	6.737060942934576e-9
0.12376543239037813	6.745166271089078e-9
0.12508425955233007	6.753328157917191e-9
0.12640968085009188	6.761547093838706e-9
0.12774172925434224	6.769823574700827e-9
0.12908043790061416	6.778158101853439e-9
0.13042584009011704	6.786551182225021e-9
0.13177796929056776	6.7950033284008865e-9
0.1331368591370207	6.803515058701698e-9
0.13450254343270562	6.812086897264526e-9
0.13587505614986897	6.820719374123593e-9
0.1372544314306183	6.8294130252942455e-9
0.13864070358777136	6.838168392856813e-9
0.14003390710571012	6.846986025042781e-9
0.14143407664123844	6.855866476322101e-9
0.14284124702444484	6.864810307492393e-9
0.14425545325956707	6.873818085768919e-9
0.1456767305258648	6.882890384876741e-9
0.14710511417849395	6.892027785144706e-9
0.14854063974938644	6.901230873599972e-9
0.14998334294813345	6.910500244065284e-9
0.1514332596628742	6.919836497257531e-9
0.15289042596118857	6.929240240887824e-9
0.15435487809099444	6.938712089764053e-9
0.15582665248144925	6.948252665893696e-9
0.15730578574385642	6.957862598590757e-9
0.1587923146725756	6.967542524582342e-9
0.1602862762459386	6.9772930881188005e-9
0.1617877076271685	6.987114941084602e-9
0.16329664616530448	6.997008743111981e-9
0.16481312939613094	7.006975161696725e-9
0.16633719504311156	7.01701487231502e-9
0.16786888101832692	7.027128558543398e-9
0.16940822542341866	7.03731691218107e-9
0.17095526655053575	7.04758063337307e-9
0.17251004288328856	7.057920430737112e-9
0.1740725930977048	7.068337021491946e-9
0.1756429560631934	7.078831131588601e-9
0.17722117084350925	7.089403495843328e-9
0.17880727669772659	7.100054858073868e-9
0.18040131308121543	7.11078597123749e-9
0.18200331964662148	7.121597597572002e-9
0.18361333624485465	7.132490508739229e-9
0.18523140292607912	7.1434654859715e-9
0.18685755994070938	7.154523320220118e-9
0.18849184774041308	7.165664812307651e-9
0.19013430697911532	7.1768907730822635e-9
0.19178497851401088	7.188202023575025e-9
0.19344390340658082	7.199599395161399e-9
0.19511112292361377	7.211083729723601e-9
0.1967866785382319	7.22265587981843e-9
0.19847061193092289	7.2343167088462745e-9
0.2001629649905775	7.246067091225288e-9
0.20186377981553055	7.25790791256706e-9
0.20357309871460819	7.26984006985713e-9
0.2052909642081813	7.281864471638225e-9
0.207017419029222	7.2939820381976695e-9
0.20875250612436788	7.306193701757239e-9
0.21049626865498966	7.318500406668782e-9
0.21224874999826462	7.3309031096118265e-9
0.21400999374825602	7.343402779795556e-9
0.2157800437169973	7.356000399165695e-9
0.21755894393558234	7.368696962614336e-9
0.21934673865526005	7.381493478194901e-9
0.2211434723485364	7.394390967340492e-9
0.22294918971027902	7.407390465087381e-9
0.22476393565883038	7.420493020302814e-9
0.22658775533712455	7.433699695917117e-9
0.22842069411381005	7.4470115691611186e-9
0.23026279758437915	7.460429731807761e-9
0.23211411157230094	7.473955290419212e-9
0.23397468213016254	7.487589366598313e-9
0.23584455554081346	7.501333097246406e-9
0.23772377831851751	7.515187634825088e-9
0.23961239721011024	7.529154147624732e-9
0.24151045919616082	7.543233820037562e-9
0.24341801149214168	7.557427852837135e-9
0.24533510154960245	7.571737463462675e-9
0.24726177705735047	7.58616388631136e-9
0.2491980859426373	7.600708373034442e-9
0.25114407637235053	7.615372192841387e-9
0.2530997967542124	7.63015663280953e-9
0.2550652957379834	7.645062998201078e-9
0.2570406222166734	7.660092612786063e-9
0.25902582532775686	7.67524681917298e-9
0.26102095445439577	7.690526979146334e-9
0.2630260592266676	7.705934474011451e-9
0.26504118952280104	7.721470704946646e-9
0.26706639547041516	7.737137093363579e-9
0.26910172744776706	7.752935081274993e-9
0.27114723608500574	7.768866131671102e-9
0.2732029722654309	7.784931728903412e-9
0.2752689871267581	7.801133379078337e-9
0.2773453320623917	7.817472610458026e-9
0.2794320587227036	7.833950973872248e-9
0.281529219016317	7.85057004313694e-9
0.2836368651113984	7.86733141548472e-9
0.28575504943695557	7.884236712003094e-9
0.28788382468414025	7.901287578083997e-9
0.2900232438075611	7.918485683883207e-9
0.29217336002659877	7.93583272478963e-9
0.29433422682673194	7.953330421906773e-9
0.29650589796086546	7.970980522543551e-9
0.29868842745066976	7.98878480071826e-9
0.30088186958792296	8.00674505767317e-9
0.30308627893586265	8.024863122400938e-9
0.305301710330542	8.04314085218492e-9
0.3075282188821948	8.061580133150067e-9
0.30976585997660583	8.080182880828657e-9
0.31201468927648873	8.098951040738628e-9
0.31427476272287097	8.11788658897601e-9
0.3165461365364855	8.13699153282097e-9
0.318828867219168	8.156267911359461e-9
0.3211230115552639	8.175717796118817e-9
0.32342862661304006	8.195343291719747e-9
0.3257457697461053	8.215146536543542e-9
0.32807449859483556	8.235129703415643e-9
0.33041487108780954	8.255295000306697e-9
0.3327669454432486	8.27564467104983e-9
0.33513078017046477	8.296180996077192e-9
0.33750643407131686	8.316906293173001e-9
0.33989396624167323	8.337822918246886e-9
0.3422934360728816	8.35893326612668e-9
0.34470490325324576	8.380239771369436e-9
0.3471284277695118	8.40174490909586e-9
0.34956406990835936	8.423451195843117e-9
0.3520118902579012	8.445361190441367e-9
0.3544719497091907	8.46747749491271e-9
0.35694430945773664	8.489802755391386e-9
0.3594290310050252	8.512339663071328e-9
0.36192617616005013	8.535090955174582e-9
0.3644358070408504	8.558059415947736e-9
0.36695798607605457	8.581247877684064e-9
0.36949277600643504	8.604659221770992e-9
0.37204023988646695	8.628296379768148e-9
0.374600441085899	8.65216233451162e-9
0.3771734432913285	8.676260121249366e-9
0.379759310507785	8.700592828806641e-9
0.3823581070603237	8.725163600782388e-9
0.3849698975956254	8.74997563678007e-9
0.3875947470836033	8.775032193669138e-9
0.39023272081902133	8.800336586883548e-9
0.3928838844231162	8.825892191755747e-9
0.39554830384523165	8.85170244488633e-9
0.3982260453644579	8.877770845552967e-9
0.4009171755912802	8.904100957158568e-9
0.4036217614692367	8.930696408719595e-9
0.4063398702765827	8.957560896397655e-9
0.40907156962796565	8.984698185073369e-9
0.41181692747610543	9.012112109965176e-9
0.41457601211348605	9.03980657829603e-9
0.4173488921740533	9.067785571006431e-9
0.4201356366349237	9.096053144517992e-9
0.42293631481809807	9.124613432548634e-9
0.4257509963921885	9.153470647980005e-9
0.42857975137414944	9.182629084780996e-9
0.4314226501310203	9.212093119987253e-9
0.43427976338167545	9.241867215739834e-9
0.43715116219858396	9.271955921385553e-9
0.440036918009577	9.302363875639312e-9
0.44293710259962477	9.333095808812841e-9
0.4458517881126228	9.364156545110145e-9
0.4487810470531859	9.39555100499482e-9
0.45172495228845155	9.427284207627469e-9
0.45468357704989376	9.459361273381293e-9
0.45765699493514306	9.491787426433701e-9
0.46064527990981863	9.524567997439872e-9
0.4636485063093676	9.557708426290306e-9
0.4666667488409145	9.59121426495516e-9
0.4697000825851191	9.625091180418783e-9
0.4727485829980444	9.659344957708856e-9
0.4758123259130346	9.693981503022136e-9
0.47889138754259974	9.729006846951585e-9
0.4819858444803126	9.76442714781793e-9
0.4850957737027142	9.800248695110734e-9
0.48822125257122767	9.836477913042285e-9
0.49136235883408375	9.873121364219885e-9
0.49451917062825407	9.910185753438649e-9
0.49769176648139524	9.947677931602972e-9
0.5008802253138022	9.985604899779734e-9
0.5040846264403713	1.0023973813388035e-8
0.5073050495725733	1.0062791986532583e-8
0.510541574820436	1.0102066896485917e-8
0.5137942826945383	1.0141806188324207e-8
0.5170632541080108	1.0182017679725843e-8
0.520348570378551	1.0222709365936492e-8
0.5236503132304436	1.0263889424908e-8
0.5269685647965956	1.0305566222622452e-8
0.5303034076205784	1.0347748318601987e-8
0.5336549246586811	1.039044447161895e-8
0.5370231992819746	1.0433663645610648e-8
0.5404083152783844	1.0477415015810044e-8
0.5438103568547764	1.0521707975099833e-8
0.5472294086390501	1.0566552140600725e-8
0.5506655556822453	1.0611957360504256e-8
0.5541188834606565	1.065793372115976e-8
0.5575894778779599	1.0704491554427782e-8
0.5610774252673494	1.0751641445312726e-8
0.564582812393686	1.0799394239884652e-8
0.5681057264556543	1.0847761053505388e-8
0.5716462550879327	1.0896753279373086e-8
0.5752044863633723	1.094638259739799e-8
0.578780508795189	1.0996660983426386e-8
0.5823744113391649	1.1047600718829143e-8
0.5859862833958606	1.109921440046999e-8
0.5896162148128399	1.1151514951073465e-8
0.5932642958869042	1.1204515630012172e-8
0.5969306173663387	1.1258230044529959e-8
0.6006152704531702	1.131267216142686e-8
0.6043183468054361	1.1367856319224063e-8
0.6080399385394633	1.1423797240837148e-8
0.6117801382321605	1.1480510046776195e-8
0.615539038923321	1.1538010268907509e-8
0.6193167341179376	1.159631386479813e-8
0.6231133177885273	1.165543723267627e-8
0.6269288843774701	1.1715397227038983e-8
0.6307635287993573	1.1776211174940178e-8
0.6346173464433539	1.1837896892993526e-8
0.6384904331755705	1.1900472705130638e-8
0.6423828853414483	1.1963957461151828e-8
0.6462947997681555	1.202837055611254e-8
0.6502262737669962	1.2093731950593253e-8
0.6541774051358311	1.2160062191897044e-8
0.6581482921615099	1.2227382436230546e-8
0.6621390336223173	1.229571447191803e-8
0.6661497287904288	1.2365080743711537e-8
0.6701804774343807	1.2435504378257279e-8
0.6742313798215525	1.25070092107853e-8
0.6783025367206603	1.2579619813092076e-8
0.6823940494042636	1.2653361522895003e-8
0.6865060196512851	1.2728260474638712e-8
0.6906385497495416	1.2804343631840262e-8
0.6947917424982893	1.2881638821068808e-8
0.6989657012107808	1.29601747676602e-8
0.7031605297168348	1.3039981133274209e-8
0.7073763323654189	1.3121088555412972e-8
0.7116132140272461	1.3203528689028246e-8
0.715871280097382	1.3287334250350576e-8
0.7201506364978687	1.337253906309374e-8
0.7244513896803577	1.3459178107190819e-8
0.7287736466287593	1.3547287570240212e-8
0.733117514861903	1.3636904901850121e-8
0.7374831024362126	1.3728068871090594e-8
0.7418705179483935	1.3820819627280847e-8
0.7462798705381356	1.3915198764362235e-8
0.7507112698908263	1.401124938913035e-8
0.7551648262402804	1.4109016193634987e-8
0.759640650371482	1.4208545532077277e-8
0.7641388536233394	1.430988550258462e-8
0.7686595478914561	1.4413086034277417e-8
0.7732028456309133	1.4518198980095148e-8
0.7777688598590677	1.4625278215907244e-8
0.7823577041583629	1.4734379746500359e-8
0.7869694926791548	1.4845561819116507e-8
0.7916043401425507	1.4958885045302467e-8
0.7962623618432633	1.5074412531950742e-8
0.8009436736524796	1.5192210022535264e-8
0.805648392020742	1.531234604970477e-8
0.8103766339808457	1.5434892100579337e-8
0.81512851715075	1.555992279632916e-8
0.8199041597365035	1.5687516087870208e-8
0.8247036805351862	1.581775346985027e-8
0.8295271989378621	1.5950720215492072e-8
0.8343748349325514	1.6086505635336767e-8
0.8392467091072142	1.622520336353317e-8
0.8441429426527504	1.6366911676027363e-8
0.849063657366014	1.6511733845908028e-8
0.8540089756528442	1.6659778542243742e-8
0.8589790205311084	1.6811160280112617e-8
0.863973915633764	1.6965999931182617e-8
0.8689739156337638	1.7123792557979733e-8
0.8739739156337636	1.728446887780665e-8
0.8789739156337634	1.744812142511568e-8
0.8839739156337632	1.7614848235214184e-8
0.8889739156337629	1.7784753466474422e-8
0.8939739156337627	1.795794812690182e-8
0.8989739156337626	1.8134550925751192e-8
0.9039739156337624	1.8314689274926916e-8
0.9089739156337622	1.849850047003332e-8
0.913973915633762	1.8686133087142374e-8
0.9189739156337617	1.887774863886245e-8
0.9239739156337615	1.9073523542395284e-8
0.9289739156337613	1.9273651463288925e-8
0.9339739156337611	1.9478346111948905e-8
0.938973915633761	1.968784458615407e-8
0.9439739156337608	1.9902411372431173e-8
0.9489739156337605	2.0122343142902578e-8
0.9539739156337603	2.0347974513028566e-8
0.9589739156337601	2.0579684960567197e-8
0.9639739156337599	2.0817907148408704e-8
0.9689739156337597	2.1063136945236113e-8
0.9739739156337595	2.1315945500169084e-8
0.9789739156337594	2.157699380297408e-8
0.9839739156337591	2.1847050252858965e-8
0.9889739156337589	2.2127011869778826e-8
0.9939739156337587	2.2417929916631712e-8
0.9989739156337585	2.2721040863816655e-8
1.0039739156337584	2.303780382537535e-8
1.008973915633758	2.336994583580199e-8
1.013973915633758	2.3719516627503426e-8
1.0189739156337576	2.408895492169758e-8
1.0239739156337575	2.4481168673480644e-8
1.0289739156337572	2.4899632230830977e-8
1.033973915633757	2.5348503996890848e-8
1.038973915633757	2.5832768948516828e-8
1.0439739156337566	2.6358411290385677e-8
1.0489739156337565	2.693262364755232e-8
1.0539739156337562	2.756406056230098e-8
1.058973915633756	2.8263145714459228e-8
1.0639739156337558	2.9042444289869417e-8
1.0689739156337557	2.991711435458404e-8
1.0739739156337553	3.090545404351915e-8
1.0789739156337552	3.2029564952330005e-8
1.0839739156337551	3.331615646410492e-8
1.0889739156337548	3.4797521010652426e-8
1.0939739156337547	3.651271665890582e-8
1.0989739156337544	3.8509001165418574e-8
1.1039739156337542	4.084357104623565e-8
1.108973915633754	4.358567061748724e-8
1.1139739156337538	4.681914980071702e-8
1.1189739156337537	5.0645566273934594e-8
1.1239739156337534	5.5187947912538085e-8
1.1289739156337533	6.059535616522201e-8
1.133973915633753	6.704842097203237e-8
1.1389739156337528	7.476605417509338e-8
1.1439739156337525	8.40135924548691e-8
1.1489739156337524	9.51126742929942e-8
1.153973915633752	1.0845322031286652e-7
1.158973915633752	1.2450796500168334e-7
1.1639739156337519	1.4385008320627313e-7
1.1689739156337515	1.6717457047582345e-7
1.1739739156337514	1.953241766078292e-7
1.178973915633751	2.2932086186141672e-7
1.183973915633751	2.704039515641526e-7
1.1889739156337507	3.200764149208035e-7
1.1939739156337505	3.801609970237289e-7
1.1989739156337504	4.528683006128278e-7
1.2039739156337501	5.408793596597937e-7
1.20897391563375	6.474457868465159e-7
1.2139739156337497	7.76511231426573e-7
1.2189739156337496	9.328586769454458e-7
1.2239739156337492	1.1222890690335223e-6
1.2289739156337491	1.351837927245376e-6
1.2339739156337488	1.6300380042535179e-6
1.2389739156337487	1.9672377619218218e-6
1.2439739156337486	2.3759874986112613e-6
1.2489739156337483	2.8715074596434672e-6
1.2539739156337482	3.4722552819607095e-6
1.2589739156337478	4.200613770713589e-6
1.2639739156337477	5.083724405993395e-6
1.2689739156337474	6.154497281772399e-6
1.2739739156337473	7.452834562857645e-6
1.2789739156337472	9.027112216344363e-6
1.2839739156337469	1.0935973973039125e-5
1.2889739156337467	1.325050248031693e-5
1.2939739156337464	1.6056845739149673e-5
1.2989739156337463	1.945939253215524e-5
1.303973915633746	2.3584609039525856e-5
1.3089739156337459	2.8585670624176364e-5
1.3139739156337455	3.4648048270944985e-5
1.3189739156337454	4.199623878499143e-5
1.3239739156337453	5.090186190823849e-5
1.328973915633745	6.1693386153259e-5
1.333973915633745	7.476778824696816e-5
1.3389739156337446	9.060449801954962e-5
1.3439739156337445	0.0001097820300399656
1.3489739156337441	0.0001329977528801371
1.353973915633744	0.00016109129261676885
1.358973915633744	0.00019507210289505572
1.3639739156337436	0.00023615175045086392
1.3689739156337435	0.0002857814493785055
1.3739739156337432	0.0003456953116849665
1.378973915633743	0.00041795964198209707
1.3839739156337427	0.0005050283603252446
1.3879804367253072	0.0005874157218741783
1.3919869578168715	0.00068289565546104
1.395993478908436	0.0007934283795350164
1.4	0.0009212366126799659
