0.0006999999999999628	1.223413425056948e-6
0.001403500000000035	1.2241079045902567e-6
0.0021105174999999296	1.2248065706621706e-6
0.0028210700874998964	1.2255094546494703e-6
0.003535175437937438	1.2262165860457485e-6
0.004252851315127062	1.2269279945743616e-6
0.004974115571702636	1.2276437102116132e-6
0.005698986149561044	1.2283637631896404e-6
0.006427481080308875	1.2290881839991864e-6
0.007159618485710418	1.2298170033922769e-6
0.007895416578138905	1.2305502523849596e-6
0.008634893661029494	1.231287962260215e-6
0.00937806812933463	1.232030164570678e-6
0.010124958469981361	1.23277689114158e-6
0.010875583262331262	1.233528174073639e-6
0.01162996117864295	1.2342840457460143e-6
0.012388110984536127	1.2350445388192638e-6
0.013150051539458866	1.2358096862384246e-6
0.013915801797156208	1.2365795212360065e-6
0.014685380806142003	1.2373540773352014e-6
0.015458807710172712	1.2381333883528498e-6
0.01623610174872358	1.2389174884028457e-6
0.017017282257467212	1.2397064118991933e-6
0.017802368668754516	1.2405001935593604e-6
0.01859138051209827	1.24129886840757e-6
0.019384337414658823	1.2421024717781811e-6
0.020181259101732015	1.242911039319004e-6
0.020982165397240727	1.2437246069948586e-6
0.02178707622422691	1.2445432110910334e-6
0.02259601160534814	1.245366888216713e-6
0.02340899166337483	1.2461956753087748e-6
0.024226036621691812	1.2470296096352339e-6
0.02504716680480027	1.2478687287989962e-6
0.025872402638824326	1.2487130707416241e-6
0.02670176465201842	1.249562673747061e-6
0.02753527347527842	1.250417576445485e-6
0.028372949842654864	1.2512778178171895e-6
0.0292148145918682	1.2521434371965635e-6
0.03006088866482743	1.2530144742760035e-6
0.03091119310815165	1.2538909691100117e-6
0.0317657490736924	1.2547729621192885e-6
0.03262457781906081	1.2556604940948837e-6
0.03348770070815601	1.2565536062024335e-6
0.034355139211696875	1.2574523399863612e-6
0.035226914907755424	1.2583567373743032e-6
0.03610304948229413	1.2592668406814028e-6
0.03698356472970569	1.2601826926148681e-6
0.03786848255335419	1.2611043362783752e-6
0.038757824966120964	1.2620318151767108e-6
0.03965161409095162	1.2629651732203948e-6
0.04054987216140643	1.263904454730411e-6
0.04145262152221345	1.264849704442876e-6
0.04235988462982453	1.2658009675140122e-6
0.04327168405297366	1.2667582895249615e-6
0.0441880424732386	1.2677217164868063e-6
0.04510898268560485	1.2686912948455394e-6
0.046034527599032954	1.2696670714873118e-6
0.04696470023702812	1.2706490937434752e-6
0.04789952373821329	1.2716374093959236e-6
0.048839021356904266	1.272632066682435e-6
0.04978321646368884	1.2736331143020787e-6
0.05073213254600732	1.2746406014206195e-6
0.05168579320873729	1.2756545776762404e-6
0.052644222174780875	1.2766750931850957e-6
0.05360744328565471	1.2777021985470077e-6
0.054575480502083065	1.2787359448514238e-6
0.055548357904593434	1.279776383683157e-6
0.056526099694116344	1.2808235671284633e-6
0.0575087301925869	1.2818775477810804e-6
0.05849627384354973	1.282938378748406e-6
0.05948875521276744	1.2840061136577354e-6
0.06048619898883127	1.285080806662622e-6
0.061488629983775384	1.2861625124493076e-6
0.06249607313369419	1.2872512862432228e-6
0.06350855349936275	1.2883471838156542e-6
0.06452609626685958	1.2894502614904355e-6
0.06554872674819387	1.290560576150874e-6
0.06657647038193484	1.2916781852465031e-6
0.06760935273384447	1.2928031468002927e-6
0.06864739949751365	1.2939355194156331e-6
0.0696906364950013	1.2950753622837356e-6
0.07073908967747639	1.2962227351908204e-6
0.07179278512586384	1.2973776985257399e-6
0.07285174905149322	1.2985403132874334e-6
0.0739160077967507	1.2997106410926713e-6
0.07498558783573436	1.3008887441839217e-6
0.07606051577491299	1.3020746854371113e-6
0.07714081835378758	1.3032685283699167e-6
0.07822652244555647	1.304470337149697e-6
0.07931765505778425	1.3056801766019807e-6
0.0804142433330731	1.3068981122187641e-6
0.08151631454973848	1.3081242101671498e-6
0.08262389612248718	1.3093585372979912e-6
0.0837370156030995	1.3106011611547708e-6
0.0848557006811149	1.311852149982515e-6
0.0859799791845205	1.313111572736861e-6
0.08710987908044313	1.3143794990934145e-6
0.08824542847584534	1.315655999457074e-6
0.08938665561822454	1.316941144971543e-6
0.09053358889631567	1.318235007529031e-6
0.09168625684079722	1.3195376597802272e-6
0.09284468812500112	1.3208491751440436e-6
0.09400891156562617	1.3221696278179904e-6
0.0951789561234543	1.3234990927884248e-6
0.09635485090407148	1.3248376458410305e-6
0.09753662515859184	1.326185363571415e-6
0.0987243082843847	1.3275423233960602e-6
0.09991792982580656	1.3289086035632552e-6
0.10111751947493569	1.3302842831642073e-6
0.10232310707231031	1.3316694421445119e-6
0.1035347226076718	1.3330641613156184e-6
0.10475239622071016	1.334468522366614e-6
0.10597615820181366	1.3358826078761066e-6
0.10720603899282274	1.3373065013243614e-6
0.10844206918778684	1.3387402871055817e-6
0.10968427953372567	1.340184050540507e-6
0.1109327009313943	1.3416378778890658e-6
0.11218736443605135	1.343101856363328e-6
0.11344830125823162	1.344576074140708e-6
0.11471554276452282	1.34606062037726e-6
0.11598912047834534	1.3475555852212945e-6
0.11726906608073695	1.3490610598272672e-6
0.11855541141114062	1.3505771363697698e-6
0.11984818846819621	1.3521039080578199e-6
0.12114742941053713	1.3536414691494317e-6
0.12245316655758978	1.355189914966337e-6
0.1237654323903777	1.3567493419091105e-6
0.12508425955232963	1.3583198474723525e-6
0.12640968085009122	1.3599015302603078e-6
0.1277417292543416	1.3614944900026628e-6
0.1290804379006133	1.3630988275706378e-6
0.13042584009011637	1.3647146449933086e-6
0.1317779692905669	1.3663420454743165e-6
0.13313685913701961	1.3679811334087655e-6
0.13450254343270476	1.3696320144004897e-6
0.13587505614986833	1.371294795279498e-6
0.13725443143061763	1.372969584119922e-6
0.13864070358777073	1.374656490258093e-6
0.14003390710570945	1.376355624311039e-6
0.14143407664123803	1.3780670981952926e-6
0.1428412470244442	1.3797910251459584e-6
0.1442554532595664	1.381527519736283e-6
0.14567673052586416	1.3832766978973296e-6
0.1471051141784935	1.3850386769383232e-6
0.14854063974938603	1.386813575567047e-6
0.149983342948133	1.3886015139107205e-6
0.15143325966287374	1.3904026135374298e-6
0.15289042596118813	1.3922169974775872e-6
0.15435487809099402	1.394044790246186e-6
0.15582665248144906	1.395886117865073e-6
0.1573057857438562	1.3977411078859426e-6
0.15879231467257537	1.3996098894135265e-6
0.16028627624593816	1.4014925931293396e-6
0.16178770762716785	1.4033893513158694e-6
0.16329664616530362	1.4053002978810564e-6
0.16481312939613008	1.4072255683834567e-6
0.1663371950431107	1.4091653000576854e-6
0.16786888101832628	1.4111196318403514e-6
0.1694082254234178	1.413088704396701e-6
0.1709552665505349	1.4150726601473883e-6
0.17251004288328747	1.4170716432960788e-6
0.17407259309770393	1.41908579985738e-6
0.17564295606319252	1.4211152776854376e-6
0.17722117084350858	1.4231602265028414e-6
0.17880727669772617	1.4252207979305253e-6
0.18040131308121476	1.4272971455175801e-6
0.18200331964662084	1.429389424772368e-6
0.18361333624485401	1.431497793193636e-6
0.18523140292607826	1.4336224103026227e-6
0.18685755994070874	1.4357634376755424e-6
0.1884918477404122	1.4379210389768678e-6
0.19013430697911424	1.440095379993099e-6
0.1917849785140098	1.4422866286673867e-6
0.19344390340657974	1.4444949551346712e-6
0.19511112292361268	1.4467205317575641e-6
0.1967866785382308	1.4489635331629875e-6
0.19847061193092203	1.451224136279477e-6
0.20016296499057665	1.4535025203752354e-6
0.20186377981552947	1.4557988670969545e-6
0.2035730987146071	1.458113360509447e-6
0.20529096420818022	1.4604461871360502e-6
0.20701741902922113	1.4627975359997685e-6
0.20875250612436722	1.46516759866538e-6
0.210496268654989	1.4675565692822606e-6
0.21224874999826396	1.4699646446283392e-6
0.21400999374825516	1.4723920241544702e-6
0.21578004371699644	1.4748389100302564e-6
0.21755894393558148	1.477305507190457e-6
0.2193467386552594	1.4797920233824762e-6
0.22114347234853576	1.4822986692148149e-6
0.22294918971027836	1.484825658206568e-6
0.2247639356588297	1.487373206837904e-6
0.2265877553371239	1.4899415346015736e-6
0.2284206941138094	1.4925308640556647e-6
0.23026279758437848	1.4951414208771918e-6
0.23211411157230027	1.4977734339171058e-6
0.23397468213016168	1.5004271352562683e-6
0.23584455554081238	1.5031027602627588e-6
0.23772377831851643	1.5058005476503242e-6
0.23961239721010893	1.508520739537996e-6
0.24151045919615952	1.5112635815112765e-6
0.24341801149214037	1.5140293226843337e-6
0.24533510154960114	1.5168182157637238e-6
0.24726177705734917	1.5196305171135002e-6
0.24919808594263598	1.522466486821645e-6
0.2511440763723492	1.5253263887679982e-6
0.2530997967542111	1.528210490693835e-6
0.25506529573798215	1.531119064272676e-6
0.2570406222166721	1.5340523851830106e-6
0.25902582532775553	1.5370107331823534e-6
0.2610209544543945	1.5399943921831366e-6
0.2630260592266663	1.543003650330228e-6
0.2650411895227997	1.5460388000802905e-6
0.26706639547041383	1.5491001382826708e-6
0.2691017274477658	1.5521879662625816e-6
0.2711472360850044	1.5553025899057386e-6
0.27320297226542956	1.558444319745196e-6
0.2752689871267568	1.5616134710500347e-6
0.2773453320623904	1.5648103639162337e-6
0.27943205872270227	1.5680353233595784e-6
0.2815292190163157	1.571288679410652e-6
0.28363686511139713	1.5745707672121804e-6
0.2857550494369543	1.577881927118659e-6
0.287883824684139	1.581222504798126e-6
0.2900232438075598	1.5845928513366455e-6
0.29217336002659744	1.5879933233449666e-6
0.2943342268267306	1.5914242830680634e-6
0.2965058979608642	1.5948860984968997e-6
0.2986884274506685	1.5983791434832285e-6
0.3008818695879217	1.601903797856979e-6
0.3030862789358613	1.60546044754655e-6
0.3053017103305407	1.609049484701982e-6
0.30752821888219345	1.6126713078212262e-6
0.3097658599766045	1.6163263218794237e-6
0.31201468927648746	1.6200149384614501e-6
0.3142747627228697	1.6237375758976369e-6
0.31654613653648417	1.6274946594030637e-6
0.31882886721916665	1.6312866212199838e-6
0.32112301155526257	1.635113900764323e-6
0.3234286266130387	1.6389769447753266e-6
0.325745769746104	1.6428762074694233e-6
0.3280744985948343	1.6468121506977354e-6
0.33041487108780826	1.6507852441076979e-6
0.3327669454432473	1.6547959653089297e-6
0.3351307801704635	1.658844800043111e-6
0.3375064340713156	1.662932242358543e-6
0.33989396624167195	1.667058794789035e-6
0.3422934360728803	1.6712249685375793e-6
0.3447049032532445	1.6754312836647489e-6
0.34712842776951053	1.679678269282152e-6
0.3495640699083581	1.6839664637509014e-6
0.3520118902578999	1.6882964148854795e-6
0.35447194970918944	1.6926686801628705e-6
0.35694430945773536	1.697083826937485e-6
0.35942903100502394	1.7015424326617999e-6
0.36192617616004885	1.7060450851128805e-6
0.36443580704084905	1.7105923826252019e-6
0.3669579860760533	1.715184934329716e-6
0.3694927760064337	1.719823360399612e-6
0.3720402398864656	1.7245082923027414e-6
0.37460044108589774	1.7292403730609683e-6
0.37717344329132724	1.7340202575169918e-6
0.37975931050778367	1.73884861260838e-6
0.38235810706032236	1.7437261176494942e-6
0.3849698975956241	1.748653464621149e-6
0.38759474708360203	1.753631358468804e-6
0.39023272081902005	1.7586605174089147e-6
0.39288388442311495	1.7637416732444027e-6
0.3955483038452304	1.7688755716889551e-6
0.39822604536445655	1.774062972700905e-6
0.40091717559127893	1.7793046508266095e-6
0.4036217614692354	1.7846013955541644e-6
0.4063398702765814	1.7899540116772437e-6
0.40907156962796437	1.795363319669875e-6
0.4118169274761041	1.800830156072287e-6
0.41457601211348477	1.8063553738882525e-6
0.41734889217405197	1.8119398429944076e-6
0.42013563663492237	1.8175844505619887e-6
0.4229363148180968	1.8232901014912333e-6
0.4257509963921872	1.829057718859129e-6
0.4285797513741481	1.8348882443808727e-6
0.431422650131019	1.8407826388856343e-6
0.4342797633816742	1.8467418828070216e-6
0.4371511621985827	1.852766976688776e-6
0.4400369180095757	1.858858941706557e-6
0.4429371025996235	1.8650188202059823e-6
0.44585178811262155	1.8712476762578738e-6
0.44878104705318456	1.8775465962311158e-6
0.4517249522884503	1.8839166893840765e-6
0.4546835770498925	1.8903590884750368e-6
0.4576569949351417	1.8968749503923969e-6
0.4606452799098173	1.9034654568056701e-6
0.46364850630936627	1.910131814837693e-6
0.46666674884091325	1.916875257759312e-6
0.46970008258511775	1.9236970457069236e-6
0.4727485829980431	1.930598466424388e-6
0.47581232591303324	1.937580836029811e-6
0.47889138754259847	1.944645499808257e-6
0.4819858444803113	1.951793833031899e-6
0.48509577370271284	1.959027241808006e-6
0.48822125257122634	1.9663471639567193e-6
0.4913623588340824	1.9737550699189876e-6
0.49451917062825274	1.981252463696911e-6
0.49769176648139396	1.9888408838270193e-6
0.5008802253138008	1.9965219043884325e-6
0.50408462644037	2.0042971360471118e-6
0.5073050495725719	2.0121682271379914e-6
0.5105415748204347	2.0201368647866258e-6
0.513794282694537	2.028204776071959e-6
0.5170632541080095	2.0363737292321404e-6
0.5203485703785496	2.0446455349156355e-6
0.5236503132304423	2.053022047479134e-6
0.5269685647965943	2.061505166335089e-6
0.530303407620577	2.0700968373506777e-6
0.5336549246586798	2.078799054300802e-6
0.5370231992819733	2.087613860378011e-6
0.5404083152783831	2.096543349761756e-6
0.5438103568547752	2.105589669249804e-6
0.5472294086390488	2.114755019955534e-6
0.5506655556822441	2.1240416590736893e-6
0.5541188834606553	2.1334519017185854e-6
0.5575894778779587	2.1429881228383203e-6
0.5610774252673482	2.152652759209235e-6
0.5645828123936848	2.162448311514392e-6
0.5681057264556529	2.172377346511336e-6
0.5716462550879313	2.18244249929345e-6
0.575204486363371	2.192646475650579e-6
0.5787805087951877	2.2029920545344834e-6
0.5823744113391636	2.2134820906348665e-6
0.5859862833958592	2.224119517073308e-6
0.5896162148128385	2.2349073482213415e-6
0.5932642958869029	2.2458486826511608e-6
0.5969306173663373	2.2569467062266213e-6
0.6006152704531689	2.2682046953441392e-6
0.6043183468054348	2.279626020332783e-6
0.6080399385394619	2.291214149024967e-6
0.6117801382321592	2.302972650508699e-6
0.6155390389233196	2.3149051990750445e-6
0.6193167341179363	2.3270155783738387e-6
0.623113317788526	2.339307685794093e-6
0.6269288843774687	2.351785537085337e-6
0.6307635287993559	2.3644532712387955e-6
0.6346173464433525	2.3773151556487786e-6
0.6384904331755692	2.3903755915776626e-6
0.642382885341447	2.403639119948389e-6
0.6462947997681542	2.417110427493734e-6
0.6502262737669948	2.430794353292373e-6
0.6541774051358298	2.44469589572597e-6
0.6581482921615086	2.458820219896599e-6
0.6621390336223161	2.4731726655458235e-6
0.6661497287904276	2.487758755523943e-6
0.6701804774343794	2.5025842048620575e-6
0.6742313798215511	2.517654930506886e-6
0.678302536720659	2.532977061784523e-6
0.6823940494042624	2.548556951668511e-6
0.6865060196512838	2.5644011889362717e-6
0.6906385497495403	2.5805166113082924e-6
0.694791742498288	2.5969103196772633e-6
0.6989657012107795	2.6135896935474955e-6
0.7031605297168335	2.6305624078211035e-6
0.7073763323654175	2.647836451085088e-6
0.7116132140272448	2.665420145573985e-6
0.7158712800973807	2.6833221690078576e-6
0.7201506364978674	2.7015515785300495e-6
0.7244513896803564	2.7201178370031635e-6
0.728773646628758	2.73903084195615e-6
0.7331175148619017	2.7583009575176416e-6
0.7374831024362114	2.7779390497187432e-6
0.7418705179483922	2.797956525603325e-6
0.7462798705381343	2.8183653766490493e-6
0.750711269890825	2.8391782270752912e-6
0.7551648262402791	2.8604083877001915e-6
0.7596406503714807	2.882069916108244e-6
0.7641388536233382	2.9041776840040776e-6
0.7686595478914547	2.9267474527606344e-6
0.773202845630912	2.949795958323746e-6
0.7777688598590664	2.9733410068124146e-6
0.7823577041583616	2.9974015823587124e-6
0.7869694926791535	3.0219979689709516e-6
0.7916043401425493	3.047151888477179e-6
0.796262361843262	3.0728866569242376e-6
0.8009436736524783	3.0992273621774943e-6
0.8056483920207407	3.126201065890105e-6
0.8103766339808444	3.153837033502532e-6
0.8151285171507487	3.182166996502859e-6
0.8199041597365022	3.211225451833244e-6
0.8247036805351848	3.2410500040851345e-6
0.8295271989378608	3.2716817570008057e-6
0.8343748349325502	3.303165761806295e-6
0.8392467091072129	3.3355515310629565e-6
0.844142942652749	3.368893628065534e-6
0.8490636573660127	3.4032523433588846e-6
0.8540089756528428	3.4386944717291765e-6
0.8589790205311072	3.475294205079463e-6
0.8639739156337627	3.5131341589760876e-6
0.8689739156337625	3.5521491348774257e-6
0.8739739156337623	3.5923843994889925e-6
0.878973915633762	3.6339326990980455e-6
0.8839739156337618	3.6768973085840215e-6
0.8889739156337617	3.721393344837543e-6
0.8939739156337615	3.767549243009081e-6
0.8989739156337613	3.815508415439448e-6
0.9039739156337611	3.86543111561337e-6
0.9089739156337608	3.917496532401326e-6
0.9139739156337606	3.971905143228058e-6
0.9189739156337604	4.0288813587166915e-6
0.9239739156337602	4.088676495874201e-6
0.9289739156337601	4.151572122121211e-6
0.9339739156337599	4.217883818514527e-6
0.9389739156337596	4.287965417502733e-6
0.9439739156337594	4.362213778612628e-6
0.9489739156337592	4.441074174748441e-6
0.953973915633759	4.52504637246459e-6
0.9589739156337588	4.614691501844563e-6
0.9639739156337586	4.7106398257111115e-6
0.9689739156337585	4.813599534070039e-6
0.9739739156337582	4.924366708262216e-6
0.978973915633758	5.04383662062466e-6
0.9839739156337578	5.173016559965038e-6
0.9889739156337576	5.3130404013320624e-6
0.9939739156337574	5.465185170987677e-6
0.9989739156337571	5.630889894838343e-6
1.003973915633757	5.8117770616370235e-6
1.0089739156337567	6.009677081937103e-6
1.0139739156337566	6.226656181113918e-6
1.0189739156337563	6.465048230984092e-6
1.0239739156337562	6.727491101042911e-6
1.028973915633756	7.016968198713738e-6
1.0339739156337557	7.33685597010354e-6
1.0389739156337556	7.690978250685089e-6
1.0439739156337553	8.083668491483215e-6
1.0489739156337552	8.519841043441192e-6
1.0539739156337549	9.005072863752857e-6
1.0589739156337548	9.545697216510115e-6
1.0639739156337544	1.0148911179840391e-5
1.0689739156337543	1.0822899047024855e-5
1.0739739156337542	1.1576974024433373e-5
1.0789739156337539	1.2421740989399788e-5
1.0839739156337538	1.3369283481430458e-5
1.0889739156337535	1.4433378565545997e-5
1.0939739156337533	1.5629743731989954e-5
1.098973915633753	1.6976320586276402e-5
1.103973915633753	1.8493600740799066e-5
1.1089739156337528	2.0205000045147663e-5
1.1139739156337525	2.2137288085240747e-5
1.1189739156337524	2.432108073521304e-5
1.123973915633752	2.6791404448447716e-5
1.128973915633752	2.9588341904240416e-5
1.1339739156337516	3.27577695517531e-5
1.1389739156337515	3.63521984651657e-5
1.1439739156337512	4.043173067532513e-5
1.148973915633751	4.506514368082479e-5
1.153973915633751	5.0331116041402896e-5
1.1589739156337506	5.631960665888916e-5
1.1639739156337505	6.313339935381607e-5
1.1689739156337502	7.088982240368768e-5
1.17397391563375	7.97226495328048e-5
1.1789739156337498	8.978418410943185e-5
1.1839739156337497	0.00010124752167264355
1.1889739156337495	0.00011430897705127608
1.1939739156337492	0.00012919065098837662
1.197980436725312	0.00014259680557936752
1.2019869578168745	0.00015747526551784238
1.2059934789084372	0.00017398294415904285
1.21	0.00019229141433415225
