0.0006999999999999628	2.789706455200234e-6
0.001403500000000035	2.7909322661759903e-6
0.0021105174999999296	2.792165311981087e-6
0.0028210700874998964	2.7934056384735034e-6
0.003535175437937438	2.7946532947615918e-6
0.004252851315127062	2.7959083303927333e-6
0.004974115571702636	2.797170795319109e-6
0.005698986149561044	2.7984407399010714e-6
0.006427481080308875	2.7997182149112e-6
0.007159618485710418	2.80100327153848e-6
0.007895416578138905	2.802295961392711e-6
0.008634893661029494	2.803596336508395e-6
0.00937806812933463	2.8049044493494184e-6
0.010124958469981361	2.806220352813346e-6
0.010875583262331262	2.8075441002355875e-6
0.01162996117864295	2.8088757453942662e-6
0.012388110984536127	2.8102153425144507e-6
0.013150051539458866	2.8115629462729144e-6
0.013915801797156208	2.8129186118028187e-6
0.014685380806142003	2.814282394698232e-6
0.015458807710172712	2.815654351019105e-6
0.01623610174872358	2.817034537295996e-6
0.017017282257467212	2.8184230105349337e-6
0.017802368668754516	2.8198198282224897e-6
0.01859138051209827	2.8212250483306287e-6
0.019384337414658823	2.8226387293219437e-6
0.020181259101732015	2.824060930154755e-6
0.020982165397240727	2.8254917102882276e-6
0.02178707622422691	2.8269311296877837e-6
0.02259601160534814	2.828379248830285e-6
0.02340899166337483	2.829836128709619e-6
0.024226036621691812	2.831301830842051e-6
0.02504716680480027	2.832776417271805e-6
0.025872402638824326	2.834259950576722e-6
0.02670176465201842	2.8357524938739783e-6
0.02753527347527842	2.837254110825736e-6
0.028372949842654864	2.838764865645078e-6
0.0292148145918682	2.840284823101865e-6
0.03006088866482743	2.8418140485289045e-6
0.03091119310815165	2.843352607827766e-6
0.0317657490736924	2.8449005674750844e-6
0.03262457781906081	2.846457994528872e-6
0.03348770070815601	2.8480249566346026e-6
0.034355139211696875	2.849601522031904e-6
0.035226914907755424	2.8511877595607312e-6
0.03610304948229413	2.8527837386682303e-6
0.03698356472970569	2.8543895294152496e-6
0.03786848255335419	2.856005202482994e-6
0.038757824966120964	2.857630829180059e-6
0.03965161409095162	2.859266481449357e-6
0.04054987216140643	2.860912231874839e-6
0.04145262152221345	2.8625681536890426e-6
0.04235988462982453	2.86423432077997e-6
0.04327168405297366	2.865910807698569e-6
0.0441880424732386	2.8675976896660553e-6
0.04510898268560485	2.8692950425815277e-6
0.046034527599032954	2.871002943029387e-6
0.04696470023702812	2.872721468287266e-6
0.04789952373821329	2.874450696333779e-6
0.048839021356904266	2.8761907058563873e-6
0.04978321646368884	2.8779415762595034e-6
0.05073213254600732	2.879703387672523e-6
0.05168579320873729	2.881476220958302e-6
0.052644222174780875	2.88326015772131e-6
0.05360744328565471	2.8850552803163165e-6
0.054575480502083065	2.886861671856796e-6
0.055548357904593434	2.8886794162237732e-6
0.056526099694116344	2.890508598074748e-6
0.0575087301925869	2.8923493028524e-6
0.05849627384354973	2.8942016167940346e-6
0.05948875521276744	2.896065626940598e-6
0.06048619898883127	2.8979414211460052e-6
0.061488629983775384	2.8998290880867813e-6
0.06249607313369419	2.901728717271551e-6
0.06350855349936275	2.90364039905094e-6
0.06452609626685958	2.905564224627301e-6
0.06554872674819387	2.907500286064873e-6
0.06657647038193484	2.9094486762999966e-6
0.06760935273384447	2.911409489151229e-6
0.06864739949751365	2.913382819330201e-6
0.0696906364950013	2.915368762451898e-6
0.07073908967747639	2.9173674150455054e-6
0.07179278512586384	2.919378874565606e-6
0.07285174905149322	2.9214032394028752e-6
0.0739160077967507	2.923440608895799e-6
0.07498558783573436	2.9254910833416488e-6
0.07606051577491299	2.9275547640084055e-6
0.07714081835378758	2.929631753146331e-6
0.07822652244555647	2.9317221539999944e-6
0.07931765505778425	2.9338260708204506e-6
0.0804142433330731	2.935943608877319e-6
0.08151631454973848	2.9380748744714094e-6
0.08262389612248718	2.9402199749474217e-6
0.0837370156030995	2.9423790187066354e-6
0.0848557006811149	2.9445521152201652e-6
0.0859799791845205	2.9467393750417823e-6
0.08710987908044313	2.948940909822123e-6
0.08824542847584534	2.951156832321286e-6
0.08938665561822454	2.9533872564235765e-6
0.09053358889631567	2.955632297151089e-6
0.09168625684079722	2.957892070678102e-6
0.09284468812500112	2.9601666943455117e-6
0.09400891156562617	2.962456286675625e-6
0.0951789561234543	2.9647609673868945e-6
0.09635485090407148	2.9670808574093344e-6
0.09753662515859184	2.969416078899692e-6
0.0987243082843847	2.9717667552572023e-6
0.09991792982580656	2.9741330111394115e-6
0.10111751947493569	2.9765149724781792e-6
0.10232310707231031	2.9789127664963138e-6
0.1035347226076718	2.981326521723977e-6
0.10475239622071016	2.9837563680154717e-6
0.10597615820181366	2.986202436566737e-6
0.10720603899282274	2.988664859932357e-6
0.10844206918778684	2.991143772043597e-6
0.10968427953372567	2.9936393082260882e-6
0.1109327009313943	2.9961516052182197e-6
0.11218736443605135	2.998680801189686e-6
0.11344830125823162	3.0012270357603142e-6
0.11471554276452282	3.003790450019099e-6
0.11598912047834534	3.006371186543742e-6
0.11726906608073695	3.0089693894204673e-6
0.11855541141114062	3.011585204263942e-6
0.11984818846819621	3.0142187782376495e-6
0.12114742941053713	3.016870260074943e-6
0.12245316655758978	3.0195398000996704e-6
0.1237654323903777	3.022227550247898e-6
0.12508425955232963	3.0249336640894765e-6
0.12640968085009122	3.0276582968503048e-6
0.1277417292543416	3.0304016054346618e-6
0.1290804379006133	3.0331637484482073e-6
0.13042584009011637	3.0359448862209985e-6
0.1317779692905669	3.038745180831398e-6
0.13313685913701961	3.041564796129728e-6
0.13450254343270476	3.044403897762861e-6
0.13587505614986833	3.0472626531991103e-6
0.13725443143061763	3.0501412317533096e-6
0.13864070358777073	3.0530398046124283e-6
0.14003390710570945	3.0559585448617345e-6
0.14143407664123803	3.0588976275114254e-6
0.1428412470244442	3.0618572295233067e-6
0.1442554532595664	3.0648375298385185e-6
0.14567673052586416	3.0678387094052708e-6
0.1471051141784935	3.0708609512072364e-6
0.14854063974938603	3.0739044402924368e-6
0.149983342948133	3.0769693638025733e-6
0.15143325966287374	3.0800559110029487e-6
0.15289042596118813	3.083164273312769e-6
0.15435487809099402	3.0862946443362166e-6
0.15582665248144906	3.089447219893551e-6
0.1573057857438562	3.0926221980535e-6
0.15879231467257537	3.0958197791656906e-6
0.16028627624593816	3.099040165893662e-6
0.16178770762716785	3.1022835632485874e-6
0.16329664616530362	3.105550178623764e-6
0.16481312939613008	3.108840221829445e-6
0.1663371950431107	3.112153905128263e-6
0.16786888101832628	3.1154914432716473e-6
0.1694082254234178	3.1188530535363694e-6
0.1709552665505349	3.122238955762252e-6
0.17251004288328747	3.1256493723902244e-6
0.17407259309770393	3.129084528501141e-6
0.17564295606319252	3.132544651855599e-6
0.17722117084350858	3.1360299729337255e-6
0.17880727669772617	3.1395407249766867e-6
0.18040131308121476	3.1430771440281652e-6
0.18200331964662084	3.146639468976931e-6
0.18361333624485401	3.150227941600289e-6
0.18523140292607826	3.1538428066079196e-6
0.18685755994070874	3.1574843116872256e-6
0.1884918477404122	3.1611527075486414e-6
0.19013430697911424	3.164848247972607e-6
0.1917849785140098	3.1685711898568518e-6
0.19344390340657974	3.1723217932649395e-6
0.19511112292361268	3.1761003214754643e-6
0.1967866785382308	3.1799070410323006e-6
0.19847061193092203	3.1837422217959127e-6
0.20016296499057665	3.187606136995293e-6
0.20186377981552947	3.1914990632813347e-6
0.2035730987146071	3.1954212807808937e-6
0.20529096420818022	3.199373073152143e-6
0.20701741902922113	3.2033547276406456e-6
0.20875250612436722	3.2073665351369168e-6
0.210496268654989	3.211408790234851e-6
0.21224874999826396	3.215481791291439e-6
0.21400999374825516	3.2195858404874373e-6
0.21578004371699644	3.223721243889541e-6
0.21755894393558148	3.227888311513314e-6
0.2193467386552594	3.2320873573880518e-6
0.22114347234853576	3.236318699622277e-6
0.22294918971027836	3.2405826604708e-6
0.2247639356588297	3.2448795664033328e-6
0.2265877553371239	3.2492097481738984e-6
0.2284206941138094	3.2535735408924943e-6
0.23026279758437848	3.2579712840972775e-6
0.23211411157230027	3.2624033218288988e-6
0.23397468213016168	3.266870002706019e-6
0.23584455554081238	3.2713716800024944e-6
0.23772377831851643	3.275908711726047e-6
0.23961239721010893	3.280481460698752e-6
0.24151045919615952	3.2850902946388626e-6
0.24341801149214037	3.2897355862446207e-6
0.24533510154960114	3.294417713279718e-6
0.24726177705734917	3.299137058660538e-6
0.24919808594263598	3.3038940105450927e-6
0.2511440763723492	3.308688962424129e-6
0.2530997967542111	3.3135223132139314e-6
0.25506529573798215	3.3183944673510962e-6
0.2570406222166721	3.32330583488946e-6
0.25902582532775553	3.328256831598985e-6
0.2610209544543945	3.3332478790667532e-6
0.2630260592266663	3.3382794048003577e-6
0.2650411895227997	3.343351842333019e-6
0.26706639547041383	3.3484656313316872e-6
0.2691017274477658	3.353621217706866e-6
0.2711472360850044	3.3588190537253214e-6
0.27320297226542956	3.3640595981248364e-6
0.2752689871267568	3.3693433162316856e-6
0.2773453320623904	3.374670680081107e-6
0.27943205872270227	3.380042168539605e-6
0.2815292190163157	3.3854582674307107e-6
0.28363686511139713	3.390919469663216e-6
0.2857550494369543	3.3964262753625038e-6
0.287883824684139	3.401979192004505e-6
0.2900232438075598	3.407578734553127e-6
0.29217336002659744	3.413225425600454e-6
0.2943342268267306	3.4189197955103275e-6
0.2965058979608642	3.4246623825652295e-6
0.2986884274506685	3.430453733116408e-6
0.3008818695879217	3.436294401737712e-6
0.3030862789358613	3.4421849513828775e-6
0.3053017103305407	3.448125953546306e-6
0.30752821888219345	3.454117988427996e-6
0.3097658599766045	3.4601616451020895e-6
0.31201468927648746	3.4662575216894502e-6
0.3142747627228697	3.4724062255343054e-6
0.31654613653648417	3.4786083733854345e-6
0.31882886721916665	3.484864591580916e-6
0.32112301155526257	3.491175516238514e-6
0.3234286266130387	3.497541793449327e-6
0.325745769746104	3.503964079477215e-6
0.3280744985948343	3.5104430409626484e-6
0.33041487108780826	3.5169793551313656e-6
0.3327669454432473	3.5235737100084853e-6
0.3351307801704635	3.530226804637989e-6
0.3375064340713156	3.5369393493070303e-6
0.33989396624167195	3.543712065776873e-6
0.3422934360728803	3.5505456875185497e-6
0.3447049032532445	3.5574409599549353e-6
0.34712842776951053	3.56439864070939e-6
0.3495640699083581	3.5714194998598137e-6
0.3520118902578999	3.5785043201998076e-6
0.35447194970918944	3.585653897506214e-6
0.35694430945773536	3.5928690408140083e-6
0.35942903100502394	3.600150572697708e-6
0.36192617616004885	3.6074993295604794e-6
0.36443580704084905	3.614916161930723e-6
0.3669579860760533	3.62240193476637e-6
0.3694927760064337	3.6299575277673332e-6
0.3720402398864656	3.6375838356960587e-6
0.37460044108589774	3.645281768706894e-6
0.37717344329132724	3.6530522526838294e-6
0.37975931050778367	3.6608962295878868e-6
0.38235810706032236	3.668814657813237e-6
0.3849698975956241	3.6768085125536903e-6
0.38759474708360203	3.6848787861785024e-6
0.39023272081902005	3.693026488618991e-6
0.39288388442311495	3.701252647765608e-6
0.3955483038452304	3.709558309875842e-6
0.39822604536445655	3.7179445399937004e-6
0.40091717559127893	3.7264124223809835e-6
0.4036217614692354	3.7349630609602097e-6
0.4063398702765814	3.7435975797705635e-6
0.40907156962796437	3.752317123436613e-6
0.4118169274761041	3.7611228576499543e-6
0.41457601211348477	3.7700159696655237e-6
0.41734889217405197	3.7789976688112883e-6
0.42013563663492237	3.7880691870133877e-6
0.4229363148180968	3.7972317793360426e-6
0.4257509963921872	3.806486724537542e-6
0.4285797513741481	3.815835325642403e-6
0.431422650131019	3.8252789105307665e-6
0.4342797633816742	3.8348188325445675e-6
0.4371511621985827	3.8444564711125185e-6
0.4400369180095757	3.854193232393681e-6
0.4429371025996235	3.8640305499399935e-6
0.44585178811262155	3.873969885379516e-6
0.44878104705318456	3.8840127291199216e-6
0.4517249522884503	3.894160601074232e-6
0.4546835770498925	3.904415051408082e-6
0.4576569949351417	3.914777661310853e-6
0.4606452799098173	3.925250043790493e-6
0.46364850630936627	3.9358338444934425e-6
0.46666674884091325	3.946530742550043e-6
0.46970008258511775	3.957342451447305e-6
0.4727485829980431	3.9682707199292e-6
0.47581232591303324	3.979317332925722e-6
0.47889138754259847	3.9904841125123644e-6
0.4819858444803113	4.001772918900444e-6
0.48509577370271284	4.0131856514600106e-6
0.48822125257122634	4.024724249776351e-6
0.4913623588340824	4.036390694741518e-6
0.49451917062825274	4.0481870096824445e-6
0.49769176648139396	4.060115261526761e-6
0.5008802253138008	4.072177562008015e-6
0.50408462644037	4.08437606891226e-6
0.5073050495725719	4.096712987367216e-6
0.5105415748204347	4.109190571175975e-6
0.513794282694537	4.121811124197241e-6
0.5170632541080095	4.134577001774231e-6
0.5203485703785496	4.147490612213551e-6
0.5236503132304423	4.1605544183174434e-6
0.5269685647965943	4.173770938970803e-6
0.530303407620577	4.1871427507856895e-6
0.5336549246586798	4.200672489806136e-6
0.5370231992819733	4.214362853275383e-6
0.5404083152783831	4.2282166014695646e-6
0.5438103568547752	4.242236559599354e-6
0.5472294086390488	4.256425619784232e-6
0.5506655556822441	4.270786743101827e-6
0.5541188834606553	4.285322961716651e-6
0.5575894778779587	4.3000373810914206e-6
0.5610774252673482	4.314933182285621e-6
0.5645828123936848	4.330013624345337e-6
0.5681057264556529	4.345282046789458e-6
0.5716462550879313	4.360741872196206e-6
0.575204486363371	4.376396608896549e-6
0.5787805087951877	4.39224985377918e-6
0.5823744113391636	4.408305295213772e-6
0.5859862833958592	4.424566716098437e-6
0.5896162148128385	4.441037997038597e-6
0.5932642958869029	4.457723119665347e-6
0.5969306173663373	4.474626170099916e-6
0.6006152704531689	4.491751342574849e-6
0.6043183468054348	4.5091029432198965e-6
0.6080399385394619	4.526685394022975e-6
0.6117801382321592	4.544503236978475e-6
0.6155390389233196	4.562561138432934e-6
0.6193167341179363	4.580863893643489e-6
0.623113317788526	4.599416431560608e-6
0.6269288843774687	4.618223819853683e-6
0.6307635287993559	4.637291270193784e-6
0.6346173464433525	4.656624143813856e-6
0.6384904331755692	4.676227957366208e-6
0.642382885341447	4.696108389099274e-6
0.6462947997681542	4.716271285379363e-6
0.6502262737669948	4.736722667583566e-6
0.6541774051358298	4.757468739394546e-6
0.6581482921615086	4.7785158945294485e-6
0.6621390336223161	4.799870724941379e-6
0.6661497287904276	4.821540029532453e-6
0.6701804774343794	4.843530823425444e-6
0.6742313798215511	4.865850347843955e-6
0.678302536720659	4.8885060806573025e-6
0.6823940494042624	4.911505747654866e-6
0.6865060196512838	4.934857334619251e-6
0.6906385497495403	4.95856910027939e-6
0.694791742498288	4.982649590232218e-6
0.6989657012107795	5.007107651934999e-6
0.7031605297168335	5.031952450881704e-6
0.7073763323654175	5.057193488093245e-6
0.7116132140272448	5.082840619067858e-6
0.7158712800973807	5.108904074357638e-6
0.7201506364978674	5.135394481960688e-6
0.7244513896803564	5.162322891743753e-6
0.728773646628758	5.189700802140994e-6
0.7331175148619017	5.217540189410256e-6
0.7374831024362114	5.245853539766687e-6
0.7418705179483922	5.274653884761999e-6
0.7462798705381343	5.3039548403322496e-6
0.750711269890825	5.333770649997308e-6
0.7551648262402791	5.364116232771003e-6
0.7596406503714807	5.395007236423112e-6
0.7641388536233382	5.426460096833065e-6
0.7686595478914547	5.458492104289409e-6
0.773202845630912	5.491121477719376e-6
0.7777688598590664	5.524367447988786e-6
0.7823577041583616	5.5582503515865235e-6
0.7869694926791535	5.592791736218018e-6
0.7916043401425493	5.628014480068849e-6
0.796262361843262	5.663942926779736e-6
0.8009436736524783	5.700603038493335e-6
0.8056483920207407	5.738022569711386e-6
0.8103766339808444	5.776231265128365e-6
0.8151285171507487	5.815261085113867e-6
0.8199041597365022	5.855146463091915e-6
0.8247036805351848	5.895924599738351e-6
0.8295271989378608	5.9376357996907686e-6
0.8343748349325502	5.980323857361299e-6
0.8392467091072129	6.024036499471979e-6
0.844142942652749	6.068825893128463e-6
0.8490636573660127	6.114749229612993e-6
0.8540089756528428	6.161869395669829e-6
0.8589790205311072	6.210255745875425e-6
0.8639739156337627	6.25998499179906e-6
0.8689739156337625	6.310937309628436e-6
0.8739739156337623	6.363136652689322e-6
0.878973915633762	6.416665306690015e-6
0.8839739156337618	6.471614659850989e-6
0.8889739156337617	6.528086350662641e-6
0.8939739156337615	6.586193559740278e-6
0.8989739156337613	6.646062463489068e-6
0.9039739156337611	6.707833869481966e-6
0.9089739156337608	6.771665056094904e-6
0.9139739156337606	6.837731842003095e-6
0.9189739156337604	6.906230914709508e-6
0.9239739156337602	6.9773824514315365e-6
0.9289739156337601	7.051433070506703e-6
0.9339739156337599	7.128659157105764e-6
0.9389739156337596	7.209370613575721e-6
0.9439739156337594	7.293915092315379e-6
0.9489739156337592	7.382682777855526e-6
0.953973915633759	7.476111794956282e-6
0.9589739156337588	7.574694331236317e-6
0.9639739156337586	7.678983576344796e-6
0.9689739156337585	7.78960159524619e-6
0.9739739156337582	7.907248271123424e-6
0.978973915633758	8.032711474086831e-6
0.9839739156337578	8.166878635743314e-6
0.9889739156337576	8.310749937241725e-6
0.9939739156337574	8.465453350275214e-6
0.9989739156337571	8.632261807392734e-6
1.003973915633757	8.812612820677804e-6
1.0089739156337567	9.008130917364127e-6
1.0139739156337566	9.220653318391304e-6
1.0189739156337563	9.452259352568361e-6
1.0239739156337562	9.70530417642655e-6
1.028973915633756	9.9824574597457e-6
1.0339739156337557	1.0286747801158252e-5
1.0389739156337556	1.0621613759493965e-5
1.0439739156337553	1.099096252728626e-5
1.0489739156337552	1.1399237436179996e-5
1.0539739156337549	1.1851495673307167e-5
1.0589739156337548	1.2353497806975397e-5
1.0639739156337544	1.2911810973633852e-5
1.0689739156337543	1.3533927870954374e-5
1.0739739156337542	1.4228404039397559e-5
1.0789739156337539	1.500501630265597e-5
1.0839739156337538	1.5874945682138366e-5
1.0889739156337535	1.6850988608580964e-5
1.0939739156337533	1.7947800831371973e-5
1.098973915633753	1.9182179079203886e-5
1.103973915633753	2.057338625921624e-5
1.1089739156337528	2.2143526798976435e-5
1.1139739156337525	2.391797963669836e-5
1.1189739156337524	2.5925897345640837e-5
1.123973915633752	2.820078092774056e-5
1.128973915633752	3.0781140908922153e-5
1.1339739156337516	3.371125648105398e-5
1.1389739156337515	3.704204551284813e-5
1.1439739156337512	4.083205922120794e-5
1.148973915633751	4.514861605420991e-5
1.153973915633751	5.006908974983348e-5
1.1589739156337506	5.5682366421811574e-5
1.1639739156337505	6.209048465787447e-5
1.1689739156337502	6.941047071791639e-5
1.17397391563375	7.77763776623417e-5
1.1789739156337498	8.734153225836767e-5
1.1839739156337497	9.82809864248624e-5
1.1889739156337495	0.00011079416043458281
1.1939739156337492	0.00012510765284367214
1.197980436725312	0.0001380482260938705
1.2019869578168745	0.00015245632373317322
1.2059934789084372	0.00016849381118779494
1.21	0.00018633824940981686
