0.0006999999999999628	3.879654490158014e-7
0.001403500000000035	3.8823292072362865e-7
0.0021105174999999296	3.885020633646877e-7
0.0028210700874998964	3.887728880656066e-7
0.003535175437937438	3.8904540720258854e-7
0.004252851315127062	3.8931963327520756e-7
0.004974115571702636	3.8959557889671645e-7
0.005698986149561044	3.898732567952881e-7
0.006427481080308875	3.9015267981528225e-7
0.007159618485710418	3.9043386091856955e-7
0.007895416578138905	3.907168131858711e-7
0.008634893661029494	3.9100154981808496e-7
0.00937806812933463	3.9128808413766487e-7
0.010124958469981361	3.9157642959001915e-7
0.010875583262331262	3.918665997448678e-7
0.01162996117864295	3.9215860829772993e-7
0.012388110984536127	3.9245246907130705e-7
0.013150051539458866	3.9274819601698395e-7
0.013915801797156208	3.9304580321629384e-7
0.014685380806142003	3.933453048824203e-7
0.015458807710172712	3.9364671536173376e-7
0.01623610174872358	3.939500491353255e-7
0.017017282257467212	3.9425532082057397e-7
0.017802368668754516	3.9456254517274806e-7
0.01859138051209827	3.94871737086591e-7
0.019384337414658823	3.951829115979787e-7
0.020181259101732015	3.954960838855746e-7
0.020982165397240727	3.958112692724824e-7
0.02178707622422691	3.961284832279918e-7
0.02259601160534814	3.96447741369264e-7
0.02340899166337483	3.9676905946311293e-7
0.024226036621691812	3.970924534277671e-7
0.02504716680480027	3.9741793933469184e-7
0.025872402638824326	3.9774553341038404e-7
0.02670176465201842	3.9807525203825535e-7
0.02753527347527842	3.984071117605065e-7
0.028372949842654864	3.987411292800308e-7
0.0292148145918682	3.9907732146234734e-7
0.03006088866482743	3.9941570533757614e-7
0.03091119310815165	3.997562981024198e-7
0.0317657490736924	4.0009911712219257e-7
0.03262457781906081	4.0044417993286303e-7
0.03348770070815601	4.0079150424314455e-7
0.034355139211696875	4.011411079365908e-7
0.035226914907755424	4.0149300907375443e-7
0.03610304948229413	4.018472258943604e-7
0.03698356472970569	4.022037768194929e-7
0.03786848255335419	4.02562680453854e-7
0.038757824966120964	4.029239555880251e-7
0.03965161409095162	4.032876212007788e-7
0.04054987216140643	4.036536964613995e-7
0.04145262152221345	4.0402220073208743e-7
0.04235988462982453	4.0439315357034946e-7
0.04327168405297366	4.04766574731448e-7
0.0441880424732386	4.051424841708851e-7
0.04510898268560485	4.0552090204691677e-7
0.046034527599032954	4.0590184872313027e-7
0.04696470023702812	4.0628534477101864e-7
0.04789952373821329	4.066714109726335e-7
0.048839021356904266	4.0706006832323834e-7
0.04978321646368884	4.0745133803407036e-7
0.05073213254600732	4.0784524153505084e-7
0.05168579320873729	4.0824180047761586e-7
0.052644222174780875	4.0864103673755657e-7
0.05360744328565471	4.090429724178946e-7
0.054575480502083065	4.0944762985182687e-7
0.055548357904593434	4.098550316057039e-7
0.056526099694116344	4.102652004820535e-7
0.0575087301925869	4.1067815952265545e-7
0.05849627384354973	4.1109393201163297e-7
0.05948875521276744	4.1151254147866866e-7
0.06048619898883127	4.119340117021976e-7
0.061488629983775384	4.123583667126596e-7
0.06249607313369419	4.1278563079585454e-7
0.06350855349936275	4.13215828496285e-7
0.06452609626685958	4.136489846206035e-7
0.06554872674819387	4.1408512424107645e-7
0.06657647038193484	4.1452427269913434e-7
0.06760935273384447	4.149664556089562e-7
0.06864739949751365	4.154116988611123e-7
0.0696906364950013	4.1586002862629925e-7
0.07073908967747639	4.163114713590715e-7
0.07179278512586384	4.167660538017005e-7
0.07285174905149322	4.172238029880485e-7
0.0739160077967507	4.176847462475315e-7
0.07498558783573436	4.1814891120912914e-7
0.07606051577491299	4.186163258054877e-7
0.07714081835378758	4.1908701827703045e-7
0.07822652244555647	4.195610171762229e-7
0.07931765505778425	4.2003835137183364e-7
0.0804142433330731	4.2051905005329076e-7
0.08151631454973848	4.2100314273513935e-7
0.08262389612248718	4.214906592615007e-7
0.0837370156030995	4.2198162981069677e-7
0.0848557006811149	4.224760848998697e-7
0.0859799791845205	4.2297405538974e-7
0.08710987908044313	4.2347557248939823e-7
0.08824542847584534	4.239806677612148e-7
0.08938665561822454	4.244893731257991e-7
0.09053358889631567	4.2500172086706316e-7
0.09168625684079722	4.255177436373854e-7
0.09284468812500112	4.260374744627927e-7
0.09400891156562617	4.2656094674835246e-7
0.0951789561234543	4.270881942835146e-7
0.09635485090407148	4.2761925124765565e-7
0.09753662515859184	4.281541522156668e-7
0.0987243082843847	4.2869293216365365e-7
0.09991792982580656	4.2923562647472333e-7
0.10111751947493569	4.2978227094486277e-7
0.10232310707231031	4.3033290178897805e-7
0.1035347226076718	4.308875556469416e-7
0.10475239622071016	4.3144626958983127e-7
0.10597615820181366	4.3200908112623704e-7
0.10720603899282274	4.3257602820868104e-7
0.10844206918778684	4.331471492401696e-7
0.10968427953372567	4.33722483080831e-7
0.1109327009313943	4.3430206905468355e-7
0.11218736443605135	4.3488594695655543e-7
0.11344830125823162	4.354741570590682e-7
0.11471554276452282	4.360667401197883e-7
0.11598912047834534	4.3666373738850034e-7
0.11726906608073695	4.372651906145913e-7
0.11855541141114062	4.378711420545938e-7
0.11984818846819621	4.384816344798452e-7
0.12114742941053713	4.3909671118428625e-7
0.12245316655758978	4.397164159924248e-7
0.1237654323903777	4.4034079326742514e-7
0.12508425955232963	4.4096988791932173e-7
0.12640968085009122	4.416037454134563e-7
0.1277417292543416	4.4224241177896536e-7
0.1290804379006133	4.4288593361754095e-7
0.13042584009011637	4.435343581122402e-7
0.1317779692905669	4.4418773303656513e-7
0.13313685913701961	4.4484610676359917e-7
0.13450254343270476	4.455095282754271e-7
0.13587505614986833	4.461780471726487e-7
0.13725443143061763	4.468517136841e-7
0.13864070358777073	4.4753057867676754e-7
0.14003390710570945	4.482146936658664e-7
0.14143407664123803	4.4890411082514364e-7
0.1428412470244442	4.4959888299732107e-7
0.1442554532595664	4.502990637048073e-7
0.14567673052586416	4.510047071605524e-7
0.1471051141784935	4.517158682791508e-7
0.14854063974938603	4.524326026881458e-7
0.149983342948133	4.531549667395347e-7
0.15143325966287374	4.538830175215158e-7
0.15289042596118813	4.5461681287049354e-7
0.15435487809099402	4.553564113832187e-7
0.15582665248144906	4.561018724292934e-7
0.1573057857438562	4.5685325616382366e-7
0.15879231467257537	4.576106235403615e-7
0.16028627624593816	4.583740363241063e-7
0.16178770762716785	4.5914355710533914e-7
0.16329664616530362	4.599192493131568e-7
0.16481312939613008	4.607011772294595e-7
0.1663371950431107	4.6148940600322603e-7
0.16786888101832628	4.622840016650576e-7
0.1694082254234178	4.63085031142063e-7
0.1709552665505349	4.6389256227295905e-7
0.17251004288328747	4.6470666382357405e-7
0.17407259309770393	4.65527405502593e-7
0.17564295606319252	4.66354857977661e-7
0.17722117084350858	4.6718909289179115e-7
0.17880727669772617	4.6803018288013983e-7
0.18040131308121476	4.6887820158710547e-7
0.18200331964662084	4.697332236837839e-7
0.18361333624485401	4.705953248857701e-7
0.18523140292607826	4.714645819713799e-7
0.18685755994070874	4.7234107280019645e-7
0.1884918477404122	4.73224876332027e-7
0.19013430697911424	4.741160726462649e-7
0.1917849785140098	4.750147429616544e-7
0.19344390340657974	4.759209696564721e-7
0.19511112292361268	4.768348362891061e-7
0.1967866785382308	4.777564276191743e-7
0.19847061193092203	4.786858296289425e-7
0.20016296499057665	4.796231295453405e-7
0.20186377981552947	4.805684158623695e-7
0.2035730987146071	4.815217783640267e-7
0.20529096420818022	4.824833081477184e-7
0.20701741902922113	4.834530976481726e-7
0.20875250612436722	4.844312406618965e-7
0.210496268654989	4.854178323721523e-7
0.21224874999826396	4.864129693744993e-7
0.21400999374825516	4.874167497028529e-7
0.21578004371699644	4.884292728561945e-7
0.21755894393558148	4.894506398258027e-7
0.2193467386552594	4.904809531231641e-7
0.22114347234853576	4.915203168084155e-7
0.22294918971027836	4.925688365195276e-7
0.2247639356588297	4.936266195020719e-7
0.2265877553371239	4.946937746397018e-7
0.2284206941138094	4.957704124853009e-7
0.23026279758437848	4.9685664529285e-7
0.23211411157230027	4.979525870500422e-7
0.23397468213016168	4.990583535116152e-7
0.23584455554081238	5.001740622334777e-7
0.23772377831851643	5.012998326075982e-7
0.23961239721010893	5.02435785897747e-7
0.24151045919615952	5.035820452760186e-7
0.24341801149214037	5.047387358602631e-7
0.24533510154960114	5.059059847523418e-7
0.24726177705734917	5.070839210773256e-7
0.24919808594263598	5.082726760236203e-7
0.2511440763723492	5.094723828840086e-7
0.2530997967542111	5.106831770977074e-7
0.25506529573798215	5.1190519629342e-7
0.2570406222166721	5.131385803334224e-7
0.25902582532775553	5.143834713587046e-7
0.2610209544543945	5.156400138352276e-7
0.2630260592266663	5.169083546012737e-7
0.2650411895227997	5.181886429159979e-7
0.26706639547041383	5.194810305090859e-7
0.2691017274477658	5.207856716317596e-7
0.2711472360850044	5.221027231089047e-7
0.27320297226542956	5.234323443926018e-7
0.2752689871267568	5.247746976169241e-7
0.2773453320623904	5.261299476541048e-7
0.27943205872270227	5.274982621721882e-7
0.2815292190163157	5.288798116940141e-7
0.28363686511139713	5.302747696577857e-7
0.2857550494369543	5.316833124791649e-7
0.287883824684139	5.331056196148987e-7
0.2900232438075598	5.345418736281059e-7
0.29217336002659744	5.359922602552702e-7
0.2943342268267306	5.374569684749284e-7
0.2965058979608642	5.38936190578099e-7
0.2986884274506685	5.404301222406631e-7
0.3008818695879217	5.41938962597487e-7
0.3030862789358613	5.434629143186145e-7
0.3053017103305407	5.450021836873808e-7
0.30752821888219345	5.465569806806622e-7
0.3097658599766045	5.481275190511604e-7
0.31201468927648746	5.497140164120293e-7
0.3142747627228697	5.513166943236003e-7
0.31654613653648417	5.529357783825621e-7
0.31882886721916665	5.545714983135332e-7
0.32112301155526257	5.562240880630403e-7
0.3234286266130387	5.57893785896152e-7
0.325745769746104	5.595808344957235e-7
0.3280744985948343	5.6128548106437e-7
0.33041487108780826	5.630079774292211e-7
0.3327669454432473	5.647485801496604e-7
0.3351307801704635	5.665075506279712e-7
0.3375064340713156	5.682851552231965e-7
0.33989396624167195	5.700816653680714e-7
0.3422934360728803	5.718973576893508e-7
0.3447049032532445	5.737325141315223e-7
0.34712842776951053	5.755874220840256e-7
0.3495640699083581	5.774623745121746e-7
0.3520118902578999	5.793576700917539e-7
0.35447194970918944	5.812736133476312e-7
0.35694430945773536	5.832105147962299e-7
0.35942903100502394	5.851686910923493e-7
0.36192617616004885	5.871484651801541e-7
0.36443580704084905	5.891501664486346e-7
0.3669579860760533	5.911741308917168e-7
0.3694927760064337	5.932207012731192e-7
0.3720402398864656	5.952902272960944e-7
0.37460044108589774	5.973830657783398e-7
0.37717344329132724	5.99499580832137e-7
0.37975931050778367	6.016401440499881e-7
0.38235810706032236	6.038051346958951e-7
0.3849698975956241	6.059949399025037e-7
0.38759474708360203	6.082099548743578e-7
0.39023272081902005	6.104505830973956e-7
0.39288388442311495	6.127172365550082e-7
0.3955483038452304	6.150103359508359e-7
0.39822604536445655	6.173303109385829e-7
0.40091717559127893	6.196776003590945e-7
0.4036217614692354	6.220526524849946e-7
0.4063398702765814	6.244559252731025e-7
0.40907156962796437	6.268878866250003e-7
0.4118169274761041	6.293490146559943e-7
0.41457601211348477	6.318397979728007e-7
0.41734889217405197	6.343607359603849e-7
0.42013563663492237	6.369123390780812e-7
0.4229363148180968	6.39495129165627e-7
0.4257509963921872	6.421096397593066e-7
0.4285797513741481	6.447564164186411e-7
0.431422650131019	6.474360170640869e-7
0.4342797633816742	6.501490123260943e-7
0.4371511621985827	6.528959859061198e-7
0.4400369180095757	6.556775349498951e-7
0.4429371025996235	6.584942704335289e-7
0.44585178811262155	6.61346817563054e-7
0.44878104705318456	6.642358161877605e-7
0.4517249522884503	6.671619212280772e-7
0.4546835770498925	6.701258031184768e-7
0.4576569949351417	6.731281482661135e-7
0.4606452799098173	6.761696595257345e-7
0.46364850630936627	6.792510566917311e-7
0.46666674884091325	6.823730770078139e-7
0.46970008258511775	6.855364756953408e-7
0.4727485829980431	6.887420265007812e-7
0.47581232591303324	6.919905222635091e-7
0.47889138754259847	6.952827755044103e-7
0.4819858444803113	6.986196190365613e-7
0.48509577370271284	7.020019065987252e-7
0.48822125257122634	7.054305135127621e-7
0.4913623588340824	7.089063373660491e-7
0.49451917062825274	7.12430298719928e-7
0.49769176648139396	7.16003341845525e-7
0.5008802253138008	7.196264354880094e-7
0.50408462644037	7.233005736606924e-7
0.5073050495725719	7.270267764704593e-7
0.5105415748204347	7.308060909757327e-7
0.513794282694537	7.346395920787522e-7
0.5170632541080095	7.385283834537481e-7
0.5203485703785496	7.424735985125964e-7
0.5236503132304423	7.464764014099957e-7
0.5269685647965943	7.505379880899565e-7
0.530303407620577	7.546595873757033e-7
0.5336549246586798	7.588424621051974e-7
0.5370231992819733	7.630879103145684e-7
0.5404083152783831	7.67397266471945e-7
0.5438103568547752	7.717719027643011e-7
0.5472294086390488	7.762132304401723e-7
0.5506655556822441	7.807227012111793e-7
0.5541188834606553	7.853018087156014e-7
0.5575894778779587	7.899520900474756e-7
0.5610774252673482	7.946751273548303e-7
0.5645828123936848	7.99472549511099e-7
0.5681057264556529	8.043460338638777e-7
0.5716462550879313	8.092973080657465e-7
0.575204486363371	8.14328151992031e-7
0.5787805087951877	8.194403997507997e-7
0.5823744113391636	8.246359417911116e-7
0.5859862833958592	8.299167271155348e-7
0.5896162148128385	8.352847656040428e-7
0.5932642958869029	8.407421304564763e-7
0.5969306173663373	8.462909607619507e-7
0.6006152704531689	8.519334642038501e-7
0.6043183468054348	8.576719199102766e-7
0.6080399385394619	8.63508681460562e-7
0.6117801382321592	8.694461800594686e-7
0.6155390389233196	8.7548692789217e-7
0.6193167341179363	8.816335216739422e-7
0.623113317788526	8.878886464105988e-7
0.6269288843774687	8.942550793868747e-7
0.6307635287993559	9.007356944021514e-7
0.6346173464433525	9.073334662750422e-7
0.6384904331755692	9.140514756407493e-7
0.642382885341447	9.208929140680763e-7
0.6462947997681542	9.278610895257589e-7
0.6502262737669948	9.349594322319307e-7
0.6541774051358298	9.421915009242535e-7
0.6581482921615086	9.495609895930288e-7
0.6621390336223161	9.570717347250772e-7
0.6661497287904276	9.647277231122894e-7
0.6701804774343794	9.725331002856e-7
0.6742313798215511	9.804921796433021e-7
0.678302536720659	9.886094523519559e-7
0.6823940494042624	9.968895981082524e-7
0.6865060196512838	1.0053374968625984e-6
0.6906385497495403	1.0139582416190246e-6
0.694791742498288	1.0227571524414985e-6
0.6989657012107795	1.0317397918152352e-6
0.7031605297168335	1.0409119815322592e-6
0.7073763323654175	1.0502798212941876e-6
0.7116132140272448	1.0598497092528584e-6
0.7158712800973807	1.0696283647402065e-6
0.7201506364978674	1.0796228534753816e-6
0.7244513896803564	1.0898406155775007e-6
0.728773646628758	1.1002894967600705e-6
0.7331175148619017	1.1109777831370866e-6
0.7374831024362114	1.1219142401324092e-6
0.7418705179483922	1.1331081560554535e-6
0.7462798705381343	1.1445693909873994e-6
0.750711269890825	1.1563084317154917e-6
0.7551648262402791	1.1683364535605443e-6
0.7596406503714807	1.1806653900650752e-6
0.7641388536233382	1.193308011651683e-6
0.7686595478914547	1.2062780145227062e-6
0.773202845630912	1.2195901212595379e-6
0.7777688598590664	1.23326019479411e-6
0.7823577041583616	1.247305367671832e-6
0.7869694926791535	1.261744188809904e-6
0.7916043401425493	1.2765967902809602e-6
0.796262361843262	1.2918850770296388e-6
0.8009436736524783	1.307632942861702e-6
0.8056483920207407	1.3238665165455343e-6
0.8103766339808444	1.3406144424395258e-6
0.8151285171507487	1.357908200720164e-6
0.8199041597365022	1.3757824730465964e-6
0.8247036805351848	1.3942755603726138e-6
0.8295271989378608	1.4134298606242396e-6
0.8343748349325502	1.4332924151192032e-6
0.8392467091072129	1.4539155339382138e-6
0.844142942652749	1.475357511990935e-6
0.8490636573660127	1.497683449287149e-6
0.8540089756528428	1.520966190958926e-6
0.8589790205311072	1.5452874049298388e-6
0.8639739156337627	1.5707388178422228e-6
0.8689739156337625	1.5973156984755685e-6
0.8739739156337623	1.625089665954919e-6
0.878973915633762	1.6541691297747966e-6
0.8839739156337618	1.684675195212484e-6
0.8889739156337617	1.7167432173551238e-6
0.8939739156337615	1.7505245430655182e-6
0.8989739156337613	1.7861884636519243e-6
0.9039739156337611	1.8239244039326236e-6
0.9089739156337608	1.863944376777092e-6
0.9139739156337606	1.906485736103521e-6
0.9189739156337604	1.951814265788711e-6
0.9239739156337602	2.0002276470859107e-6
0.9289739156337601	2.052059353038373e-6
0.9339739156337599	2.107683025127479e-6
0.9389739156337596	2.167517395115774e-6
0.9439739156337594	2.232031823869834e-6
0.9489739156337592	2.301752539025625e-6
0.953973915633759	2.3772696648544925e-6
0.9589739156337588	2.459245150805186e-6
0.9639739156337586	2.5484217201562454e-6
0.9689739156337585	2.6456329772831417e-6
0.9739739156337582	2.7518148315274243e-6
0.978973915633758	2.86801841791074e-6
0.9839739156337578	2.995424720371911e-6
0.9889739156337576	3.13536113230377e-6
0.9939739156337574	3.2893202224716532e-6
0.9989739156337571	3.4589810125471413e-6
1.003973915633757	3.646233116214812e-6
1.0089739156337567	3.853204139940595e-6
1.0139739156337566	4.082290802988487e-6
1.0189739156337563	4.336194300218125e-6
1.0239739156337562	4.617960506846178e-6
1.028973915633756	4.931025711099811e-6
1.0339739156337557	5.27926866014491e-6
1.0389739156337556	5.667069818615887e-6
1.0439739156337553	6.099378869540698e-6
1.0489739156337552	6.581791636677488e-6
1.0539739156337549	7.120637777760339e-6
1.0589739156337548	7.72308079261965e-6
1.0639739156337544	8.397232111544502e-6
1.0689739156337543	9.152281280770589e-6
1.0739739156337542	9.998644546884905e-6
1.0789739156337539	1.0948134463590792e-5
1.0839739156337538	1.2014153505938426e-5
1.0889739156337535	1.3211915081714557e-5
1.0939739156337533	1.4558695779554735e-5
1.098973915633753	1.607412318976651e-5
1.103973915633753	1.778050417653251e-5
1.1089739156337528	1.970319906631031e-5
1.1139739156337525	2.1871047840740722e-5
1.1189739156337524	2.4316855072130688e-5
1.123973915633752	2.7077940998031732e-5
1.128973915633752	3.0196766772142047e-5
1.1339739156337516	3.372164251370136e-5
1.1389739156337515	3.770752725372589e-5
1.1439739156337512	4.221693017188098e-5
1.148973915633751	4.732092253719449e-5
1.153973915633751	5.310026938521644e-5
1.1589739156337506	5.964668902684424e-5
1.1639739156337505	6.706424679515916e-5
1.1689739156337502	7.547088676198973e-5
1.17397391563375	8.500010122179691e-5
1.1789739156337498	9.580273224021074e-5
1.1839739156337497	0.00010804889217268524
1.1889739156337495	0.00012192998045693384
1.1939739156337492	0.00013766076190062113
1.197980436725312	0.00015176174357779356
1.2019869578168745	0.00016734039986847596
1.2059934789084372	0.00018454489927040925
1.21	0.0002035360052307375
