0.0006999999999999628	1.788219130856772e-7
0.001403500000000035	1.7893849987808443e-7
0.0021105174999999296	1.7905583253056504e-7
0.0028210700874998964	1.7917391150591656e-7
0.003535175437937438	1.792927423866722e-7
0.004252851315127062	1.7941233087881987e-7
0.004974115571702636	1.7953268274319696e-7
0.005698986149561044	1.796538037951881e-7
0.006427481080308875	1.7977569990532883e-7
0.007159618485710418	1.7989837699996319e-7
0.007895416578138905	1.8002184106191507e-7
0.008634893661029494	1.8014609813114004e-7
0.00937806812933463	1.8027115430541265e-7
0.010124958469981361	1.8039701574101174e-7
0.010875583262331262	1.805236886534197e-7
0.01162996117864295	1.8065117931803383e-7
0.012388110984536127	1.8077949407087114e-7
0.013150051539458866	1.809086393093153e-7
0.013915801797156208	1.8103862149284158e-7
0.014685380806142003	1.8116944714377207e-7
0.015458807710172712	1.8130112284803423e-7
0.01623610174872358	1.814336552559413e-7
0.017017282257467212	1.815670510829606e-7
0.017802368668754516	1.8170131711051636e-7
0.01859138051209827	1.8183646018679834e-7
0.019384337414658823	1.81972487227573e-7
0.020181259101732015	1.8210940521702048e-7
0.020982165397240727	1.8224722120856957e-7
0.02178707622422691	1.8238594232575834e-7
0.02259601160534814	1.8252557576310437e-7
0.02340899166337483	1.8266612878697028e-7
0.024226036621691812	1.828076087364799e-7
0.02504716680480027	1.8295002302440348e-7
0.025872402638824326	1.830933791380887e-7
0.02670176465201842	1.8323768464040313e-7
0.02753527347527842	1.8338294717066617e-7
0.028372949842654864	1.835291744456216e-7
0.0292148145918682	1.8367637426040876e-7
0.03006088866482743	1.8382455448957071e-7
0.03091119310815165	1.8397372308803952e-7
0.0317657490736924	1.8412388809217712e-7
0.03262457781906081	1.8427505762080034e-7
0.03348770070815601	1.8442723987624508e-7
0.034355139211696875	1.8458044314543722e-7
0.035226914907755424	1.8473467580096934e-7
0.03610304948229413	1.848899463022168e-7
0.03698356472970569	1.8504626319644552e-7
0.03786848255335419	1.8520363511997517e-7
0.038757824966120964	1.8536207079930243e-7
0.03965161409095162	1.8552157905229695e-7
0.04054987216140643	1.8568216878939573e-7
0.04145262152221345	1.8584384901479937e-7
0.04235988462982453	1.8600662882771552e-7
0.04327168405297366	1.861705174236033e-7
0.0441880424732386	1.8633552409544582e-7
0.04510898268560485	1.865016582350364e-7
0.046034527599032954	1.866689293342947e-7
0.04696470023702812	1.8683734698659487e-7
0.04789952373821329	1.8700692088811466e-7
0.048839021356904266	1.8717766083921258e-7
0.04978321646368884	1.8734957674583243e-7
0.05073213254600732	1.8752267862091004e-7
0.05168579320873729	1.8769697658581355e-7
0.052644222174780875	1.878724808718264e-7
0.05360744328565471	1.8804920182161866e-7
0.054575480502083065	1.8822714989077346e-7
0.055548357904593434	1.8840633564930565e-7
0.056526099694116344	1.8858676978325208e-7
0.0575087301925869	1.887684630962349e-7
0.05849627384354973	1.889514265110982e-7
0.05948875521276744	1.8913567107152895e-7
0.06048619898883127	1.8932120794374795e-7
0.061488629983775384	1.8950804841818085e-7
0.06249607313369419	1.8969620391121068e-7
0.06350855349936275	1.8988568596691257e-7
0.06452609626685958	1.9007650625884043e-7
0.06554872674819387	1.9026867659184292e-7
0.06657647038193484	1.9046220890390945e-7
0.06760935273384447	1.9065711526803323e-7
0.06864739949751365	1.9085340789413173e-7
0.0696906364950013	1.9105109913097908e-7
0.07073908967747639	1.9125020146817063e-7
0.07179278512586384	1.9145072753813872e-7
0.07285174905149322	1.9165269011819378e-7
0.0739160077967507	1.9185610213258278e-7
0.07498558783573436	1.9206097665461968e-7
0.07606051577491299	1.9226732690881958e-7
0.07714081835378758	1.9247516627307985e-7
0.07822652244555647	1.9268450828091395e-7
0.07931765505778425	1.9289536662370356e-7
0.0804142433330731	1.9310775515299622e-7
0.08151631454973848	1.9332168788285672e-7
0.08262389612248718	1.9353717899223198e-7
0.0837370156030995	1.937542428273851e-7
0.0848557006811149	1.939728939043628e-7
0.0859799791845205	1.9419314691149287e-7
0.08710987908044313	1.944150167119488e-7
0.08824542847584534	1.9463851834634746e-7
0.08938665561822454	1.9486366703539e-7
0.09053358889631567	1.950904781825617e-7
0.09168625684079722	1.9531896737685982e-7
0.09284468812500112	1.9554915039561064e-7
0.09400891156562617	1.957810432072729e-7
0.0951789561234543	1.9601466197437306e-7
0.09635485090407148	1.9625002305641513e-7
0.09753662515859184	1.9648714301290203e-7
0.0987243082843847	1.9672603860636832e-7
0.09991792982580656	1.9696672680551659e-7
0.10111751947493569	1.9720922478836066e-7
0.10232310707231031	1.9745354994546278e-7
0.1035347226076718	1.9769971988321345e-7
0.10475239622071016	1.979477524271786e-7
0.10597615820181366	1.9819766562551328e-7
0.10720603899282274	1.984494777524181e-7
0.10844206918778684	1.9870320731169154e-7
0.10968427953372567	1.9895887304032437e-7
0.1109327009313943	1.9921649391217432e-7
0.11218736443605135	1.9947608914169486e-7
0.11344830125823162	1.9973767818776556e-7
0.11471554276452282	2.0000128075755662e-7
0.11598912047834534	2.0026691681049696e-7
0.11726906608073695	2.0053460656230128e-7
0.11855541141114062	2.008043704890817e-7
0.11984818846819621	2.0107622933153603e-7
0.12114742941053713	2.0135020409922235e-7
0.12245316655758978	2.016263160749029e-7
0.1237654323903777	2.019045868189892e-7
0.12508425955232963	2.0218503817405464e-7
0.12640968085009122	2.0246769226945995e-7
0.1277417292543416	2.0275257152604335e-7
0.1290804379006133	2.030396986609225e-7
0.13042584009011637	2.0332909669237218e-7
0.1317779692905669	2.0362078894482477e-7
0.13313685913701961	2.0391479905394652e-7
0.13450254343270476	2.0421115097181595e-7
0.13587505614986833	2.0450986897222693e-7
0.13725443143061763	2.0481097765607105e-7
0.13864070358777073	2.05114501956852e-7
0.14003390710570945	2.0542046714628963e-7
0.14143407664123803	2.0572889884005162e-7
0.1428412470244442	2.060398230035973e-7
0.1442554532595664	2.0635326595813834e-7
0.14567673052586416	2.066692543867265e-7
0.1471051141784935	2.069878153404604e-7
0.14854063974938603	2.0730897624482014e-7
0.149983342948133	2.076327649061345e-7
0.15143325966287374	2.07959209518184e-7
0.15289042596118813	2.0828833866894557e-7
0.15435487809099402	2.0862018134744738e-7
0.15582665248144906	2.0895476695081514e-7
0.1573057857438562	2.0929212529142795e-7
0.15879231467257537	2.0963228660424407e-7
0.16028627624593816	2.0997528155426272e-7
0.16178770762716785	2.103211412441726e-7
0.16329664616530362	2.1066989722212832e-7
0.16481312939613008	2.1102158148973442e-7
0.1663371950431107	2.1137622651013663e-7
0.16786888101832628	2.1173386521637049e-7
0.1694082254234178	2.1209453101981397e-7
0.1709552665505349	2.1245825781886425e-7
0.17251004288328747	2.1282508000779172e-7
0.17407259309770393	2.1319503248578494e-7
0.17564295606319252	2.1356815066619664e-7
0.17722117084350858	2.139444704859867e-7
0.17880727669772617	2.1432402841537498e-7
0.18040131308121476	2.1470686146771642e-7
0.18200331964662084	2.1509300720958015e-7
0.18361333624485401	2.1548250377104943e-7
0.18523140292607826	2.158753898562804e-7
0.18685755994070874	2.162717047542569e-7
0.1884918477404122	2.1667148834981044e-7
0.19013430697911424	2.170747811348969e-7
0.1917849785140098	2.1748162422009008e-7
0.19344390340657974	2.178920593463948e-7
0.19511112292361268	2.1830612889725354e-7
0.1967866785382308	2.1872387591090213e-7
0.19847061193092203	2.191453440929602e-7
0.20016296499057665	2.195705778293248e-7
0.20186377981552947	2.1999962219937066e-7
0.2035730987146071	2.2043252298944067e-7
0.20529096420818022	2.2086932670665194e-7
0.20701741902922113	2.2131008059306223e-7
0.20875250612436722	2.2175483264008426e-7
0.210496268654989	2.2220363160334023e-7
0.21224874999826396	2.2265652701778537e-7
0.21400999374825516	2.2311356921323575e-7
0.21578004371699644	2.2357480933024566e-7
0.21755894393558148	2.2404029933637424e-7
0.2193467386552594	2.2451009204283396e-7
0.22114347234853576	2.2498424112154732e-7
0.22294918971027836	2.2546280112260059e-7
0.2247639356588297	2.259458274921422e-7
0.2265877553371239	2.2643337659069782e-7
0.2284206941138094	2.269255057119423e-7
0.23026279758437848	2.2742227310192376e-7
0.23211411157230027	2.2792373797878704e-7
0.23397468213016168	2.2842996055291902e-7
0.23584455554081238	2.2894100204769456e-7
0.23772377831851643	2.2945692472063737e-7
0.23961239721010893	2.299777918851761e-7
0.24151045919615952	2.3050366793292137e-7
0.24341801149214037	2.3103461835650129e-7
0.24533510154960114	2.3157070977298954e-7
0.24726177705734917	2.3211200994791128e-7
0.24919808594263598	2.3265858781987782e-7
0.2511440763723492	2.3321051352583137e-7
0.2530997967542111	2.3376785842696296e-7
0.25506529573798215	2.3433069513527785e-7
0.2570406222166721	2.3489909754084957e-7
0.25902582532775553	2.3547314083981526e-7
0.2610209544543945	2.3605290156305185e-7
0.2630260592266663	2.366384576056344e-7
0.2650411895227997	2.3722988825708067e-7
0.26706639547041383	2.3782727423236156e-7
0.2691017274477658	2.384306977037507e-7
0.2711472360850044	2.3904024233354043e-7
0.27320297226542956	2.396559933076061e-7
0.2752689871267568	2.4027803736988113e-7
0.2773453320623904	2.409064628577632e-7
0.27943205872270227	2.415413597384875e-7
0.2815292190163157	2.421828196464799e-7
0.28363686511139713	2.428309359217221e-7
0.2857550494369543	2.4348580364919367e-7
0.287883824684139	2.4414751969937575e-7
0.2900232438075598	2.4481618276989266e-7
0.29217336002659744	2.454918934282899e-7
0.2943342268267306	2.4617475415603927e-7
0.2965058979608642	2.468648693937315e-7
0.2986884274506685	2.475623455875725e-7
0.3008818695879217	2.482672912371978e-7
0.3030862789358613	2.489798169448034e-7
0.3053017103305407	2.4970003546572337e-7
0.30752821888219345	2.504280617604156e-7
0.3097658599766045	2.51164013047981e-7
0.31201468927648746	2.519080088611742e-7
0.3142747627228697	2.526601711030621e-7
0.31654613653648417	2.5342062410530074e-7
0.31882886721916665	2.54189494688115e-7
0.32112301155526257	2.5496691222205057e-7
0.3234286266130387	2.5575300869155047e-7
0.325745769746104	2.5654791876038626e-7
0.3280744985948343	2.5735177983908244e-7
0.33041487108780826	2.581647321542928e-7
0.3327669454432473	2.58986918820324e-7
0.3351307801704635	2.598184859127749e-7
0.3375064340713156	2.606595825443981e-7
0.33989396624167195	2.615103609433164e-7
0.3422934360728803	2.623709765335642e-7
0.3447049032532445	2.6324158801816405e-7
0.34712842776951053	2.641223574647143e-7
0.3495640699083581	2.6501345039365833e-7
0.3520118902578999	2.659150358692831e-7
0.35447194970918944	2.668272865935766e-7
0.35694430945773536	2.6775037900301723e-7
0.35942903100502394	2.686844933684357e-7
0.36192617616004885	2.696298138980348e-7
0.36443580704084905	2.7058652884366985e-7
0.3669579860760533	2.7155483061058605e-7
0.3694927760064337	2.7253491587061827e-7
0.3720402398864656	2.7352698567911127e-7
0.37460044108589774	2.745312455955947e-7
0.37717344329132724	2.7554790580841595e-7
0.37975931050778367	2.765771812634738e-7
0.38235810706032236	2.776192917971649e-7
0.3849698975956241	2.786744622737722e-7
0.38759474708360203	2.7974292272740225e-7
0.39023272081902005	2.808249085087101e-7
0.39288388442311495	2.8192066043651677e-7
0.3955483038452304	2.83030424954595e-7
0.39822604536445655	2.841544542937796e-7
0.40091717559127893	2.852930066396115e-7
0.4036217614692354	2.864463463057508e-7
0.4063398702765814	2.8761474391341446e-7
0.40907156962796437	2.887984765769832e-7
0.4118169274761041	2.899978280961711e-7
0.41457601211348477	2.9121308915490227e-7
0.41734889217405197	2.9244455752721957e-7
0.42013563663492237	2.9369253829053757e-7
0.4229363148180968	2.9495734404648383e-7
0.4257509963921872	2.9623929514970603e-7
0.4285797513741481	2.975387199449184e-7
0.431422650131019	2.9885595501259883e-7
0.4342797633816742	3.0019134542364813e-7
0.4371511621985827	3.0154524500341297e-7
0.4400369180095757	3.029180166054995e-7
0.4429371025996235	3.0431003239573444e-7
0.44585178811262155	3.057216741468047e-7
0.44878104705318456	3.071533335439401e-7
0.4517249522884503	3.0860541250219576e-7
0.4546835770498925	3.1007832349584593e-7
0.4576569949351417	3.1157248990033986e-7
0.4606452799098173	3.130883463475338e-7
0.46364850630936627	3.1462633909458966e-7
0.46666674884091325	3.161869264074013e-7
0.46970008258511775	3.177705789589592e-7
0.4727485829980431	3.1937778024355764e-7
0.47581232591303324	3.210090270073797e-7
0.47889138754259847	3.2266482969638215e-7
0.4819858444803113	3.2434571292217745e-7
0.48509577370271284	3.2605221594679016e-7
0.48822125257122634	3.277848931872121e-7
0.4913623588340824	3.2954431474061983e-7
0.49451917062825274	3.313310669313255e-7
0.49769176648139396	3.3314575288046543e-7
0.5008802253138008	3.3498899309951744e-7
0.50408462644037	3.3686142610885273e-7
0.5073050495725719	3.387637090825437e-7
0.5105415748204347	3.4069651852068195e-7
0.513794282694537	3.4266055095070227e-7
0.5170632541080095	3.44656523659014e-7
0.5203485703785496	3.4668517545468317e-7
0.5236503132304423	3.487472674666051e-7
0.5269685647965943	3.508435839761102e-7
0.530303407620577	3.5297493328670526e-7
0.5336549246586798	3.55142148632998e-7
0.5370231992819733	3.5734608913093955e-7
0.5404083152783831	3.5958764077150436e-7
0.5438103568547752	3.61867717460347e-7
0.5472294086390488	3.641872621058752e-7
0.5506655556822441	3.665472477585235e-7
0.5541188834606553	3.689486788041272e-7
0.5575894778779587	3.7139259221456226e-7
0.5610774252673482	3.7388005885896183e-7
0.5645828123936848	3.764121848791609e-7
0.5681057264556529	3.789901131332899e-7
0.5716462550879313	3.8161502471162907e-7
0.575204486363371	3.842881405293648e-7
0.5787805087951877	3.8701072300104275e-7
0.5823744113391636	3.897840778021715e-7
0.5859862833958592	3.9260955572359096e-7
0.5896162148128385	3.954885546250597e-7
0.5932642958869029	3.9842252149475663e-7
0.5969306173663373	4.014129546223353e-7
0.6006152704531689	4.044614058935696e-7
0.6043183468054348	4.0756948321571443e-7
0.6080399385394619	4.107388530834006e-7
0.6117801382321592	4.1397124329599117e-7
0.6155390389233196	4.172684458384065e-7
0.6193167341179363	4.206323199387708e-7
0.623113317788526	4.240647953177169e-7
0.6269288843774687	4.275678756456906e-7
0.6307635287993559	4.3114364222676667e-7
0.6346173464433525	4.347942579293228e-7
0.6384904331755692	4.385219713867281e-7
0.642382885341447	4.423291214937011e-7
0.6462947997681542	4.462181422275073e-7
0.6502262737669948	4.5019156782667716e-7
0.6541774051358298	4.5425203836432826e-7
0.6581482921615086	4.584023057580547e-7
0.6621390336223161	4.626452402639361e-7
0.6661497287904276	4.669838375089214e-7
0.6701804774343794	4.7142122612314824e-7
0.6742313798215511	4.7596067604270904e-7
0.678302536720659	4.806056075632296e-7
0.6823940494042624	4.853596012364257e-7
0.6865060196512838	4.902264087151714e-7
0.6906385497495403	4.952099646682205e-7
0.694791742498288	5.00314399903893e-7
0.6989657012107795	5.055440558626601e-7
0.7031605297168335	5.10903500663162e-7
0.7073763323654175	5.163975469137951e-7
0.7116132140272448	5.220312715348004e-7
0.7158712800973807	5.27810037872994e-7
0.7201506364978674	5.337395204350726e-7
0.7244513896803564	5.398257326150496e-7
0.728773646628758	5.460750578499615e-7
0.7331175148619017	5.524942847043466e-7
0.7374831024362114	5.590906464611844e-7
0.7418705179483922	5.658718658860669e-7
0.7462798705381343	5.728462059330801e-7
0.750711269890825	5.800225272782776e-7
0.7551648262402791	5.874103537012737e-7
0.7596406503714807	5.95019946489302e-7
0.7641388536233382	6.028623892144167e-7
0.7686595478914547	6.109496844352738e-7
0.773202845630912	6.19294864104197e-7
0.7777688598590664	6.279121157206467e-7
0.7823577041583616	6.368169265682128e-7
0.7869694926791535	6.460262487076777e-7
0.7916043401425493	6.555586877788447e-7
0.796262361843262	6.654347190935868e-7
0.8009436736524783	6.756769349887073e-7
0.8056483920207407	6.863103279560978e-7
0.8103766339808444	6.973626146889333e-7
0.8151285171507487	7.088646068843739e-7
0.8199041597365022	7.208506354392032e-7
0.8247036805351848	7.333590355778725e-7
0.8295271989378608	7.464327014806335e-7
0.8343748349325502	7.601197201541078e-7
0.8392467091072129	7.744740956334587e-7
0.844142942652749	7.895565761566189e-7
0.8490636573660127	8.054355987449962e-7
0.8540089756528428	8.221883677088573e-7
0.8589790205311072	8.399020860260606e-7
0.8639739156337627	8.586753613863743e-7
0.8689739156337625	8.785386006713933e-7
0.8739739156337623	8.995807732292052e-7
0.878973915633762	9.219224161626474e-7
0.8839739156337618	9.456984990286056e-7
0.8889739156337617	9.71060140608788e-7
0.8939739156337615	9.98176526196289e-7
0.8989739156337613	1.0272370504013761e-6
0.9039739156337611	1.0584537139198192e-6
0.9089739156337608	1.0920638066330424e-6
0.9139739156337606	1.1283329138494365e-6
0.9189739156337604	1.1675582875117352e-6
0.9239739156337602	1.210072629858588e-6
0.9289739156337601	1.2562483434209653e-6
0.9339739156337599	1.306502308457864e-6
0.9389739156337596	1.3613012571022445e-6
0.9439739156337594	1.4211678227360422e-6
0.9489739156337592	1.4866873535966797e-6
0.953973915633759	1.558515591518464e-6
0.9589739156337588	1.6373873302409912e-6
0.9639739156337586	1.7241261831106796e-6
0.9689739156337585	1.81965560753776e-6
0.9739739156337582	1.925011353561747e-6
0.978973915633758	2.041355526682354e-6
0.9839739156337578	2.1699924811389453e-6
0.9889739156337576	2.3123867895337806e-6
0.9939739156337574	2.4701835686239844e-6
0.9989739156337571	2.645231479853679e-6
1.003973915633757	2.8396087674489012e-6
1.0089739156337567	3.0556527474253076e-6
1.0139739156337566	3.2959932185453893e-6
1.0189739156337563	3.563590332092345e-6
1.0239739156337562	3.861777532428839e-6
1.028973915633756	4.194310265918126e-6
1.0339739156337557	4.565421253309799e-6
1.0389739156337556	4.9798832316724825e-6
1.0439739156337553	5.443080198092681e-6
1.0489739156337552	5.961088330510379e-6
1.0539739156337549	6.540767923210868e-6
1.0589739156337548	7.18986785776254e-6
1.0639739156337544	7.917144336737485e-6
1.0689739156337543	8.732495839592597e-6
1.0739739156337542	9.647116519681837e-6
1.0789739156337539	1.067367055037876e-5
1.0839739156337538	1.182649024809215e-5
1.0889739156337535	1.3121801151196851e-5
1.0939739156337533	1.4577977616088457e-5
1.098973915633753	1.6215832902503833e-5
1.103973915633753	1.8058948155414346e-5
1.1089739156337528	2.0134045142262955e-5
1.1139739156337525	2.247140805978214e-5
1.1189739156337524	2.510536016564006e-5
1.123973915633752	2.8074801390412258e-5
1.128973915633752	3.142381340825429e-5
1.1339739156337516	3.520233884041587e-5
1.1389739156337515	3.9466941268255726e-5
1.1439739156337512	4.4281652455353015e-5
1.148973915633751	4.9718912511256885e-5
1.153973915633751	5.586060753364092e-5
1.1589739156337506	6.279920737126212e-5
1.1639739156337505	7.063900335366389e-5
1.1689739156337502	7.94974418995113e-5
1.17397391563375	8.950654458157004e-5
1.1789739156337498	0.00010081439821701808
1.1839739156337497	0.0001135866896009119
1.1889739156337495	0.00012800824838934814
1.1939739156337492	0.0001442845482500404
1.197980436725312	0.0001588178609637283
1.2019869578168745	0.00017481555311268723
1.2059934789084372	0.0001924152541286788
1.21	0.00021176476682296887
