0.0006999999999999628	1.7482066138315823e-7
0.001403500000000035	1.7493409623080968e-7
0.0021105174999999296	1.7504825716888566e-7
0.0028210700874998964	1.751631443946161e-7
0.003535175437937438	1.7527876334059497e-7
0.004252851315127062	1.7539511956337956e-7
0.004974115571702636	1.7551221867307735e-7
0.005698986149561044	1.7563006633298633e-7
0.006427481080308875	1.7574866826020257e-7
0.007159618485710418	1.7586803022626916e-7
0.007895416578138905	1.7598815805780605e-7
0.008634893661029494	1.761090576371767e-7
0.00937806812933463	1.7623073490313803e-7
0.010124958469981361	1.7635319585152652e-7
0.010875583262331262	1.7647644653593167e-7
0.01162996117864295	1.76600493068391e-7
0.012388110984536127	1.7672534162009883e-7
0.013150051539458866	1.7685099842210568e-7
0.013915801797156208	1.7697746976605402e-7
0.014685380806142003	1.771047620049028e-7
0.015458807710172712	1.7723288155368003e-7
0.01623610174872358	1.7736183489022925e-7
0.017017282257467212	1.774916285559782e-7
0.017802368668754516	1.7762226915672378e-7
0.01859138051209827	1.7775376336340893e-7
0.019384337414658823	1.7788611791293254e-7
0.020181259101732015	1.780193396089529e-7
0.020982165397240727	1.7815343532272544e-7
0.02178707622422691	1.7828841199392024e-7
0.02259601160534814	1.7842427663149197e-7
0.02340899166337483	1.785610363145306e-7
0.024226036621691812	1.7869869819312938e-7
0.02504716680480027	1.7883726948928959e-7
0.025872402638824326	1.789767574978121e-7
0.02670176465201842	1.7911716958720266e-7
0.02753527347527842	1.7925851320062318e-7
0.028372949842654864	1.7940079585681615e-7
0.0292148145918682	1.795440251510695e-7
0.03006088866482743	1.796882087561842e-7
0.03091119310815165	1.7983335442346574e-7
0.0317657490736924	1.799794699837218e-7
0.03262457781906081	1.801265633482765e-7
0.03348770070815601	1.8027464251001772e-7
0.034355139211696875	1.8042371554442185e-7
0.035226914907755424	1.805737906106408e-7
0.03610304948229413	1.8072487595257034e-7
0.03698356472970569	1.8087697989995828e-7
0.03786848255335419	1.810301108695012e-7
0.038757824966120964	1.8118427736600057e-7
0.03965161409095162	1.8133948798349996e-7
0.04054987216140643	1.8149575140645437e-7
0.04145262152221345	1.816530764109156e-7
0.04235988462982453	1.818114718657461e-7
0.04327168405297366	1.8197094673383798e-7
0.0441880424732386	1.82131510073359e-7
0.04510898268560485	1.822931710390051e-7
0.046034527599032954	1.8245593888330516e-7
0.04696470023702812	1.826198229579163e-7
0.04789952373821329	1.8278483271493607e-7
0.048839021356904266	1.829509777082762e-7
0.04978321646368884	1.8311826759501055e-7
0.05073213254600732	1.8328671213676184e-7
0.05168579320873729	1.834563212011452e-7
0.052644222174780875	1.8362710476316945e-7
0.05360744328565471	1.8379907290671218e-7
0.054575480502083065	1.8397223582600735e-7
0.055548357904593434	1.8414660382714433e-7
0.056526099694116344	1.843221873296085e-7
0.0575087301925869	1.8449899686782388e-7
0.05849627384354973	1.8467704309275871e-7
0.05948875521276744	1.848563367735183e-7
0.06048619898883127	1.8503688879898123e-7
0.061488629983775384	1.852187101794763e-7
0.06249607313369419	1.8540181204845853e-7
0.06350855349936275	1.8558620566424208e-7
0.06452609626685958	1.857719024117319e-7
0.06554872674819387	1.859589138042156e-7
0.06657647038193484	1.8614725148517398e-7
0.06760935273384447	1.8633692723009699e-7
0.06864739949751365	1.8652795294837975e-7
0.0696906364950013	1.8672034068521343e-7
0.07073908967747639	1.869141026235009e-7
0.07179278512586384	1.8710925108585997e-7
0.07285174905149322	1.8730579853658752e-7
0.0739160077967507	1.8750375758371915e-7
0.07498558783573436	1.877031409810861e-7
0.07606051577491299	1.8790396163042368e-7
0.07714081835378758	1.8810623258351226e-7
0.07822652244555647	1.8830996704435878e-7
0.07931765505778425	1.8851517837140706e-7
0.0804142433330731	1.8872188007981414e-7
0.08151631454973848	1.8893008584371165e-7
0.08262389612248718	1.8913980949856715e-7
0.0837370156030995	1.893510650435556e-7
0.0848557006811149	1.8956386664397105e-7
0.0859799791845205	1.89778228633695e-7
0.08710987908044313	1.8999416551770142e-7
0.08824542847584534	1.9021169197459825e-7
0.08938665561822454	1.9043082285923365e-7
0.09053358889631567	1.9065157320532912e-7
0.09168625684079722	1.908739582281764e-7
0.09284468812500112	1.9109799332736527e-7
0.09400891156562617	1.913236940895802e-7
0.0951789561234543	1.9155107629143408e-7
0.09635485090407148	1.917801559023548e-7
0.09753662515859184	1.9201094908753057e-7
0.0987243082843847	1.9224347221090562e-7
0.09991792982580656	1.9247774183822626e-7
0.10111751947493569	1.9271377474015096e-7
0.10232310707231031	1.9295158789541645e-7
0.1035347226076718	1.9319119849405373e-7
0.10475239622071016	1.9343262394067082e-7
0.10597615820181366	1.9367588185780274e-7
0.10720603899282274	1.9392099008931014e-7
0.10844206918778684	1.9416796670384553e-7
0.10968427953372567	1.944168299983959e-7
0.1109327009313943	1.9466759850188026e-7
0.11218736443605135	1.9492029097880977e-7
0.11344830125823162	1.9517492643304183e-7
0.11471554276452282	1.9543152411157273e-7
0.11598912047834534	1.9569010350842692e-7
0.11726906608073695	1.9595068436861476e-7
0.11855541141114062	1.962132866921532e-7
0.11984818846819621	1.9647793073819062e-7
0.12114742941053713	1.9674463702917633e-7
0.12245316655758978	1.9701342635514805e-7
0.1237654323903777	1.972843197780659e-7
0.12508425955232963	1.9755733863626096e-7
0.12640968085009122	1.978325045489508e-7
0.1277417292543416	1.9810983942085617e-7
0.1290804379006133	1.9838936544690334e-7
0.13042584009011637	1.9867110511700397e-7
0.1317779692905669	1.9895508122096792e-7
0.13313685913701961	1.9924131685347208e-7
0.13450254343270476	1.9952983541914983e-7
0.13587505614986833	1.9982066063777577e-7
0.13725443143061763	2.0011381654956343e-7
0.13864070358777073	2.0040932752055286e-7
0.14003390710570945	2.0070721824811625e-7
0.14143407664123803	2.0100751376658046e-7
0.1428412470244442	2.0131023945295292e-7
0.1442554532595664	2.016154210327692e-7
0.14567673052586416	2.0192308458605346e-7
0.1471051141784935	2.0223325655341635e-7
0.14854063974938603	2.0254596374225848e-7
0.149983342948133	2.0286123333311292e-7
0.15143325966287374	2.0317909288612694e-7
0.15289042596118813	2.0349957034764404e-7
0.15435487809099402	2.0382269405697823e-7
0.15582665248144906	2.041484927532741e-7
0.1573057857438562	2.044769955825414e-7
0.15879231467257537	2.0480823210483495e-7
0.16028627624593816	2.051422323015795e-7
0.16178770762716785	2.0547902658304938e-7
0.16329664616530362	2.0581864579600923e-7
0.16481312939613008	2.0616112123151862e-7
0.1663371950431107	2.0650648463290685e-7
0.16786888101832628	2.0685476820390123e-7
0.1694082254234178	2.0720600461696003e-7
0.1709552665505349	2.0756022702175383e-7
0.17251004288328747	2.0791746905385346e-7
0.17407259309770393	2.0827776484359574e-7
0.17564295606319252	2.0864114902514526e-7
0.17722117084350858	2.0900765674575476e-7
0.17880727669772617	2.0937732367522975e-7
0.18040131308121476	2.0975018601560449e-7
0.18200331964662084	2.1012628051101643e-7
0.18361333624485401	2.1050564445782983e-7
0.18523140292607826	2.1088831571495574e-7
0.18685755994070874	2.1127433271441258e-7
0.1884918477404122	2.1166373447213288e-7
0.19013430697911424	2.120565605990111e-7
0.1917849785140098	2.1245285131217404e-7
0.19344390340657974	2.128526474465571e-7
0.19511112292361268	2.1325599046670237e-7
0.1967866785382308	2.1366292247883318e-7
0.19847061193092203	2.1407348624323737e-7
0.20016296499057665	2.1448772518688558e-7
0.20186377981552947	2.1490568341638506e-7
0.2035730987146071	2.1532740573121294e-7
0.20529096420818022	2.1575293763725425e-7
0.20701741902922113	2.1618232536067537e-7
0.20875250612436722	2.16615615862101e-7
0.210496268654989	2.1705285685114504e-7
0.21224874999826396	2.174940968012677e-7
0.21400999374825516	2.1793938496500232e-7
0.21578004371699644	2.1838877138952877e-7
0.21755894393558148	2.1884230693262882e-7
0.2193467386552594	2.1930004327902706e-7
0.22114347234853576	2.1976203295712538e-7
0.22294918971027836	2.2022832935612842e-7
0.2247639356588297	2.206989867436003e-7
0.2265877553371239	2.211740602834572e-7
0.2284206941138094	2.2165360605437103e-7
0.23026279758437848	2.2213768106865505e-7
0.23211411157230027	2.2262634329160398e-7
0.23397468213016168	2.2311965166131442e-7
0.23584455554081238	2.2361766610899624e-7
0.23772377831851643	2.241204475797933e-7
0.23961239721010893	2.2462805805413379e-7
0.24151045919615952	2.2514056056960256e-7
0.24341801149214037	2.2565801924339075e-7
0.24533510154960114	2.261804992952831e-7
0.24726177705734917	2.2670806707125794e-7
0.24919808594263598	2.2724079006769172e-7
0.2511440763723492	2.2777873695616302e-7
0.2530997967542111	2.2832197760891949e-7
0.25506529573798215	2.2887058312499213e-7
0.2570406222166721	2.2942462585699603e-7
0.25902582532775553	2.2998417943863645e-7
0.2610209544543945	2.3054931881291472e-7
0.2630260592266663	2.3112012026110045e-7
0.2650411895227997	2.316966614324727e-7
0.26706639547041383	2.3227902137481897e-7
0.2691017274477658	2.3286728056579506e-7
0.2711472360850044	2.3346152094507522e-7
0.27320297226542956	2.340618259474211e-7
0.2752689871267568	2.3466828053659273e-7
0.2773453320623904	2.3528097124021076e-7
0.27943205872270227	2.3589998618556617e-7
0.2815292190163157	2.3652541513640267e-7
0.28363686511139713	2.3715734953070728e-7
0.2857550494369543	2.3779588251954615e-7
0.287883824684139	2.384411090069926e-7
0.2900232438075598	2.390931256911359e-7
0.29217336002659744	2.397520311062711e-7
0.2943342268267306	2.4041792566623755e-7
0.2965058979608642	2.4109091170899947e-7
0.2986884274506685	2.417710935425062e-7
0.3008818695879217	2.424585774918029e-7
0.3030862789358613	2.431534719475431e-7
0.3053017103305407	2.4385588741585275e-7
0.30752821888219345	2.445659365696557e-7
0.3097658599766045	2.452837343014692e-7
0.31201468927648746	2.4600939777773274e-7
0.3142747627228697	2.467430464947212e-7
0.31654613653648417	2.4748480233612744e-7
0.31882886721916665	2.4823478963226054e-7
0.32112301155526257	2.489931352210921e-7
0.3234286266130387	2.4975996851103485e-7
0.325745769746104	2.505354215456404e-7
0.3280744985948343	2.513196290702013e-7
0.33041487108780826	2.521127286003817e-7
0.3327669454432473	2.5291486049290537e-7
0.3351307801704635	2.5372616801838454e-7
0.3375064340713156	2.5454679743638125e-7
0.33989396624167195	2.5537689807275195e-7
0.3422934360728803	2.562166223993698e-7
0.3447049032532445	2.570661261163299e-7
0.34712842776951053	2.5792556823665836e-7
0.3495640699083581	2.5879511117370657e-7
0.3520118902578999	2.596749208312553e-7
0.35447194970918944	2.605651666964396e-7
0.35694430945773536	2.6146602193563295e-7
0.35942903100502394	2.623776634933671e-7
0.36192617616004885	2.63300272194381e-7
0.36443580704084905	2.642340328489497e-7
0.3669579860760533	2.651791343616204e-7
0.3694927760064337	2.661357698434175e-7
0.3720402398864656	2.6710413672772266e-7
0.37460044108589774	2.680844368899235e-7
0.37717344329132724	2.6907687677098344e-7
0.37975931050778367	2.7008166750506855e-7
0.38235810706032236	2.710990250514235e-7
0.3849698975956241	2.7212917033059976e-7
0.38759474708360203	2.731723293652537e-7
0.39023272081902005	2.742287334256684e-7
0.39288388442311495	2.7529861918017926e-7
0.3955483038452304	2.763822288507219e-7
0.39822604536445655	2.7747981037364563e-7
0.40091717559127893	2.7859161756609276e-7
0.4036217614692354	2.7971791029802474e-7
0.4063398702765814	2.8085895467030477e-7
0.40907156962796437	2.8201502319889787e-7
0.4118169274761041	2.8318639500556547e-7
0.41457601211348477	2.8437335601524744e-7
0.41734889217405197	2.8557619916044024e-7
0.42013563663492237	2.8679522459282575e-7
0.4229363148180968	2.880307399025064e-7
0.4257509963921872	2.8928306034508757e-7
0.4285797513741481	2.9055250907701823e-7
0.431422650131019	2.91839417399446e-7
0.4342797633816742	2.931441250110374e-7
0.4371511621985827	2.944669802701007e-7
0.4400369180095757	2.9580834046640446e-7
0.4429371025996235	2.971685721030906e-7
0.44585178811262155	2.9854805118923384e-7
0.44878104705318456	2.999471635433475e-7
0.4517249522884503	3.0136630510843816e-7
0.4546835770498925	3.0280588227906325e-7
0.4576569949351417	3.0426631224097434e-7
0.4606452799098173	3.0574802332384036e-7
0.46364850630936627	3.072514553676944e-7
0.46666674884091325	3.087770601037084e-7
0.46970008258511775	3.103253015499696e-7
0.4727485829980431	3.1189665642286815e-7
0.47581232591303324	3.134916145649493e-7
0.47889138754259847	3.15110679389865e-7
0.4819858444803113	3.16754368345296e-7
0.48509577370271284	3.1842321339466777e-7
0.48822125257122634	3.2011776151856666e-7
0.4913623588340824	3.2183857523674655e-7
0.49451917062825274	3.2358623315179433e-7
0.49769176648139396	3.253613305153944e-7
0.5008802253138008	3.2716447981838843e-7
0.50408462644037	3.2899631140574467e-7
0.5073050495725719	3.3085747411765074e-7
0.5105415748204347	3.3274863595806704e-7
0.513794282694537	3.3467048479211543e-7
0.5170632541080095	3.366237290736933e-7
0.5203485703785496	3.386090986049524e-7
0.5236503132304423	3.406273453292028e-7
0.5269685647965943	3.4267924415901377e-7
0.530303407620577	3.447655938413132e-7
0.5336549246586798	3.468872178615671e-7
0.5370231992819733	3.4904496538889916e-7
0.5404083152783831	3.512397122646744e-7
0.5438103568547752	3.534723620366347e-7
0.5472294086390488	3.557438470413271e-7
0.5506655556822441	3.580551295374164e-7
0.5541188834606553	3.6040720289285774e-7
0.5575894778779587	3.628010928290008e-7
0.5610774252673482	3.652378587250224e-7
0.5645828123936848	3.67718594986167e-7
0.5681057264556529	3.7024443247985385e-7
0.5716462550879313	3.728165400436836e-7
0.575204486363371	3.7543612606987594e-7
0.5787805087951877	3.7810444017114453e-7
0.5823744113391636	3.808227749331834e-7
0.5859862833958592	3.8359246775957014e-7
0.5896162148128385	3.864149028154341e-7
0.5932642958869029	3.892915130765791e-7
0.5969306173663373	3.922237824917384e-7
0.6006152704531689	3.952132482659577e-7
0.6043183468054348	3.982615032742369e-7
0.6080399385394619	4.013701986152757e-7
0.6117801382321592	4.04541046316205e-7
0.6155390389233196	4.077758222003744e-7
0.6193167341179363	4.110763689315688e-7
0.623113317788526	4.1444459924937386e-7
0.6269288843774687	4.178824994122811e-7
0.6307635287993559	4.213921328668291e-7
0.6346173464433525	4.249756441633626e-7
0.6384904331755692	4.286352631413686e-7
0.642382885341447	4.3237330941036267e-7
0.6462947997681542	4.361921971552342e-7
0.6502262737669948	4.400944402990107e-7
0.6541774051358298	4.4408265806004955e-7
0.6581482921615086	4.4815958094571337e-7
0.6621390336223161	4.5232805723010764e-7
0.6661497287904276	4.565910599702602e-7
0.6701804774343794	4.6095169462233137e-7
0.6742313798215511	4.6541320732842847e-7
0.678302536720659	4.699789939545413e-7
0.6823940494042624	4.746526099718001e-7
0.6865060196512838	4.794377812867665e-7
0.6906385497495403	4.843384161420228e-7
0.694791742498288	4.893586182264791e-7
0.6989657012107795	4.945027011556905e-7
0.7031605297168335	4.99775204506798e-7
0.7073763323654175	5.051809116207577e-7
0.7116132140272448	5.107248694170299e-7
0.7158712800973807	5.164124105036999e-7
0.7201506364978674	5.222491779093215e-7
0.7244513896803564	5.282411528134825e-7
0.728773646628758	5.343946857110633e-7
0.7331175148619017	5.407165315125251e-7
0.7374831024362114	5.472138891601421e-7
0.7418705179483922	5.53894446429422e-7
0.7462798705381343	5.607664306878072e-7
0.750711269890825	5.678386665009356e-7
0.7551648262402791	5.751206411125713e-7
0.7596406503714807	5.826225789792804e-7
0.7641388536233382	5.903555267192289e-7
0.7686595478914547	5.9833145003683e-7
0.773202845630912	6.065633444166513e-7
0.7777688598590664	6.150653616427971e-7
0.7823577041583616	6.238529544987599e-7
0.7869694926791535	6.329430423413023e-7
0.7916043401425493	6.423542006253209e-7
0.796262361843262	6.521068778896413e-7
0.8009436736524783	6.622236442034181e-7
0.8056483920207407	6.727294756247411e-7
0.8103766339808444	6.836520798471013e-7
0.8151285171507487	6.95022268913573e-7
0.8199041597365022	7.068743856756899e-7
0.8247036805351848	7.19246791577573e-7
0.8295271989378608	7.321824243732856e-7
0.8343748349325502	7.457294355579672e-7
0.8392467091072129	7.599419186365197e-7
0.844142942652749	7.748807409009996e-7
0.8490636573660127	7.90614493176105e-7
0.8540089756528428	8.072205740720594e-7
0.8589790205311072	8.247864277096272e-7
0.8639739156337627	8.434109567254137e-7
0.8689739156337625	8.63125514223902e-7
0.8739739156337623	8.840196395173695e-7
0.878973915633762	9.062143507181169e-7
0.8839739156337618	9.298451671504628e-7
0.8889739156337617	9.550638320677398e-7
0.8939739156337615	9.820402361866887e-7
0.8989739156337613	1.0109645671338586e-6
0.9039739156337611	1.0420497133666623e-6
0.9089739156337608	1.0755339550850082e-6
0.9139739156337606	1.1116839791158016e-6
0.9189739156337604	1.1507982597904816e-6
0.9239739156337602	1.1932108535175203e-6
0.9289739156337601	1.2392956611606105e-6
0.9339739156337599	1.289471219567295e-6
0.9389739156337596	1.344206091769346e-6
0.9439739156337594	1.4040249346304024e-6
0.9489739156337592	1.4695153332062274e-6
0.953973915633759	1.541335502990965e-6
0.9589739156337588	1.6202229747591487e-6
0.9639739156337586	1.7070043921184486e-6
0.9689739156337585	1.8026065694370297e-6
0.9739739156337582	1.9080689778174423e-6
0.978973915633758	2.0245578496125505e-6
0.9839739156337578	2.153382118027192e-6
0.9889739156337576	2.2960114380866997e-6
0.9939739156337574	2.454096569206827e-6
0.9989739156337571	2.6294924383719862e-6
1.003973915633757	2.824284247199142e-6
1.0089739156337567	3.0408170367096943e-6
1.0139739156337566	3.2817291813239127e-6
1.0189739156337563	3.549990349419046e-6
1.0239739156337562	3.84894454286745e-6
1.028973915633756	4.182358913535331e-6
1.0339739156337557	4.554479152165778e-6
1.0389739156337556	4.970092355927233e-6
1.0439739156337553	5.434598406868153e-6
1.0489739156337552	5.954091036417118e-6
1.0539739156337549	6.535449912874348e-6
1.0589739156337548	7.186445271642589e-6
1.0639739156337544	7.91585681387568e-6
1.0689739156337543	8.733608830445952e-6
1.0739739156337542	9.650923766657395e-6
1.0789739156337539	1.068049673075225e-5
1.0839739156337538	1.1836693767272275e-5
1.0889739156337535	1.3135777065278087e-5
1.0939739156337533	1.4596160650665741e-5
1.098973915633753	1.6238700519014486e-5
1.103973915633753	1.8087023595801445e-5
1.1089739156337528	2.0167900356267757e-5
1.1139739156337525	2.2511666385124997e-5
1.1189739156337524	2.5152698587792495e-5
1.123973915633752	2.8129952153269106e-5
1.128973915633752	3.148756467688951e-5
1.1339739156337516	3.5275534028805894e-5
1.1389739156337515	3.9550476534266256e-5
1.1439739156337512	4.4376471727544386e-5
1.148973915633751	4.9825999241639714e-5
1.153973915633751	5.5980972161089805e-5
1.1589739156337506	6.293386922513987e-5
1.1639739156337505	7.078896541924387e-5
1.1689739156337502	7.966365649942695e-5
1.17397391563375	8.968986759537327e-5
1.1789739156337498	0.00010101552896125256
1.1839739156337497	0.00011380609292699576
1.1889739156337495	0.00012824605493526244
1.1939739156337492	0.00014454042812485056
1.197980436725312	0.0001590875736499124
1.2019869578168745	0.00017509808639070586
1.2059934789084372	0.0001927090928176429
1.21	0.00021206778191830045
