0.0006999999999999628	1.9309025366505944e-7
0.001403500000000035	1.9321784466752112e-7
0.0021105174999999296	1.9334625039255008e-7
0.0028210700874998964	1.9347547211400282e-7
0.003535175437937438	1.936055159353609e-7
0.004252851315127062	1.9373638808365497e-7
0.004974115571702636	1.9386809484543862e-7
0.005698986149561044	1.940006425665946e-7
0.006427481080308875	1.9413403765299187e-7
0.007159618485710418	1.942682865712161e-7
0.007895416578138905	1.944033958492732e-7
0.008634893661029494	1.945393720773096e-7
0.00937806812933463	1.9467622190835127e-7
0.010124958469981361	1.9481395205905053e-7
0.010875583262331262	1.9495256931044063e-7
0.01162996117864295	1.9509208050869833e-7
0.012388110984536127	1.9523249256592732e-7
0.013150051539458866	1.9537381246094002e-7
0.013915801797156208	1.9551604724006235e-7
0.014685380806142003	1.956592040179452e-7
0.015458807710172712	1.9580328997838974e-7
0.01623610174872358	1.9594831237517545e-7
0.017017282257467212	1.9609427853291293e-7
0.017802368668754516	1.9624119584790262e-7
0.01859138051209827	1.9638907178900425e-7
0.019384337414658823	1.96537913898529e-7
0.020181259101732015	1.966877297931308e-7
0.020982165397240727	1.9683852716472283e-7
0.02178707622422691	1.9699031378139215e-7
0.02259601160534814	1.9714309748834794e-7
0.02340899166337483	1.9729688620887807e-7
0.024226036621691812	1.9745168794529802e-7
0.02504716680480027	1.976075107799515e-7
0.025872402638824326	1.9776436287618588e-7
0.02670176465201842	1.9792225247938542e-7
0.02753527347527842	1.980811879179689e-7
0.028372949842654864	1.9824117760446298e-7
0.0292148145918682	1.9840223003653506e-7
0.03006088866482743	1.9856435379807139e-7
0.03091119310815165	1.9872755756026567e-7
0.0317657490736924	1.9889185008272986e-7
0.03262457781906081	1.9905724021461674e-7
0.03348770070815601	1.992237368957467e-7
0.034355139211696875	1.9939134915777848e-7
0.035226914907755424	1.9956008612537762e-7
0.03610304948229413	1.9972995701741116e-7
0.03698356472970569	1.999009711481554e-7
0.03786848255335419	2.0007313792852878e-7
0.038757824966120964	2.002464668673357e-7
0.03965161409095162	2.004209675725486e-7
0.04054987216140643	2.0059664975257732e-7
0.04145262152221345	2.0077352321758684e-7
0.04235988462982453	2.0095159788082922e-7
0.04327168405297366	2.0113088375998358e-7
0.0441880424732386	2.013113909785382e-7
0.04510898268560485	2.0149312976716717e-7
0.046034527599032954	2.0167611046516216e-7
0.04696470023702812	2.01860343521861e-7
0.04789952373821329	2.0204583949809998e-7
0.048839021356904266	2.022326090677118e-7
0.04978321646368884	2.024206630190163e-7
0.05073213254600732	2.026100122563691e-7
0.05168579320873729	2.028006678017e-7
0.052644222174780875	2.0299264079610357e-7
0.05360744328565471	2.0318594250143695e-7
0.054575480502083065	2.0338058430196106e-7
0.055548357904593434	2.035765777059944e-7
0.056526099694116344	2.0377393434759822e-7
0.0575087301925869	2.0397266598828588e-7
0.05849627384354973	2.04172784518766e-7
0.05948875521276744	2.0437430196072518e-7
0.06048619898883127	2.0457723046860627e-7
0.061488629983775384	2.0478158233143947e-7
0.06249607313369419	2.049873699747196e-7
0.06350855349936275	2.0519460596227088e-7
0.06452609626685958	2.0540330299818438e-7
0.06554872674819387	2.0561347392876834e-7
0.06657647038193484	2.0582513174452457e-7
0.06760935273384447	2.060382895821766e-7
0.06864739949751365	2.0625296072671803e-7
0.0696906364950013	2.0646915861350285e-7
0.07073908967747639	2.0668689683036206e-7
0.07179278512586384	2.069061891197711e-7
0.07285174905149322	2.0712704938103602e-7
0.0739160077967507	2.073494916725274e-7
0.07498558783573436	2.075735302139637e-7
0.07606051577491299	2.0779917938869964e-7
0.07714081835378758	2.0802645374609353e-7
0.07822652244555647	2.082553680038886e-7
0.07931765505778425	2.084859370506444e-7
0.0804142433330731	2.087181759482127e-7
0.08151631454973848	2.089520999342516e-7
0.08262389612248718	2.0918772442479193e-7
0.0837370156030995	2.0942506501682597e-7
0.0848557006811149	2.096641374909795e-7
0.0859799791845205	2.0990495781418753e-7
0.08710987908044313	2.1014754214245465e-7
0.08824542847584534	2.103919068236484e-7
0.08938665561822454	2.1063806840032357e-7
0.09053358889631567	2.1088604361263357e-7
0.09168625684079722	2.111358494012692e-7
0.09284468812500112	2.1138750291045415e-7
0.09400891156562617	2.1164102149099951e-7
0.0951789561234543	2.1189642270340695e-7
0.09635485090407148	2.1215372432103265e-7
0.09753662515859184	2.1241294433329414e-7
0.0987243082843847	2.1267410094897692e-7
0.09991792982580656	2.1293721259953418e-7
0.10111751947493569	2.1320229794251153e-7
0.10232310707231031	2.1346937586500153e-7
0.1035347226076718	2.1373846548715578e-7
0.10475239622071016	2.1400958616579167e-7
0.10597615820181366	2.142827574980207e-7
0.10720603899282274	2.14557999325005e-7
0.10844206918778684	2.1483533173571703e-7
0.10968427953372567	2.1511477507081953e-7
0.1109327009313943	2.153963499265903e-7
0.11218736443605135	2.1568007715893273e-7
0.11344830125823162	2.1596597788746838e-7
0.11471554276452282	2.1625407349967495e-7
0.11598912047834534	2.16544385655147e-7
0.11726906608073695	2.1683693628989722e-7
0.11855541141114062	2.171317476207721e-7
0.11984818846819621	2.1742884214992133e-7
0.12114742941053713	2.1772824266938182e-7
0.12245316655758978	2.18029972265733e-7
0.1237654323903777	2.1833405432482653e-7
0.12508425955232963	2.1864051253666042e-7
0.12640968085009122	2.1894937090028083e-7
0.1277417292543416	2.1926065372882604e-7
0.1290804379006133	2.1957438565464535e-7
0.13042584009011637	2.198905916345401e-7
0.1317779692905669	2.2020929695507184e-7
0.13313685913701961	2.2053052723801775e-7
0.13450254343270476	2.2085430844589623e-7
0.13587505614986833	2.2118066688763344e-7
0.13725443143061763	2.2150962922430532e-7
0.13864070358777073	2.2184122247503507e-7
0.14003390710570945	2.221754740229841e-7
0.14143407664123803	2.2251241162145747e-7
0.1428412470244442	2.22852063400151e-7
0.1442554532595664	2.2319445787151614e-7
0.14567673052586416	2.235396239372555e-7
0.1471051141784935	2.2388759089492937e-7
0.14854063974938603	2.242383884447409e-7
0.149983342948133	2.2459204669641578e-7
0.15143325966287374	2.2494859617624768e-7
0.15289042596118813	2.2530806783428224e-7
0.15435487809099402	2.2567049305164352e-7
0.15582665248144906	2.2603590364802374e-7
0.1573057857438562	2.2640433188932475e-7
0.15879231467257537	2.2677581049544243e-7
0.16028627624593816	2.2715037264824145e-7
0.16178770762716785	2.2752805199967712e-7
0.16329664616530362	2.2790888268009422e-7
0.16481312939613008	2.2829289930669684e-7
0.1663371950431107	2.2868013699221474e-7
0.16786888101832628	2.29070631353726e-7
0.1694082254234178	2.2946441852168873e-7
0.1709552665505349	2.298615351491597e-7
0.17251004288328747	2.3026201842121266e-7
0.17407259309770393	2.306659060645517e-7
0.17564295606319252	2.3107323635734557e-7
0.17722117084350858	2.314840481392631e-7
0.17880727669772617	2.3189838082173266e-7
0.18040131308121476	2.3231627439842965e-7
0.18200331964662084	2.327377694559751e-7
0.18361333624485401	2.331629071849082e-7
0.18523140292607826	2.335917293908447e-7
0.18685755994070874	2.340242785059462e-7
0.1884918477404122	2.344605976005845e-7
0.19013430697911424	2.3490073039531353e-7
0.1917849785140098	2.35344721273075e-7
0.19344390340657974	2.3579261529170455e-7
0.19511112292361268	2.3624445819669757e-7
0.1967866785382308	2.3670029643427812e-7
0.19847061193092203	2.3716017716476733e-7
0.20016296499057665	2.3762414827623096e-7
0.20186377981552947	2.3809225839848222e-7
0.2035730987146071	2.38564556917361e-7
0.20529096420818022	2.3904109398936984e-7
0.20701741902922113	2.395219205566509e-7
0.20875250612436722	2.4000708836228273e-7
0.210496268654989	2.4049664996596064e-7
0.21224874999826396	2.409906587600418e-7
0.21400999374825516	2.4148916898594595e-7
0.21578004371699644	2.419922357509698e-7
0.21755894393558148	2.424999150454678e-7
0.2193467386552594	2.4301226376048286e-7
0.22114347234853576	2.435293397057575e-7
0.22294918971027836	2.44051201628191e-7
0.2247639356588297	2.445779092307474e-7
0.2265877553371239	2.45109523191813e-7
0.2284206941138094	2.4564610518501194e-7
0.23026279758437848	2.461877178995294e-7
0.23211411157230027	2.4673442506090087e-7
0.23397468213016168	2.4728629145232955e-7
0.23584455554081238	2.478433829365287e-7
0.23772377831851643	2.484057664780849e-7
0.23961239721010893	2.489735101664024e-7
0.24151045919615952	2.495466832391929e-7
0.24341801149214037	2.5012535610657026e-7
0.24533510154960114	2.5070960037573485e-7
0.24726177705734917	2.512994888763111e-7
0.24919808594263598	2.5189509568626135e-7
0.2511440763723492	2.524964961585493e-7
0.2530997967542111	2.5310376694838945e-7
0.25506529573798215	2.537169860412579e-7
0.2570406222166721	2.543362327816135e-7
0.25902582532775553	2.549615879023297e-7
0.2610209544543945	2.555931335549155e-7
0.2630260592266663	2.5623095334053406e-7
0.2650411895227997	2.5687513234178735e-7
0.26706639547041383	2.5752575715539377e-7
0.2691017274477658	2.5818291592567147e-7
0.2711472360850044	2.588466983789372e-7
0.27320297226542956	2.595171958588418e-7
0.2752689871267568	2.601945013625758e-7
0.2773453320623904	2.6087870957814045e-7
0.27943205872270227	2.615699169225361e-7
0.2815292190163157	2.6226822158103346e-7
0.28363686511139713	2.629737235475106e-7
0.2857550494369543	2.636865246658478e-7
0.287883824684139	2.644067286725174e-7
0.2900232438075598	2.651344412402854e-7
0.29217336002659744	2.65869770023147e-7
0.2943342268267306	2.6661282470252966e-7
0.2965058979608642	2.673637170347329e-7
0.2986884274506685	2.6812256089973943e-7
0.3008818695879217	2.68889472351362e-7
0.3030862789358613	2.696645696688412e-7
0.3053017103305407	2.704479734098695e-7
0.30752821888219345	2.712398064651563e-7
0.3097658599766045	2.7204019411450303e-7
0.31201468927648746	2.7284926408456093e-7
0.3142747627228697	2.736671466081734e-7
0.31654613653648417	2.7449397448550095e-7
0.31882886721916665	2.7532988314687283e-7
0.32112301155526257	2.761750107175201e-7
0.3234286266130387	2.7702949808415004e-7
0.325745769746104	2.7789348896353726e-7
0.3280744985948343	2.7876712997311096e-7
0.33041487108780826	2.7965057070364366e-7
0.3327669454432473	2.8054396379410564e-7
0.3351307801704635	2.8144746500877593e-7
0.3375064340713156	2.8236123331665593e-7
0.33989396624167195	2.832854309732918e-7
0.3422934360728803	2.8422022360507746e-7
0.3447049032532445	2.8516578029613955e-7
0.34712842776951053	2.861222736778549e-7
0.3495640699083581	2.8708988002116354e-7
0.3520118902578999	2.880687793316867e-7
0.35447194970918944	2.8905915544782915e-7
0.35694430945773536	2.9006119614194233e-7
0.35942903100502394	2.910750932246245e-7
0.36192617616004885	2.921010426523337e-7
0.36443580704084905	2.931392446383998e-7
0.3669579860760533	2.941899037675279e-7
0.3694927760064337	2.952532291139942e-7
0.3720402398864656	2.9632943436362025e-7
0.37460044108589774	2.974187379396512e-7
0.37717344329132724	2.9852136313274274e-7
0.37975931050778367	2.996375382351494e-7
0.38235810706032236	3.007674966792948e-7
0.3849698975956241	3.0191147718092184e-7
0.38759474708360203	3.0306972388692717e-7
0.39023272081902005	3.042424865281139e-7
0.39288388442311495	3.0543002057704704e-7
0.3955483038452304	3.0663258741118283e-7
0.39822604536445655	3.078504544814948e-7
0.40091717559127893	3.090838954867926e-7
0.4036217614692354	3.1033319055399807e-7
0.4063398702765814	3.115986264245657e-7
0.40907156962796437	3.12880496647335e-7
0.4118169274761041	3.1417910177801807e-7
0.41457601211348477	3.15494749585664e-7
0.41734889217405197	3.1682775526629866e-7
0.42013563663492237	3.181784416641024e-7
0.4229363148180968	3.1954713950040967e-7
0.4257509963921872	3.2093418761082203e-7
0.4285797513741481	3.223399331908349e-7
0.431422650131019	3.2376473205027156e-7
0.4342797633816742	3.252089488769279e-7
0.4371511621985827	3.2667295750983414e-7
0.4400369180095757	3.281571412224752e-7
0.4429371025996235	3.2966189301649156e-7
0.44585178811262155	3.311876159262246e-7
0.44878104705318456	3.3273472333461123e-7
0.4517249522884503	3.343036393009652e-7
0.4546835770498925	3.3589479890106715e-7
0.4576569949351417	3.375086485802067e-7
0.4606452799098173	3.3914564651970855e-7
0.46364850630936627	3.408062630175038e-7
0.46666674884091325	3.4249098088345674e-7
0.46970008258511775	3.4420029585006377e-7
0.4727485829980431	3.459347169992355e-7
0.47581232591303324	3.4769476720587114e-7
0.47889138754259847	3.4948098359906415e-7
0.4819858444803113	3.512939180416679e-7
0.48509577370271284	3.53134137629109e-7
0.48822125257122634	3.550022252084315e-7
0.4913623588340824	3.568987799183598e-7
0.49451917062825274	3.5882441775153376e-7
0.49769176648139396	3.607797721398437e-7
0.5008802253138008	3.627654945641073e-7
0.50408462644037	3.647822551891599e-7
0.5073050495725719	3.6683074352561174e-7
0.5105415748204347	3.68911669119667e-7
0.513794282694537	3.7102576227225956e-7
0.5170632541080095	3.7317377478910487e-7
0.5203485703785496	3.75356480763116e-7
0.5236503132304423	3.775746773908964e-7
0.5269685647965943	3.7982918582502575e-7
0.530303407620577	3.821208520640339e-7
0.5336549246586798	3.844505478819898e-7
0.5370231992819733	3.868191717998105e-7
0.5404083152783831	3.892276501006226e-7
0.5438103568547752	3.9167693789142666e-7
0.5472294086390488	3.9416802021372373e-7
0.5506655556822441	3.9670191320581043e-7
0.5541188834606553	3.992796653196348e-7
0.5575894778779587	4.019023585954278e-7
0.5610774252673482	4.0457110999741356e-7
0.5645828123936848	4.0728707281428084e-7
0.5681057264556529	4.1005143812828136e-7
0.5716462550879313	4.128654363572625e-7
0.575204486363371	4.1573033887414053e-7
0.5787805087951877	4.1864745970873057e-7
0.5823744113391636	4.216181573374383e-7
0.5859862833958592	4.246438365665114e-7
0.5896162148128385	4.2772595051530335e-7
0.5932642958869029	4.3086600270642886e-7
0.5969306173663373	4.3406554927048385e-7
0.6006152704531689	4.3732620127351927e-7
0.6043183468054348	4.4064962717652197e-7
0.6080399385394619	4.4403755543683355e-7
0.6117801382321592	4.4749177726267236e-7
0.6155390389233196	4.5101414953284956e-7
0.6193167341179363	4.5460659789539674e-7
0.623113317788526	4.582711200599151e-7
0.6269288843774687	4.620097893004847e-7
0.6307635287993559	4.6582475818768606e-7
0.6346173464433525	4.6971826257054196e-7
0.6384904331755692	4.736926258315986e-7
0.642382885341447	4.777502634413096e-7
0.6462947997681542	4.818936878410096e-7
0.6502262737669948	4.861255136876095e-7
0.6541774051358298	4.904484634972842e-7
0.6581482921615086	4.948653737304491e-7
0.6621390336223161	4.993792013658436e-7
0.6661497287904276	5.039930310182371e-7
0.6701804774343794	5.087100826614241e-7
0.6742313798215511	5.135337200272854e-7
0.678302536720659	5.184674597611988e-7
0.6823940494042624	5.235149814259294e-7
0.6865060196512838	5.286801384594466e-7
0.6906385497495403	5.339669702072249e-7
0.694791742498288	5.393797151678296e-7
0.6989657012107795	5.449228256108673e-7
0.7031605297168335	5.506009837504174e-7
0.7073763323654175	5.564191196845096e-7
0.7116132140272448	5.623824313431795e-7
0.7158712800973807	5.684964067244236e-7
0.7201506364978674	5.747668487399894e-7
0.7244513896803564	5.81199903042128e-7
0.728773646628758	5.878020892589611e-7
0.7331175148619017	5.945803361317238e-7
0.7374831024362114	6.015420211223902e-7
0.7418705179483922	6.086950151466957e-7
0.7462798705381343	6.160477331873421e-7
0.750711269890825	6.236091916564378e-7
0.7551648262402791	6.313890735071268e-7
0.7596406503714807	6.393978022446939e-7
0.7641388536233382	6.476466261587455e-7
0.7686595478914547	6.561477142938956e-7
0.773202845630912	6.649142658998796e-7
0.7777688598590664	6.739606353560287e-7
0.7823577041583616	6.833024748540973e-7
0.7869694926791535	6.92956897451787e-7
0.7916043401425493	7.029426634820672e-7
0.796262361843262	7.132803937253716e-7
0.8009436736524783	7.239928132313465e-7
0.8056483920207407	7.351050302190438e-7
0.8103766339808444	7.466448551007233e-7
0.8151285171507487	7.586431653727236e-7
0.8199041597365022	7.711343229114706e-7
0.8247036805351848	7.841566511167963e-7
0.8295271989378608	7.9775298037694e-7
0.8343748349325502	8.119712715107631e-7
0.8392467091072129	8.268653281985003e-7
0.844142942652749	8.424956109740455e-7
0.8490636573660127	8.589301671561036e-7
0.8540089756528428	8.762456931885407e-7
0.8589790205311072	8.945287482945675e-7
0.8639739156337627	9.138771411904773e-7
0.8689739156337625	9.343180058330673e-7
0.8739739156337623	9.559385317684486e-7
0.878973915633762	9.788578829976083e-7
0.8839739156337618	1.0032094608102264e-6
0.8889739156337617	1.0291426044094218e-6
0.8939739156337615	1.0568244911219956e-6
0.8989739156337613	1.086442260913346e-6
0.9039739156337611	1.118205393290313e-6
0.9089739156337608	1.1523483685269024e-6
0.9139739156337606	1.189133649520339e-6
0.9189739156337604	1.2288550255399973e-6
0.9239739156337602	1.2718413647434761e-6
0.9289739156337601	1.318460828685864e-6
0.9339739156337599	1.3691256092384506e-6
0.9389739156337596	1.4242972564755108e-6
0.9439739156337594	1.4844926753140372e-6
0.9489739156337592	1.550290879156713e-6
0.953973915633759	1.6223406006692435e-6
0.9589739156337588	1.7013688733281581e-6
0.9639739156337586	1.78819071273873e-6
0.9689739156337585	1.8837200442210963e-6
0.9739739156337582	1.9889820431062324e-6
0.978973915633758	2.105127076932503e-6
0.9839739156337578	2.2334464646965326e-6
0.9889739156337576	2.3753902979573145e-6
0.9939739156337574	2.5325876024522544e-6
0.9989739156337571	2.7068691575644277e-6
1.003973915633757	2.900293335173085e-6
1.0089739156337567	3.115175369904851e-6
1.0139739156337566	3.3541205304739687e-6
1.0189739156337563	3.6200617276489387e-6
1.0239739156337562	3.916302169556908e-6
1.028973915633756	4.246563760786558e-6
1.0339739156337557	4.615042039510492e-6
1.0389739156337556	5.026468558183703e-6
1.0439739156337553	5.486181740030038e-6
1.0489739156337552	6.000207387402243e-6
1.0539739156337549	6.57535018124257e-6
1.0589739156337548	7.219297695474336e-6
1.0639739156337544	7.940738658474645e-6
1.0689739156337543	8.749497428151673e-6
1.0739739156337542	9.65668690978473e-6
1.0789739156337539	1.0674882438737125e-5
1.0839739156337538	1.181831947503902e-5
1.0889739156337535	1.3103118314596577e-5
1.0939739156337533	1.4547539412292792e-5
1.098973915633753	1.6172273333770935e-5
1.103973915633753	1.8000769801273382e-5
1.1089739156337528	2.0059610767304403e-5
1.1139739156337525	2.237893292665716e-5
1.1189739156337524	2.499290554502007e-5
1.123973915633752	2.7940269915891687e-5
1.128973915633752	3.1264947121678995e-5
1.1339739156337516	3.5016721021537057e-5
1.1389739156337515	3.925200345346599e-5
1.1439739156337512	4.403468843706196e-5
1.148973915633751	4.9437101587848425e-5
1.153973915633751	5.5541049867490903e-5
1.1589739156337506	6.243897502823448e-5
1.1639739156337505	7.023521146176885e-5
1.1689739156337502	7.904734539631342e-5
1.17397391563375	8.90076672356666e-5
1.1789739156337498	0.0001002647020177301
1.1839739156337497	0.00011298479420968897
1.1889739156337495	0.00012735371211391495
1.1939739156337492	0.00014357822388676855
1.197980436725312	0.00015807181091953584
1.2019869578168745	0.00017403257683431696
1.2059934789084372	0.0001915995670621652
1.21	0.00021092231349865024
