0.0006999999999999628	1.531072679097092e-6
0.001403500000000035	1.5318914352557526e-6
0.0021105174999999296	1.5327150969000543e-6
0.0028210700874998964	1.533543699399414e-6
0.003535175437937438	1.5343772769500347e-6
0.004252851315127062	1.5352158640262539e-6
0.004974115571702636	1.5360594953925345e-6
0.005698986149561044	1.5369082061063822e-6
0.006427481080308875	1.5377620315215666e-6
0.007159618485710418	1.5386210072911316e-6
0.007895416578138905	1.5394851693705806e-6
0.008634893661029494	1.5403545540209736e-6
0.00937806812933463	1.5412291978121952e-6
0.010124958469981361	1.5421091376261954e-6
0.010875583262331262	1.5429944106602437e-6
0.01162996117864295	1.5438850544303414e-6
0.012388110984536127	1.5447811067744753e-6
0.013150051539458866	1.5456826058561832e-6
0.013915801797156208	1.5465895901679083e-6
0.014685380806142003	1.5475020985345352e-6
0.015458807710172712	1.5484201701170076e-6
0.01623610174872358	1.5493438444158275e-6
0.017017282257467212	1.5502731612747253e-6
0.017802368668754516	1.55120816088445e-6
0.01859138051209827	1.5521488837863707e-6
0.019384337414658823	1.5530953708763815e-6
0.020181259101732015	1.5540476634086418e-6
0.020982165397240727	1.5550058029995675e-6
0.02178707622422691	1.5559698316316964e-6
0.02259601160534814	1.5569397916577426e-6
0.02340899166337483	1.5579157258045431e-6
0.024226036621691812	1.5588976771773121e-6
0.02504716680480027	1.5598856892636267e-6
0.025872402638824326	1.5608798059377767e-6
0.02670176465201842	1.5618800714649117e-6
0.02753527347527842	1.5628865305054798e-6
0.028372949842654864	1.5638992281194856e-6
0.0292148145918682	1.5649182097710904e-6
0.03006088866482743	1.5659435213328938e-6
0.03091119310815165	1.5669752090907235e-6
0.0317657490736924	1.5680133197480298e-6
0.03262457781906081	1.5690579004308104e-6
0.03348770070815601	1.5701089986920977e-6
0.034355139211696875	1.571166662516981e-6
0.035226914907755424	1.5722309403274136e-6
0.03610304948229413	1.5733018809871052e-6
0.03698356472970569	1.5743795338065847e-6
0.03786848255335419	1.5754639485482765e-6
0.038757824966120964	1.576555175431639e-6
0.03965161409095162	1.5776532651383812e-6
0.04054987216140643	1.5787582688177756e-6
0.04145262152221345	1.579870238091976e-6
0.04235988462982453	1.5809892250615496e-6
0.04327168405297366	1.5821152823108937e-6
0.0441880424732386	1.583248462913876e-6
0.04510898268560485	1.5843888204394942e-6
0.046034527599032954	1.5855364089576741e-6
0.04696470023702812	1.586691283044996e-6
0.04789952373821329	1.5878534977907273e-6
0.048839021356904266	1.5890231088027197e-6
0.04978321646368884	1.5902001722135605e-6
0.05073213254600732	1.591384744686726e-6
0.05168579320873729	1.5925768834227883e-6
0.052644222174780875	1.5937766461658292e-6
0.05360744328565471	1.5949840912098062e-6
0.054575480502083065	1.5961992774051586e-6
0.055548357904593434	1.5974222641654135e-6
0.056526099694116344	1.5986531114737755e-6
0.0575087301925869	1.5998918798901177e-6
0.05849627384354973	1.6011386305578205e-6
0.05948875521276744	1.602393425210752e-6
0.06048619898883127	1.6036563261804017e-6
0.061488629983775384	1.604927396403141e-6
0.06249607313369419	1.6062066994274827e-6
0.06350855349936275	1.607494299421537e-6
0.06452609626685958	1.6087902611805918e-6
0.06554872674819387	1.6100946501347122e-6
0.06657647038193484	1.6114075323564545e-6
0.06760935273384447	1.6127289745688814e-6
0.06864739949751365	1.614059044153446e-6
0.0696906364950013	1.6153978091581375e-6
0.07073908967747639	1.6167453383057137e-6
0.07179278512586384	1.6181017010020921e-6
0.07285174905149322	1.619466967344762e-6
0.0739160077967507	1.6208412081314407e-6
0.07498558783573436	1.6222244948688104e-6
0.07606051577491299	1.6236168997813727e-6
0.07714081835378758	1.625018495820501e-6
0.07822652244555647	1.626429356673459e-6
0.07931765505778425	1.627849556772888e-6
0.0804142433330731	1.6292791713059514e-6
0.08151631454973848	1.630718276224248e-6
0.08262389612248718	1.6321669482531406e-6
0.0837370156030995	1.633625264901903e-6
0.0848557006811149	1.6350933044736488e-6
0.0859799791845205	1.636571146075469e-6
0.08710987908044313	1.6380588696287646e-6
0.08824542847584534	1.639556555879779e-6
0.08938665561822454	1.641064286410173e-6
0.09053358889631567	1.6425821436478757e-6
0.09168625684079722	1.64411021087813e-6
0.09284468812500112	1.6456485722545327e-6
0.09400891156562617	1.647197312810444e-6
0.0951789561234543	1.6487565184704684e-6
0.09635485090407148	1.6503262760621995e-6
0.09753662515859184	1.651906673327999e-6
0.0987243082843847	1.6534977989371172e-6
0.09991792982580656	1.6550997424980037e-6
0.10111751947493569	1.6567125945706803e-6
0.10232310707231031	1.6583364466793828e-6
0.1035347226076718	1.6599713913255983e-6
0.10475239622071016	1.661617522000829e-6
0.10597615820181366	1.663274933200109e-6
0.10720603899282274	1.6649437204354244e-6
0.10844206918778684	1.6666239802494036e-6
0.10968427953372567	1.6683158102292697e-6
0.1109327009313943	1.6700193090209687e-6
0.11218736443605135	1.6717345763435988e-6
0.11344830125823162	1.673461713004046e-6
0.11471554276452282	1.675200820911821e-6
0.11598912047834534	1.6769520030941702e-6
0.11726906608073695	1.678715363711519e-6
0.11855541141114062	1.6804910080729501e-6
0.11984818846819621	1.6822790426522035e-6
0.12114742941053713	1.684079575103809e-6
0.12245316655758978	1.6858927142794606e-6
0.1237654323903777	1.687718570244696e-6
0.12508425955232963	1.6895572542959396e-6
0.12640968085009122	1.6914088789777028e-6
0.1277417292543416	1.6932735581001589e-6
0.1290804379006133	1.695151406756984e-6
0.13042584009011637	1.6970425413435587e-6
0.1317779692905669	1.698947079575268e-6
0.13313685913701961	1.7008651405065565e-6
0.13450254343270476	1.7027968445497502e-6
0.13587505614986833	1.70474231349471e-6
0.13725443143061763	1.706701670528454e-6
0.13864070358777073	1.708675040255326e-6
0.14003390710570945	1.7106625487174463e-6
0.14143407664123803	1.7126643234155309e-6
0.1428412470244442	1.7146804933300842e-6
0.1442554532595664	1.7167111889429416e-6
0.14567673052586416	1.7187565422591557e-6
0.1471051141784935	1.720816686829392e-6
0.14854063974938603	1.7228917577726056e-6
0.149983342948133	1.724981891799146e-6
0.15143325966287374	1.7270872272342816e-6
0.15289042596118813	1.7292079040421932e-6
0.15435487809099402	1.731344063850291e-6
0.15582665248144906	1.7334958499740327e-6
0.1573057857438562	1.7356634074422515e-6
0.15879231467257537	1.737846883022777e-6
0.16028627624593816	1.740046425248713e-6
0.16178770762716785	1.7422621844450293e-6
0.16329664616530362	1.744494312755706e-6
0.16481312939613008	1.7467429641714477e-6
0.1663371950431107	1.7490082945577137e-6
0.16786888101832628	1.7512904616835167e-6
0.1694082254234178	1.753589625250499e-6
0.1709552665505349	1.7559059469227661e-6
0.17251004288328747	1.7582395903571065e-6
0.17407259309770393	1.7605907212338768e-6
0.17564295606319252	1.762959507288474e-6
0.17722117084350858	1.7653461183432017e-6
0.17880727669772617	1.7677507263401058e-6
0.18040131308121476	1.7701735053740418e-6
0.18200331964662084	1.7726146317266495e-6
0.18361333624485401	1.7750742839007807e-6
0.18523140292607826	1.7775526426556989e-6
0.18685755994070874	1.7800498910429843e-6
0.1884918477404122	1.7825662144429315e-6
0.19013430697911424	1.7851018006019268e-6
0.1917849785140098	1.7876568396702547e-6
0.19344390340657974	1.7902315242408642e-6
0.19511112292361268	1.7928260493887942e-6
0.1967866785382308	1.7954406127114246e-6
0.19847061193092203	1.798075414369338e-6
0.20016296499057665	1.8007306571282096e-6
0.20186377981552947	1.8034065464014673e-6
0.2035730987146071	1.8061032902936318e-6
0.20529096420818022	1.8088210996447373e-6
0.20701741902922113	1.8115601880754445e-6
0.20875250612436722	1.8143207720332794e-6
0.210496268654989	1.8171030708395484e-6
0.21224874999826396	1.8199073067373424e-6
0.21400999374825516	1.822733704940471e-6
0.21578004371699644	1.8255824936834676e-6
0.21755894393558148	1.8284539042724168e-6
0.2193467386552594	1.831348171136992e-6
0.22114347234853576	1.834265531883593e-6
0.22294918971027836	1.837206227349282e-6
0.2247639356588297	1.840170501657224e-6
0.2265877553371239	1.8431586022729972e-6
0.2284206941138094	1.8461707800621118e-6
0.23026279758437848	1.8492072893488508e-6
0.23211411157230027	1.8522683879761835e-6
0.23397468213016168	1.855354337367147e-6
0.23584455554081238	1.85846540258712e-6
0.23772377831851643	1.8616018524079461e-6
0.23961239721010893	1.8647639593729845e-6
0.24151045919615952	1.86795199986374e-6
0.24341801149214037	1.8711662541678417e-6
0.24533510154960114	1.874407006548594e-6
0.24726177705734917	1.8776745453158693e-6
0.24919808594263598	1.880969162898584e-6
0.2511440763723492	1.8842911559188924e-6
0.2530997967542111	1.8876408252676788e-6
0.25506529573798215	1.8910184761820685e-6
0.2570406222166721	1.8944244183242799e-6
0.25902582532775553	1.8978589658625101e-6
0.2610209544543945	1.901322437553452e-6
0.2630260592266663	1.9048151568266145e-6
0.2650411895227997	1.9083374518706347e-6
0.26706639547041383	1.9118896557214244e-6
0.2691017274477658	1.9154721063523517e-6
0.2711472360850044	1.91908514676634e-6
0.27320297226542956	1.9227291250903114e-6
0.2752689871267568	1.9264043946713498e-6
0.2773453320623904	1.9301113141755375e-6
0.27943205872270227	1.9338502476886745e-6
0.2815292190163157	1.9376215648194893e-6
0.28363686511139713	1.9414256408052026e-6
0.2857550494369543	1.945262856619511e-6
0.287883824684139	1.9491335990831097e-6
0.2900232438075598	1.953038260976782e-6
0.29217336002659744	1.956977241157045e-6
0.2943342268267306	1.9609509446748264e-6
0.2965058979608642	1.9649597828964732e-6
0.2986884274506685	1.969004173628071e-6
0.3008818695879217	1.973084541242445e-6
0.3030862789358613	1.9772013168093654e-6
0.3053017103305407	1.981354938228763e-6
0.30752821888219345	1.9855458503672226e-6
0.3097658599766045	1.9897745051978103e-6
0.31201468927648746	1.994041361943201e-6
0.3142747627228697	1.9983468872224926e-6
0.31654613653648417	2.002691555201301e-6
0.31882886721916665	2.0070758477460463e-6
0.32112301155526257	2.011500254581458e-6
0.3234286266130387	2.0159652734525858e-6
0.325745769746104	2.0204714102904512e-6
0.3280744985948343	2.0250191793819758e-6
0.33041487108780826	2.0296091035442984e-6
0.3327669454432473	2.03424171430342e-6
0.3351307801704635	2.0389175520772475e-6
0.3375064340713156	2.0436371663636737e-6
0.33989396624167195	2.0484011159330873e-6
0.3422934360728803	2.0532099690261455e-6
0.3447049032532445	2.0580643035565007e-6
0.34712842776951053	2.062964707318802e-6
0.3495640699083581	2.0679117782023467e-6
0.3520118902578999	2.0729061244099905e-6
0.35447194970918944	2.077948364683146e-6
0.35694430945773536	2.083039128532602e-6
0.35942903100502394	2.088179056475382e-6
0.36192617616004885	2.0933688002782512e-6
0.36443580704084905	2.098609023207394e-6
0.3669579860760533	2.1039004002851283e-6
0.3694927760064337	2.1092436185534925e-6
0.3720402398864656	2.114639377344816e-6
0.37460044108589774	2.120088388560023e-6
0.37717344329132724	2.125591376954448e-6
0.37975931050778367	2.1311490804314332e-6
0.38235810706032236	2.1367622503442724e-6
0.3849698975956241	2.1424316518066013e-6
0.38759474708360203	2.14815806401112e-6
0.39023272081902005	2.1539422805578664e-6
0.39288388442311495	2.1597851097913902e-6
0.3955483038452304	2.1656873751474527e-6
0.39822604536445655	2.171649915510209e-6
0.40091717559127893	2.177673585578918e-6
0.4036217614692354	2.183759256245835e-6
0.4063398702765814	2.1899078149845845e-6
0.40907156962796437	2.196120166250446e-6
0.4118169274761041	2.2023972318918957e-6
0.41457601211348477	2.2087399515745085e-6
0.41734889217405197	2.215149283217281e-6
0.42013563663492237	2.221626203442172e-6
0.4229363148180968	2.228171708037099e-6
0.4257509963921872	2.2347868124324897e-6
0.4285797513741481	2.2414725521928457e-6
0.431422650131019	2.248229983522859e-6
0.4342797633816742	2.2550601837893114e-6
0.4371511621985827	2.2619642520587015e-6
0.4400369180095757	2.26894330965195e-6
0.4429371025996235	2.2759985007160655e-6
0.44585178811262155	2.2831309928138894e-6
0.44878104705318456	2.2903419775324056e-6
0.4517249522884503	2.2976326711101772e-6
0.4546835770498925	2.3050043150851463e-6
0.4576569949351417	2.3124581769629145e-6
0.4606452799098173	2.3199955509067847e-6
0.46364850630936627	2.3276177584500424e-6
0.46666674884091325	2.3353261492318594e-6
0.46970008258511775	2.3431221017570887e-6
0.4727485829980431	2.3510070241813816e-6
0.47581232591303324	2.358982355122547e-6
0.47889138754259847	2.367049564499023e-6
0.4819858444803113	2.375210154396751e-6
0.48509577370271284	2.3834656599656457e-6
0.48822125257122634	2.3918176503464928e-6
0.4913623588340824	2.4002677296302406e-6
0.49451917062825274	2.4088175378502276e-6
0.49769176648139396	2.417468752009461e-6
0.5008802253138008	2.4262230871438518e-6
0.50408462644037	2.43508229742346e-6
0.5073050495725719	2.4440481772929247e-6
0.5105415748204347	2.45312256265315e-6
0.513794282694537	2.4623073320858185e-6
0.5170632541080095	2.4716044081229384e-6
0.5203485703785496	2.4810157585629604e-6
0.5236503132304423	2.4905433978361955e-6
0.5269685647965943	2.5001893884211057e-6
0.530303407620577	2.509955842314544e-6
0.5336549246586798	2.519844922557802e-6
0.5370231992819733	2.529858844821564e-6
0.5404083152783831	2.5399998790523584e-6
0.5438103568547752	2.550270351183509e-6
0.5472294086390488	2.5606726449138806e-6
0.5506655556822441	2.571209203557629e-6
0.5541188834606553	2.5818825319684416e-6
0.5575894778779587	2.5926951985423174e-6
0.5610774252673482	2.6036498373028128e-6
0.5645828123936848	2.614749150073057e-6
0.5681057264556529	2.6259959087389603e-6
0.5716462550879313	2.637392957609191e-6
0.575204486363371	2.6489432158761035e-6
0.5787805087951877	2.6606496801847504e-6
0.5823744113391636	2.672515427314609e-6
0.5859862833958592	2.6845436169816503e-6
0.5896162148128385	2.696737494767227e-6
0.5932642958869029	2.7091003951819125e-6
0.5969306173663373	2.721635744871949e-6
0.6006152704531689	2.7343470659778006e-6
0.6043183468054348	2.7472379796543227e-6
0.6080399385394619	2.7603122097631506e-6
0.6117801382321592	2.7735735867485778e-6
0.6155390389233196	2.7870260517102108e-6
0.6193167341179363	2.800673660685119e-6
0.623113317788526	2.8145205891554085e-6
0.6269288843774687	2.828571136797372e-6
0.6307635287993559	2.8428297324902046e-6
0.6346173464433525	2.857300939604636e-6
0.6384904331755692	2.871989461593052e-6
0.642382885341447	2.8869001479060216e-6
0.6462947997681542	2.902038000261315e-6
0.6502262737669948	2.917408179296077e-6
0.6541774051358298	2.933016011634631e-6
0.6581482921615086	2.9488669974088622e-6
0.6621390336223161	2.964966818272311e-6
0.6661497287904276	2.9813213459533944e-6
0.6701804774343794	2.997936651398734e-6
0.6742313798215511	3.0148190145636984e-6
0.678302536720659	3.031974934914289e-6
0.6823940494042624	3.049411142711523e-6
0.6865060196512838	3.0671346111593855e-6
0.6906385497495403	3.085152569506766e-6
0.694791742498288	3.1034725172058885e-6
0.6989657012107795	3.1221022392421857e-6
0.7031605297168335	3.1410498227666726e-6
0.7073763323654175	3.1603236751782776e-6
0.7116132140272448	3.1799325438237063e-6
0.7158712800973807	3.199885537505882e-6
0.7201506364978674	3.2201921500158207e-6
0.7244513896803564	3.2408622859367855e-6
0.728773646628758	3.261906288999647e-6
0.7331175148619017	3.2833349733119776e-6
0.7374831024362114	3.3051596578271258e-6
0.7418705179483922	3.3273922044735793e-6
0.7462798705381343	3.3500450604261424e-6
0.750711269890825	3.3731313050705658e-6
0.7551648262402791	3.396664702296576e-6
0.7596406503714807	3.4206597588473917e-6
0.7641388536233382	3.4451317895648997e-6
0.7686595478914547	3.4700969904955205e-6
0.773202845630912	3.4955725209701012e-6
0.7777688598590664	3.5215765959403114e-6
0.7823577041583616	3.5481285900524522e-6
0.7869694926791535	3.575249155167417e-6
0.7916043401425493	3.602960353301508e-6
0.796262361843262	3.6312858072684084e-6
0.8009436736524783	3.660250871659274e-6
0.8056483920207407	3.6898828272077324e-6
0.8103766339808444	3.72021110206371e-6
0.8151285171507487	3.751267524049737e-6
0.8199041597365022	3.783086608609115e-6
0.8247036805351848	3.815705887891097e-6
0.8295271989378608	3.849166287265564e-6
0.8343748349325502	3.883512556539715e-6
0.8392467091072129	3.9187937642780025e-6
0.844142942652749	3.955063864929245e-6
0.8490636573660127	3.992382349967159e-6
0.8540089756528428	4.030814995981218e-6
0.8589790205311072	4.070434724654818e-6
0.8639739156337627	4.1113225918737384e-6
0.8689739156337625	4.153399321936842e-6
0.8739739156337623	4.196704611946348e-6
0.878973915633762	4.241328399815052e-6
0.8839739156337618	4.287370764398372e-6
0.8889739156337617	4.3349431944749e-6
0.8939739156337615	4.384170015684079e-6
0.8989739156337613	4.435189994712762e-6
0.9039739156337611	4.4881581424325396e-6
0.9089739156337608	4.5432477405313395e-6
0.9139739156337606	4.600652619470345e-6
0.9189739156337604	4.660589719408673e-6
0.9239739156337602	4.723301970154239e-6
0.9289739156337601	4.789061531323492e-6
0.9339739156337599	4.858173439822656e-6
0.9389739156337596	4.9309797186292246e-6
0.9439739156337594	5.007864008779196e-6
0.9489739156337592	5.0892567956131585e-6
0.953973915633759	5.175641310869544e-6
0.9589739156337588	5.267560204335177e-6
0.9639739156337586	5.3656230927015985e-6
0.9689739156337585	5.470515109294058e-6
0.9739739156337582	5.583006596748074e-6
0.978973915633758	5.703964105869583e-6
0.9839739156337578	5.834362888260192e-6
0.9889739156337576	5.97530109830325e-6
0.9939739156337574	6.12801595239562e-6
0.9989739156337571	6.293902130532171e-6
1.003973915633757	6.474532748318967e-6
1.0089739156337567	6.67168327711873e-6
1.0139739156337566	6.887358847392009e-6
1.0189739156337563	7.123825436626602e-6
1.0239739156337562	7.383645519975914e-6
1.028973915633756	7.669718850495142e-6
1.0339739156337557	7.985329138562499e-6
1.0389739156337556	8.334197518862213e-6
1.0439739156337553	8.720543830655548e-6
1.0489739156337552	9.149156895778521e-6
1.0539739156337549	9.625475162049308e-6
1.0589739156337548	1.0155679291120925e-5
1.0639739156337544	1.0746798513228989e-5
1.0689739156337543	1.1406832851177222e-5
1.0739739156337542	1.2144893637040117e-5
1.0789739156337539	1.297136511258855e-5
1.0839739156337538	1.3898090323739229e-5
1.0889739156337535	1.4938584995872578e-5
1.0939739156337533	1.6108283615946994e-5
1.098973915633753	1.7424822553715066e-5
1.103973915633753	1.8908365731690934e-5
1.1089739156337528	2.0581979103545156e-5
1.1139739156337525	2.2472061022218607e-5
1.1189739156337524	2.4608836466602098e-5
1.123973915633752	2.7026924037340993e-5
1.128973915633752	2.9765985607532936e-5
1.1339739156337516	3.287146949028492e-5
1.1389739156337515	3.639545891395887e-5
1.1439739156337512	4.039763840867558e-5
1.148973915633751	4.494639130969316e-5
1.153973915633751	5.01200418480949e-5
1.1589739156337506	5.6008255063017693e-5
1.1639739156337505	6.27136068253982e-5
1.1689739156337502	7.035333435881304e-5
1.17397391563375	7.906127448195647e-5
1.1789739156337498	8.898999204798048e-5
1.1839739156337497	0.00010031309437095834
1.1889739156337495	0.00011322771848031367
1.1939739156337492	0.0001279571665744215
1.197980436725312	0.00014123854463999583
1.2019869578168745	0.00015599092360758115
1.2059934789084372	0.00017237257000760487
1.21	0.0001905567034184319
