0.0006999999999999628	2.587815651203939e-7
0.001403500000000035	2.589586019222023e-7
0.0021105174999999296	2.5913675950679937e-7
0.0028210700874998964	2.5931604266933063e-7
0.003535175437937438	2.5949645979134374e-7
0.004252851315127062	2.5967801937920714e-7
0.004974115571702636	2.5986073001889937e-7
0.005698986149561044	2.6004460037630667e-7
0.006427481080308875	2.602296391981396e-7
0.007159618485710418	2.604158553128588e-7
0.007895416578138905	2.606032576316318e-7
0.008634893661029494	2.607918551492896e-7
0.00937806812933463	2.60981656945298e-7
0.010124958469981361	2.6117267218472895e-7
0.010875583262331262	2.613649101193008e-7
0.01162996117864295	2.615583800883409e-7
0.012388110984536127	2.617530915198561e-7
0.013150051539458866	2.619490539315584e-7
0.013915801797156208	2.621462769319165e-7
0.014685380806142003	2.6234477022124696e-7
0.015458807710172712	2.625445435927792e-7
0.01623610174872358	2.6274560693378224e-7
0.017017282257467212	2.6294797022665993e-7
0.017802368668754516	2.6315164355011386e-7
0.01859138051209827	2.6335663708026974e-7
0.019384337414658823	2.635629610918529e-7
0.020181259101732015	2.6377062595939417e-7
0.020982165397240727	2.639796421583887e-7
0.02178707622422691	2.641900202665604e-7
0.02259601160534814	2.644017709650638e-7
0.02340899166337483	2.64614905039768e-7
0.024226036621691812	2.6482943338250343e-7
0.02504716680480027	2.650453669923755e-7
0.025872402638824326	2.652627169770591e-7
0.02670176465201842	2.654814945541441e-7
0.02753527347527842	2.657017110524692e-7
0.028372949842654864	2.6592337791350556e-7
0.0292148145918682	2.6614650669273596e-7
0.03006088866482743	2.6637110906106766e-7
0.03091119310815165	2.665971968062775e-7
0.0317657490736924	2.6682478183443384e-7
0.03262457781906081	2.6705387617140403e-7
0.03348770070815601	2.6728449196433646e-7
0.034355139211696875	2.675166414831698e-7
0.035226914907755424	2.677503371222005e-7
0.03610304948229413	2.6798559140161257e-7
0.03698356472970569	2.682224169691027e-7
0.03786848255335419	2.6846082660146496e-7
0.038757824966120964	2.687008332062403e-7
0.03965161409095162	2.68942449823389e-7
0.04054987216140643	2.691856896269503e-7
0.04145262152221345	2.6943056592678045e-7
0.04235988462982453	2.6967709217028624e-7
0.04327168405297366	2.6992528194417886e-7
0.0441880424732386	2.7017514897628835e-7
0.04510898268560485	2.704267071373686e-7
0.046034527599032954	2.7067997044295703e-7
0.04696470023702812	2.7093495305524394e-7
0.04789952373821329	2.7119166928498244e-7
0.048839021356904266	2.7145013359343183e-7
0.04978321646368884	2.717103605943226e-7
0.05073213254600732	2.7197236505584983e-7
0.05168579320873729	2.7223616190270906e-7
0.052644222174780875	2.7250176621815533e-7
0.05360744328565471	2.727691932460936e-7
0.054575480502083065	2.730384583932212e-7
0.055548357904593434	2.733095772311715e-7
0.056526099694116344	2.7358256549871985e-7
0.0575087301925869	2.7385743910401514e-7
0.05849627384354973	2.741342141268387e-7
0.05948875521276744	2.7441290682092214e-7
0.06048619898883127	2.746935336162719e-7
0.061488629983775384	2.749761111215552e-7
0.06249607313369419	2.75260656126517e-7
0.06350855349936275	2.7554718560443107e-7
0.06452609626685958	2.75835716714609e-7
0.06554872674819387	2.7612626680491585e-7
0.06657647038193484	2.7641885341436423e-7
0.06760935273384447	2.7671349427572973e-7
0.06864739949751365	2.7701020731821596e-7
0.0696906364950013	2.773090106701564e-7
0.07073908967747639	2.7760992266177185e-7
0.07179278512586384	2.779129618279718e-7
0.07285174905149322	2.782181469111847e-7
0.0739160077967507	2.7852549686426775e-7
0.07498558783573436	2.7883503085342587e-7
0.07606051577491299	2.7914676826122664e-7
0.07714081835378758	2.7946072868961445e-7
0.07822652244555647	2.797769319630212e-7
0.07931765505778425	2.8009539813149113e-7
0.0804142433330731	2.8041614747389664e-7
0.08151631454973848	2.8073920050116824e-7
0.08262389612248718	2.810645779596252e-7
0.0837370156030995	2.813923008343002e-7
0.0848557006811149	2.8172239035240647e-7
0.0859799791845205	2.8205486798678104e-7
0.08710987908044313	2.8238975545943743e-7
0.08824542847584534	2.827270747451559e-7
0.08938665561822454	2.830668480751606e-7
0.09053358889631567	2.834090979408311e-7
0.09168625684079722	2.8375384709750844e-7
0.09284468812500112	2.8410111856833173e-7
0.09400891156562617	2.844509356481698e-7
0.0951789561234543	2.8480332190763925e-7
0.09635485090407148	2.8515830119712243e-7
0.09753662515859184	2.855158976509388e-7
0.0987243082843847	2.8587613569154335e-7
0.09991792982580656	2.862390400338091e-7
0.10111751947493569	2.8660463568937705e-7
0.10232310707231031	2.869729479711218e-7
0.1035347226076718	2.8734400249763095e-7
0.10475239622071016	2.8771782519784253e-7
0.10597615820181366	2.8809444231569347e-7
0.10720603899282274	2.884738804149171e-7
0.10844206918778684	2.888561663838589e-7
0.10968427953372567	2.892413274404481e-7
0.1109327009313943	2.8962939113722426e-7
0.11218736443605135	2.900203853664438e-7
0.11344830125823162	2.904143383653118e-7
0.11471554276452282	2.908112787212873e-7
0.11598912047834534	2.912112353775109e-7
0.11726906608073695	2.916142376382866e-7
0.11855541141114062	2.9202031517472746e-7
0.11984818846819621	2.924294980304404e-7
0.12114742941053713	2.928418166273975e-7
0.12245316655758978	2.932573017718144e-7
0.1237654323903777	2.9367598466024324e-7
0.12508425955232963	2.940978968857085e-7
0.12640968085009122	2.945230704439834e-7
0.1277417292543416	2.9495153773999656e-7
0.1290804379006133	2.953833315943386e-7
0.13042584009011637	2.958184852499192e-7
0.1317779692905669	2.9625703237870876e-7
0.13313685913701961	2.966990070886628e-7
0.13450254343270476	2.9714444393074124e-7
0.13587505614986833	2.9759337790607615e-7
0.13725443143061763	2.9804584447328083e-7
0.13864070358777073	2.9850187955589906e-7
0.14003390710570945	2.9896151954998975e-7
0.14143407664123803	2.994248013318836e-7
0.1428412470244442	2.998917622660624e-7
0.1442554532595664	3.0036244021322295e-7
0.14567673052586416	3.0083687353847195e-7
0.1471051141784935	3.0131510111969864e-7
0.14854063974938603	3.017971623561335e-7
0.149983342948133	3.022830971770199e-7
0.15143325966287374	3.0277294605052355e-7
0.15289042596118813	3.0326674999278694e-7
0.15435487809099402	3.03764550577168e-7
0.15582665248144906	3.042663899436624e-7
0.1573057857438562	3.047723108085489e-7
0.15879231467257537	3.0528235647416715e-7
0.16028627624593816	3.0579657083897893e-7
0.16178770762716785	3.063149984077415e-7
0.16329664616530362	3.068376843019801e-7
0.16481312939613008	3.07364674270604e-7
0.1663371950431107	3.078960147007847e-7
0.16786888101832628	3.084317526290629e-7
0.1694082254234178	3.08971935752633e-7
0.1709552665505349	3.095166124409271e-7
0.17251004288328747	3.1006583174741884e-7
0.17407259309770393	3.1061964342164314e-7
0.17564295606319252	3.1117809792153965e-7
0.17722117084350858	3.1174124642597475e-7
0.17880727669772617	3.1230914084758926e-7
0.18040131308121476	3.128818338459059e-7
0.18200331964662084	3.134593788407005e-7
0.18361333624485401	3.140418300256734e-7
0.18523140292607826	3.146292423824144e-7
0.18685755994070874	3.152216716946535e-7
0.1884918477404122	3.1581917456286594e-7
0.19013430697911424	3.1642180841913304e-7
0.1917849785140098	3.170296315423601e-7
0.19344390340657974	3.176427030738287e-7
0.19511112292361268	3.182610830331015e-7
0.1967866785382308	3.1888483233422825e-7
0.19847061193092203	3.1951401280237846e-7
0.20016296499057665	3.201486871907801e-7
0.20186377981552947	3.2078891919807325e-7
0.2035730987146071	3.2143477348606106e-7
0.20529096420818022	3.220863156978048e-7
0.20701741902922113	3.2274361247618706e-7
0.20875250612436722	3.2340673148286586e-7
0.210496268654989	3.2407574141764197e-7
0.21224874999826396	3.247507120383103e-7
0.21400999374825516	3.254317141809238e-7
0.21578004371699644	3.261188197805488e-7
0.21755894393558148	3.2681210189246774e-7
0.2193467386552594	3.27511634713912e-7
0.22114347234853576	3.2821749360625184e-7
0.22294918971027836	3.2892975511775106e-7
0.2247639356588297	3.2964849700681416e-7
0.2265877553371239	3.303737982657852e-7
0.2284206941138094	3.311057391453273e-7
0.23026279758437848	3.3184440117934013e-7
0.23211411157230027	3.325898672105092e-7
0.23397468213016168	3.333422214164316e-7
0.23584455554081238	3.3410154933636977e-7
0.23772377831851643	3.348679378986694e-7
0.23961239721010893	3.35641475448787e-7
0.24151045919615952	3.364222517780475e-7
0.24341801149214037	3.3721035815307194e-7
0.24533510154960114	3.3800588734590444e-7
0.24726177705734917	3.388089336649147e-7
0.24919808594263598	3.396195929864206e-7
0.2511440763723492	3.4043796278708653e-7
0.2530997967542111	3.4126414217717316e-7
0.25506529573798215	3.4209823193454264e-7
0.2570406222166721	3.4294033453954815e-7
0.25902582532775553	3.4379055421078164e-7
0.2610209544543945	3.4464899694172606e-7
0.2630260592266663	3.455157705383338e-7
0.2650411895227997	3.4639098465751276e-7
0.26706639547041383	3.4727475084665505e-7
0.2691017274477658	3.4816718258411495e-7
0.2711472360850044	3.4906839532074103e-7
0.27320297226542956	3.4997850652249783e-7
0.2752689871267568	3.5089763571413363e-7
0.2773453320623904	3.518259045240091e-7
0.27943205872270227	3.5276343673010276e-7
0.2815292190163157	3.537103583071939e-7
0.28363686511139713	3.546667974752761e-7
0.2857550494369543	3.556328847492635e-7
0.287883824684139	3.566087529899788e-7
0.2900232438075598	3.575945374565408e-7
0.29217336002659744	3.58590375860099e-7
0.2943342268267306	3.595964084190165e-7
0.2965058979608642	3.606127779155347e-7
0.2986884274506685	3.616396297539958e-7
0.3008818695879217	3.6267711202058345e-7
0.3030862789358613	3.637253755447374e-7
0.3053017103305407	3.647845739622011e-7
0.30752821888219345	3.658548637798431e-7
0.3097658599766045	3.669364044422189e-7
0.31201468927648746	3.680293584000091e-7
0.3142747627228697	3.691338911803325e-7
0.31654613653648417	3.7025017145903586e-7
0.31882886721916665	3.713783711349968e-7
0.32112301155526257	3.725186654065294e-7
0.3234286266130387	3.7367123284993796e-7
0.325745769746104	3.74836255500318e-7
0.3280744985948343	3.760139189346336e-7
0.33041487108780826	3.772044123572106e-7
0.3327669454432473	3.784079286876614e-7
0.3351307801704635	3.7962466465136133e-7
0.3375064340713156	3.8085482087256997e-7
0.33989396624167195	3.820986019702374e-7
0.3422934360728803	3.8335621665665716e-7
0.3447049032532445	3.8462787783898904e-7
0.34712842776951053	3.8591380272381837e-7
0.3495640699083581	3.872142129248146e-7
0.3520118902578999	3.8852933457359146e-7
0.35447194970918944	3.898593984339292e-7
0.35694430945773536	3.912046400194003e-7
0.35942903100502394	3.925652997146192e-7
0.36192617616004885	3.9394162290013503e-7
0.36443580704084905	3.9533386008117604e-7
0.3669579860760533	3.967422670203501e-7
0.3694927760064337	3.9816710487445156e-7
0.3720402398864656	3.996086403355241e-7
0.37460044108589774	4.0106714577632623e-7
0.37717344329132724	4.0254289940037965e-7
0.37975931050778367	4.040361853967184e-7
0.38235810706032236	4.0554729409959546e-7
0.3849698975956241	4.070765221532476e-7
0.38759474708360203	4.0862417268198107e-7
0.39023272081902005	4.101905554656771e-7
0.39288388442311495	4.1177598712106065e-7
0.3955483038452304	4.133807912888109e-7
0.39822604536445655	4.150052988268217e-7
0.40091717559127893	4.1664984800985395e-7
0.4036217614692354	4.183147847357387e-7
0.4063398702765814	4.200004627384857e-7
0.40907156962796437	4.217072438085248e-7
0.4118169274761041	4.2343549802029985e-7
0.41457601211348477	4.2518560396765763e-7
0.41734889217405197	4.269579490071487e-7
0.42013563663492237	4.287529295097272e-7
0.4229363148180968	4.3057095112103326e-7
0.4257509963921872	4.3241242903075827e-7
0.4285797513741481	4.342777882513258e-7
0.431422650131019	4.36167463906328e-7
0.4342797633816742	4.380819015291245e-7
0.4371511621985827	4.4002155737201997e-7
0.4400369180095757	4.4198689872638896e-7
0.4429371025996235	4.43978404254334e-7
0.44585178811262155	4.459965643322222e-7
0.44878104705318456	4.480418814067123e-7
0.4517249522884503	4.5011487036369417e-7
0.4546835770498925	4.522160589108125e-7
0.4576569949351417	4.5434598797404553e-7
0.4606452799098173	4.565052121090129e-7
0.46364850630936627	4.5869429992760496e-7
0.46666674884091325	4.6091383454066807e-7
0.46970008258511775	4.6316441401737354e-7
0.4727485829980431	4.654466518620463e-7
0.47581232591303324	4.6776117750926007e-7
0.47889138754259847	4.7010863683793877e-7
0.4819858444803113	4.7248969270538115e-7
0.48509577370271284	4.7490502550215556e-7
0.48822125257122634	4.77355333728651e-7
0.4913623588340824	4.798413345944931e-7
0.49451917062825274	4.823637646417606e-7
0.49769176648139396	4.849233803931045e-7
0.5008802253138008	4.875209590260407e-7
0.50408462644037	4.901572990745592e-7
0.5073050495725719	4.92833221159439e-7
0.5105415748204347	4.955495687485703e-7
0.513794282694537	4.983072089488711e-7
0.5170632541080095	5.011070333312214e-7
0.5203485703785496	5.039499587901666e-7
0.5236503132304423	5.068369284400249e-7
0.5269685647965943	5.097689125494134e-7
0.530303407620577	5.127469095159562e-7
0.5336549246586798	5.157719468834458e-7
0.5370231992819733	5.18845082403578e-7
0.5404083152783831	5.219674051446368e-7
0.5438103568547752	5.251400366497322e-7
0.5472294086390488	5.283641321471561e-7
0.5506655556822441	5.31640881815901e-7
0.5541188834606553	5.349715121092776e-7
0.5575894778779587	5.383572871400349e-7
0.5610774252673482	5.41799510130499e-7
0.5645828123936848	5.452995249314901e-7
0.5681057264556529	5.488587176142786e-7
0.5716462550879313	5.524785181397503e-7
0.575204486363371	5.561604021098205e-7
0.5787805087951877	5.59905892606025e-7
0.5823744113391636	5.63716562121093e-7
0.5859862833958592	5.675940345893304e-7
0.5896162148128385	5.715399875226409e-7
0.5932642958869029	5.755561542591761e-7
0.5969306173663373	5.796443263325617e-7
0.6006152704531689	5.838063559702645e-7
0.6043183468054348	5.880441587304127e-7
0.6080399385394619	5.923597162874957e-7
0.6117801382321592	5.967550793781652e-7
0.6155390389233196	6.012323709197466e-7
0.6193167341179363	6.057937893153524e-7
0.623113317788526	6.104416119606444e-7
0.6269288843774687	6.151781989696484e-7
0.6307635287993559	6.200059971381912e-7
0.6346173464433525	6.249275441662712e-7
0.6384904331755692	6.299454731628621e-7
0.642382885341447	6.350625174595583e-7
0.6462947997681542	6.402815157626225e-7
0.6502262737669948	6.456054176768913e-7
0.6541774051358298	6.510372896388607e-7
0.6581482921615086	6.56580321301515e-7
0.6621390336223161	6.622378324185938e-7
0.6661497287904276	6.680132802827358e-7
0.6701804774343794	6.739102677789426e-7
0.6742313798215511	6.799325521234669e-7
0.678302536720659	6.860840543677923e-7
0.6823940494042624	6.923688697583869e-7
0.6865060196512838	6.98791279056126e-7
0.6906385497495403	7.05355760933565e-7
0.694791742498288	7.120670055858932e-7
0.6989657012107795	7.189299297102608e-7
0.7031605297168335	7.25949693031653e-7
0.7073763323654175	7.331317165787593e-7
0.7116132140272448	7.404817029438571e-7
0.7158712800973807	7.480056587950105e-7
0.7201506364978674	7.557099199486422e-7
0.7244513896803564	7.636011793563746e-7
0.728773646628758	7.71686518412552e-7
0.7331175148619017	7.799734420492858e-7
0.7374831024362114	7.88469918155089e-7
0.7418705179483922	7.971844219331308e-7
0.7462798705381343	8.061259859058193e-7
0.750711269890825	8.153042563776651e-7
0.7551648262402791	8.247295572877646e-7
0.7596406503714807	8.344129625204512e-7
0.7641388536233382	8.443663778997019e-7
0.7686595478914547	8.546026342723589e-7
0.773202845630912	8.651355932900766e-7
0.7777688598590664	8.759802677346419e-7
0.7823577041583616	8.87152958499434e-7
0.7869694926791535	8.986714106452951e-7
0.7916043401425493	9.105549912998809e-7
0.796262361843262	9.228248925686826e-7
0.8009436736524783	9.355043630838747e-7
0.8056483920207407	9.486189723395567e-7
0.8103766339808444	9.621969125608623e-7
0.8151285171507487	9.762693435394386e-7
0.8199041597365022	9.908707866529123e-7
0.8247036805351848	1.006039575185846e-6
0.8295271989378608	1.0218183691032158e-6
0.8343748349325502	1.0382547436129197e-6
0.8392467091072129	1.0554018622187296e-6
0.844142942652749	1.0733192465353779e-6
0.8490636573660127	1.092073656948623e-6
0.8540089756528428	1.1117401002941105e-6
0.8589790205311072	1.1324029831489908e-6
0.8639739156337627	1.1541574321351274e-6
0.8689739156337625	1.1770176660325316e-6
0.8739739156337623	1.2010643146288203e-6
0.878973915633762	1.2264118150300483e-6
0.8839739156337618	1.2531881654803438e-6
0.8889739156337617	1.281536565701053e-6
0.8939739156337615	1.3116172526056148e-6
0.8989739156337613	1.343609555213128e-6
0.9039739156337611	1.3777141957243704e-6
0.9089739156337608	1.4141558673502425e-6
0.9139739156337606	1.453186123629741e-6
0.9189739156337604	1.4950866187145918e-6
0.9239739156337602	1.5401727435079026e-6
0.9289739156337601	1.5887977087109792e-6
0.9339739156337599	1.6413571328570186e-6
0.9389739156337596	1.6982942014026546e-6
0.9439739156337594	1.7601054720401473e-6
0.9489739156337592	1.8273474117292528e-6
0.953973915633759	1.9006437627051331e-6
0.9589739156337588	1.9806938480913297e-6
0.9639739156337586	2.0682819429693615e-6
0.9689739156337585	2.1642878540954762e-6
0.9739739156337582	2.269698871218729e-6
0.978973915633758	2.3856232755018606e-6
0.9839739156337578	2.51330561628792e-6
0.9889739156337576	2.6541439968626087e-6
0.9939739156337574	2.8097096434805035e-6
0.9989739156337571	2.9817690703666575e-6
1.003973915633757	3.1723091973880566e-6
1.0089739156337567	3.3835658274140944e-6
1.0139739156337566	3.618055947973427e-6
1.0189739156337563	3.878614387703741e-6
1.0239739156337562	4.168435433470357e-6
1.028973915633756	4.491120100215713e-6
1.0339739156337557	4.850729844109421e-6
1.0389739156337556	5.251847622058225e-6
1.0439739156337553	5.69964732897734e-6
1.0489739156337552	6.199972790477091e-6
1.0539739156337549	6.759427655025592e-6
1.0589739156337548	7.385477718654515e-6
1.0639739156337544	8.086567429451885e-6
1.0689739156337543	8.872252561151875e-6
1.0739739156337542	9.753351317803502e-6
1.0789739156337539	1.0742116437426495e-5
1.0839739156337538	1.1852431204140687e-5
1.0889739156337535	1.3100032657364057e-5
1.0939739156337533	1.4502765704357324e-5
1.098973915633753	1.6080872298378957e-5
1.103973915633753	1.7857320336788683e-5
1.1089739156337528	1.9858177456556955e-5
1.1139739156337525	2.2113035449942498e-5
1.1189739156337524	2.4655491576300753e-5
1.123973915633752	2.7523693585754945e-5
1.128973915633752	3.076095576597714e-5
1.1339739156337516	3.441645373162244e-5
1.1389739156337515	3.8546005938472065e-5
1.1439739156337512	4.3212949943102016e-5
1.148973915633751	4.848912114221585e-5
1.153973915633751	5.44559409834641e-5
1.1589739156337506	6.120562027908468e-5
1.1639739156337505	6.884248107599768e-5
1.1689739156337502	7.748439730500586e-5
1.17397391563375	8.726434987598753e-5
1.1789739156337498	9.833208570748193e-5
1.1839739156337497	0.00011085586207010959
1.1889739156337495	0.00012502424729623685
1.1939739156337492	0.00014104793614130688
1.197980436725312	0.0001553839419080697
1.2019869578168745	0.00017119387946933586
1.2059934789084372	0.0001886212008266073
1.21	0.00020782084693194493
