0.0006999999999999628	1.895586715177897e-6
0.001403500000000035	1.896538464540145e-6
0.0021105174999999296	1.897495885011143e-6
0.0028210700874998964	1.8984590154470799e-6
0.003535175437937438	1.8994278949897556e-6
0.004252851315127062	1.900402563117418e-6
0.004974115571702636	1.9013830596369541e-6
0.005698986149561044	1.9023694246872212e-6
0.006427481080308875	1.903361698742279e-6
0.007159618485710418	1.904359922614995e-6
0.007895416578138905	1.9053641374604374e-6
0.008634893661029494	1.9063743847794557e-6
0.00937806812933463	1.907390706422355e-6
0.010124958469981361	1.90841314459238e-6
0.010875583262331262	1.909441741849507e-6
0.01162996117864295	1.9104765411141314e-6
0.012388110984536127	1.9115175856708674e-6
0.013150051539458866	1.9125649191723513e-6
0.013915801797156208	1.9136185856430684e-6
0.014685380806142003	1.914678629483394e-6
0.015458807710172712	1.9157450954734282e-6
0.01623610174872358	1.9168180287771216e-6
0.017017282257467212	1.9178974749462915e-6
0.017802368668754516	1.9189834799247606e-6
0.01859138051209827	1.920076090052585e-6
0.019384337414658823	1.9211753520701397e-6
0.020181259101732015	1.9222813131226094e-6
0.020982165397240727	1.9233940207641986e-6
0.02178707622422691	1.92451352296257e-6
0.02259601160534814	1.9256398681032516e-6
0.02340899166337483	1.9267731049942403e-6
0.024226036621691812	1.9279132828705075e-6
0.02504716680480027	1.9290604513987015e-6
0.025872402638824326	1.930214660681769e-6
0.02670176465201842	1.931375961263721e-6
0.02753527347527842	1.9325444041345104e-6
0.028372949842654864	1.933720040734878e-6
0.0292148145918682	1.9349029229612813e-6
0.03006088866482743	1.9360931031709233e-6
0.03091119310815165	1.9372906341869094e-6
0.0317657490736924	1.9384955693032463e-6
0.03262457781906081	1.939707962290199e-6
0.03348770070815601	1.940927867399507e-6
0.034355139211696875	1.9421553393697783e-6
0.035226914907755424	1.9433904334318375e-6
0.03610304948229413	1.9446332053143712e-6
0.03698356472970569	1.945883711249406e-6
0.03786848255335419	1.947142007977997e-6
0.038757824966120964	1.948408152755941e-6
0.03965161409095162	1.949682203359613e-6
0.04054987216140643	1.9509642180918354e-6
0.04145262152221345	1.952254255787851e-6
0.04235988462982453	1.953552375821413e-6
0.04327168405297366	1.9548586381108455e-6
0.0441880424732386	1.956173103125355e-6
0.04510898268560485	1.9574958318912393e-6
0.046034527599032954	1.958826885998394e-6
0.04696470023702812	1.9601663276066897e-6
0.04789952373821329	1.961514219452589e-6
0.048839021356904266	1.9628706248558536e-6
0.04978321646368884	1.9642356077262307e-6
0.05073213254600732	1.9656092325703216e-6
0.05168579320873729	1.9669915644986088e-6
0.052644222174780875	1.968382669232399e-6
0.05360744328565471	1.9697826131110114e-6
0.054575480502083065	1.971191463099053e-6
0.055548357904593434	1.9726092867937626e-6
0.056526099694116344	1.9740361524323768e-6
0.0575087301925869	1.9754721288998693e-6
0.05849627384354973	1.9769172857364414e-6
0.05948875521276744	1.978371693145439e-6
0.06048619898883127	1.9798354220011355e-6
0.061488629983775384	1.9813085438568367e-6
0.06249607313369419	1.982791130952915e-6
0.06350855349936275	1.9842832562251367e-6
0.06452609626685958	1.9857849933129242e-6
0.06554872674819387	1.987296416567953e-6
0.06657647038193484	1.988817601062658e-6
0.06760935273384447	1.9903486225989944e-6
0.06864739949751365	1.9918895577172875e-6
0.0696906364950013	1.9934404837052712e-6
0.07073908967747639	1.995001478607161e-6
0.07179278512586384	1.9965726212329414e-6
0.07285174905149322	1.998153991167677e-6
0.0739160077967507	1.9997456687811585e-6
0.07498558783573436	2.0013477352375354e-6
0.07606051577491299	2.002960272505109e-6
0.07714081835378758	2.0045833633662784e-6
0.07822652244555647	2.0062170914277692e-6
0.07931765505778425	2.0078615411307607e-6
0.0804142433330731	2.009516797761449e-6
0.08151631454973848	2.011182947461408e-6
0.08262389612248718	2.0128600772386424e-6
0.0837370156030995	2.014548274978197e-6
0.0848557006811149	2.0162476294534e-6
0.0859799791845205	2.0179582303370237e-6
0.08710987908044313	2.0196801682127433e-6
0.08824542847584534	2.0214135345867105e-6
0.08938665561822454	2.023158421899286e-6
0.09053358889631567	2.0249149235369726e-6
0.09168625684079722	2.026683133844618e-6
0.09284468812500112	2.0284631481376974e-6
0.09400891156562617	2.0302550627148154e-6
0.0951789561234543	2.0320589748703687e-6
0.09635485090407148	2.033874982907563e-6
0.09753662515859184	2.0357031861514048e-6
0.0987243082843847	2.0375436849620385e-6
0.09991792982580656	2.0393965807483216e-6
0.10111751947493569	2.0412619759815723e-6
0.10232310707231031	2.0431399742093776e-6
0.1035347226076718	2.045030680069909e-6
0.10475239622071016	2.046934199306291e-6
0.10597615820181366	2.0488506387812052e-6
0.10720603899282274	2.050780106491755e-6
0.10844206918778684	2.052722711584612e-6
0.10968427953372567	2.054678564371305e-6
0.1109327009313943	2.056647776343844e-6
0.11218736443605135	2.0586304601905778e-6
0.11344830125823162	2.060626729812272e-6
0.11471554276452282	2.0626367003385054e-6
0.11598912047834534	2.064660488144254e-6
0.11726906608073695	2.0666982108668426e-6
0.11855541141114062	2.068749987423081e-6
0.11984818846819621	2.0708159380268646e-6
0.12114742941053713	2.07289618420669e-6
0.12245316655758978	2.074990848823904e-6
0.1237654323903777	2.077100056091001e-6
0.12508425955232963	2.07922393159022e-6
0.12640968085009122	2.081362602292562e-6
0.1277417292543416	2.083516196577082e-6
0.1290804379006133	2.0856848442504357e-6
0.13042584009011637	2.0878686765668427e-6
0.1317779692905669	2.090067826248446e-6
0.13313685913701961	2.0922824275057546e-6
0.13450254343270476	2.094512616058774e-6
0.13587505614986833	2.096758529158198e-6
0.13725443143061763	2.099020305607229e-6
0.13864070358777073	2.1012980857834706e-6
0.14003390710570945	2.1035920116615785e-6
0.14143407664123803	2.1059022268358837e-6
0.1428412470244442	2.1082288765437e-6
0.1442554532595664	2.1105721076889354e-6
0.14567673052586416	2.1129320688662047e-6
0.1471051141784935	2.1153089103851258e-6
0.14854063974938603	2.11770278429527e-6
0.149983342948133	2.1201138444115505e-6
0.15143325966287374	2.1225422463399005e-6
0.15289042596118813	2.124988147503427e-6
0.15435487809099402	2.127451707169319e-6
0.15582665248144906	2.1299330864756747e-6
0.1573057857438562	2.132432448459428e-6
0.15879231467257537	2.1349499580843796e-6
0.16028627624593816	2.137485782269689e-6
0.16178770762716785	2.140040089919334e-6
0.16329664616530362	2.1426130519514544e-6
0.16481312939613008	2.14520484132877e-6
0.1663371950431107	2.1478156330892377e-6
0.16786888101832628	2.1504456043774883e-6
0.1694082254234178	2.1530949344766155e-6
0.1709552665505349	2.1557638048405893e-6
0.17251004288328747	2.158452399127565e-6
0.17407259309770393	2.1611609032332893e-6
0.17564295606319252	2.1638895053256224e-6
0.17722117084350858	2.1666383958792454e-6
0.17880727669772617	2.1694077677115736e-6
0.18040131308121476	2.1721978160186837e-6
0.18200331964662084	2.175008738412439e-6
0.18361333624485401	2.1778407349580623e-6
0.18523140292607826	2.1806940082124507e-6
0.18685755994070874	2.1835687632633214e-6
0.1884918477404122	2.186465207768849e-6
0.19013430697911424	2.1893835519984014e-6
0.1917849785140098	2.1923240088737916e-6
0.19344390340657974	2.1952867940114287e-6
0.19511112292361268	2.198272125765121e-6
0.1967866785382308	2.201280225270114e-6
0.19847061193092203	2.204311316487399e-6
0.20016296499057665	2.207365626249486e-6
0.20186377981552947	2.210443384306439e-6
0.2035730987146071	2.2135448233734493e-6
0.20529096420818022	2.2166701791787784e-6
0.20701741902922113	2.219819690513212e-6
0.20875250612436722	2.222993599279795e-6
0.210496268654989	2.2261921505452767e-6
0.21224874999826396	2.229415592591983e-6
0.21400999374825516	2.2326641769711765e-6
0.21578004371699644	2.235938158557222e-6
0.21755894393558148	2.2392377956027504e-6
0.2193467386552594	2.242563349795401e-6
0.22114347234853576	2.2459150863151342e-6
0.22294918971027836	2.249293273893119e-6
0.2247639356588297	2.2526981848716408e-6
0.2265877553371239	2.2561300952652127e-6
0.2284206941138094	2.259589284823156e-6
0.23026279758437848	2.2630760370930874e-6
0.23211411157230027	2.2665906394862126e-6
0.23397468213016168	2.2701333833434627e-6
0.23584455554081238	2.273704564003463e-6
0.23772377831851643	2.277304480871536e-6
0.23961239721010893	2.2809334374904267e-6
0.24151045919615952	2.2845917416124803e-6
0.24341801149214037	2.2882797052730806e-6
0.24533510154960114	2.291997644866078e-6
0.24726177705734917	2.2957458812204274e-6
0.24919808594263598	2.299524739678733e-6
0.2511440763723492	2.303334550177372e-6
0.2530997967542111	2.307175647328249e-6
0.25506529573798215	2.3110483705026246e-6
0.2570406222166721	2.3149530639161707e-6
0.25902582532775553	2.3188900767167978e-6
0.2610209544543945	2.322859763073418e-6
0.2630260592266663	2.3268624822672543e-6
0.2650411895227997	2.330898598785119e-6
0.26706639547041383	2.3349684824144345e-6
0.2691017274477658	2.3390725083407995e-6
0.2711472360850044	2.3432110572473044e-6
0.27320297226542956	2.347384515416395e-6
0.2752689871267568	2.351593274833878e-6
0.2773453320623904	2.35583773329526e-6
0.27943205872270227	2.360118294514527e-6
0.2815292190163157	2.36443536823545e-6
0.28363686511139713	2.368789370345309e-6
0.2857550494369543	2.37318072299129e-6
0.287883824684139	2.3776098546995457e-6
0.2900232438075598	2.3820772004972044e-6
0.29217336002659744	2.386583202036693e-6
0.2943342268267306	2.3911283077235344e-6
0.2965058979608642	2.3957129728467617e-6
0.2986884274506685	2.400337659712593e-6
0.3008818695879217	2.4050028377810943e-6
0.3030862789358613	2.409708983806235e-6
0.3053017103305407	2.4144565819791166e-6
0.30752821888219345	2.4192461240747702e-6
0.3097658599766045	2.424078109602318e-6
0.31201468927648746	2.428953045958969e-6
0.3142747627228697	2.4338714485874464e-6
0.31654613653648417	2.438833841137471e-6
0.31882886721916665	2.4438407556311517e-6
0.32112301155526257	2.448892732632258e-6
0.3234286266130387	2.4539903214198794e-6
0.325745769746104	2.4591340801661212e-6
0.3280744985948343	2.464324576118619e-6
0.33041487108780826	2.4695623857870108e-6
0.3327669454432473	2.4748480951347728e-6
0.3351307801704635	2.48018229977508e-6
0.3375064340713156	2.4855656051724708e-6
0.33989396624167195	2.490998626848831e-6
0.3422934360728803	2.496481990595384e-6
0.3447049032532445	2.5020163326893026e-6
0.34712842776951053	2.5076023001167057e-6
0.3495640699083581	2.51324055080062e-6
0.3520118902578999	2.518931753835708e-6
0.35447194970918944	2.5246765897283143e-6
0.35694430945773536	2.530475750643324e-6
0.35942903100502394	2.5363299406573322e-6
0.36192617616004885	2.5422398760185007e-6
0.36443580704084905	2.54820628541342e-6
0.3669579860760533	2.554229910240961e-6
0.3694927760064337	2.560311504893649e-6
0.3720402398864656	2.5664518370463543e-6
0.37460044108589774	2.5726516879532e-6
0.37717344329132724	2.5789118527520727e-6
0.37975931050778367	2.5852331407780177e-6
0.38235810706032236	2.5916163758846176e-6
0.3849698975956241	2.5980623967749184e-6
0.38759474708360203	2.604572057341019e-6
0.39023272081902005	2.611146227013343e-6
0.39288388442311495	2.6177857911198526e-6
0.3955483038452304	2.6244916512549954e-6
0.39822604536445655	2.6312647256595947e-6
0.40091717559127893	2.638105949611206e-6
0.4036217614692354	2.645016275825697e-6
0.4063398702765814	2.6519966748705845e-6
0.40907156962796437	2.6590481355900983e-6
0.4118169274761041	2.666171665542654e-6
0.41457601211348477	2.6733682914511267e-6
0.41734889217405197	2.6806390596666223e-6
0.42013563663492237	2.6879850366453183e-6
0.4229363148180968	2.695407309440113e-6
0.4257509963921872	2.7029069862065394e-6
0.4285797513741481	2.710485196723991e-6
0.431422650131019	2.71814309293273e-6
0.4342797633816742	2.7258818494870733e-6
0.4371511621985827	2.7337026643254937e-6
0.4400369180095757	2.741606759258196e-6
0.4429371025996235	2.749595380572848e-6
0.44585178811262155	2.7576697996590066e-6
0.44878104705318456	2.765831313652117e-6
0.4517249522884503	2.7740812460975305e-6
0.4546835770498925	2.7824209476356564e-6
0.4576569949351417	2.790851796708752e-6
0.4606452799098173	2.7993752002902313e-6
0.46364850630936627	2.8079925946372823e-6
0.46666674884091325	2.8167054460680406e-6
0.46970008258511775	2.8255152517638817e-6
0.4727485829980431	2.834423540597461e-6
0.47581232591303324	2.8434318739890004e-6
0.47889138754259847	2.8525418467896005e-6
0.4819858444803113	2.861755088195074e-6
0.48509577370271284	2.8710732626896573e-6
0.48822125257122634	2.8804980710218993e-6
0.4913623588340824	2.8900312512134246e-6
0.49451917062825274	2.8996745796023537e-6
0.49769176648139396	2.9094298719224825e-6
0.5008802253138008	2.9192989844197284e-6
0.50408462644037	2.9292838150079573e-6
0.5073050495725719	2.9393863044646683e-6
0.5105415748204347	2.949608437669709e-6
0.513794282694537	2.959952244887704e-6
0.5170632541080095	2.970419803096895e-6
0.5203485703785496	2.981013237365409e-6
0.5236503132304423	2.991734722278681e-6
0.5269685647965943	3.0025864834188066e-6
0.530303407620577	3.0135707988987536e-6
0.5336549246586798	3.0246900009543225e-6
0.5370231992819733	3.0359464775959444e-6
0.5404083152783831	3.04734267432359e-6
0.5438103568547752	3.0588810959072657e-6
0.5472294086390488	3.070564308237157e-6
0.5506655556822441	3.0823949402459235e-6
0.5541188834606553	3.0943756859072123e-6
0.5575894778779587	3.1065093063141725e-6
0.5610774252673482	3.118798631842021e-6
0.5645828123936848	3.1312465643991847e-6
0.5681057264556529	3.143856079771255e-6
0.5716462550879313	3.15663023006344e-6
0.575204486363371	3.1695721462463054e-6
0.5787805087951877	3.18268504081087e-6
0.5823744113391636	3.195972210538798e-6
0.5859862833958592	3.2094370393952623e-6
0.5896162148128385	3.2230830015504433e-6
0.5932642958869029	3.2369136645384655e-6
0.5969306173663373	3.2509326925611353e-6
0.6006152704531689	3.2651438499464407e-6
0.6043183468054348	3.2795510047710194e-6
0.6080399385394619	3.2941581326570578e-6
0.6117801382321592	3.308969320755859e-6
0.6155390389233196	3.323988771929782e-6
0.6193167341179363	3.3392208091471056e-6
0.623113317788526	3.354669880103544e-6
0.6269288843774687	3.3703405620883067e-6
0.6307635287993559	3.3862375671108833e-6
0.6346173464433525	3.402365747309808e-6
0.6384904331755692	3.4187301006635507e-6
0.642382885341447	3.4353357770282867e-6
0.6462947997681542	3.4521880845281074e-6
0.6502262737669948	3.4692924963268974e-6
0.6541774051358298	3.4866546578139213e-6
0.6581482921615086	3.5042803942383715e-6
0.6621390336223161	3.522175718832453e-6
0.6661497287904276	3.540346841467066e-6
0.6701804774343794	3.5588001778885713e-6
0.6742313798215511	3.5775423595918207e-6
0.678302536720659	3.5965802443898684e-6
0.6823940494042624	3.6159209277496985e-6
0.6865060196512838	3.6355717549701845e-6
0.6906385497495403	3.6555403342890385e-6
0.694791742498288	3.6758345510159637e-6
0.6989657012107795	3.696462582802681e-6
0.7031605297168335	3.7174329161728643e-6
0.7073763323654175	3.738754364453926e-6
0.7116132140272448	3.76043608726934e-6
0.7158712800973807	3.782487611773141e-6
0.7201506364978674	3.8049188558326123e-6
0.7244513896803564	3.827740153393974e-6
0.728773646628758	3.8509622822988606e-6
0.7331175148619017	3.874596494858135e-6
0.7374831024362114	3.89865455153209e-6
0.7418705179483922	3.923148758119365e-6
0.7462798705381343	3.9480920069128495e-6
0.750711269890825	3.973497822352081e-6
0.7551648262402791	3.999380411776955e-6
0.7596406503714807	4.02575472198237e-6
0.7641388536233382	4.052636502375886e-6
0.7686595478914547	4.0800423756651114e-6
0.773202845630912	4.107989917142224e-6
0.7777688598590664	4.136497743798269e-6
0.7823577041583616	4.165585614689875e-6
0.7869694926791535	4.19527454420269e-6
0.7916043401425493	4.225586930110747e-6
0.796262361843262	4.2565466986301015e-6
0.8009436736524783	4.28817946900623e-6
0.8056483920207407	4.320512740574433e-6
0.8103766339808444	4.3535761056938015e-6
0.8151285171507487	4.3874014924867005e-6
0.8199041597365022	4.422023441934984e-6
0.8247036805351848	4.4574794245938895e-6
0.8295271989378608	4.493810203010494e-6
0.8343748349325502	4.531060246881472e-6
0.8392467091072129	4.5692782090831884e-6
0.844142942652749	4.608517471970066e-6
0.8490636573660127	4.648836774797172e-6
0.8540089756528428	4.690300934804592e-6
0.8589790205311072	4.732981676442058e-6
0.8639739156337627	4.776958585453377e-6
0.8689739156337625	4.822138253917154e-6
0.8739739156337623	4.868554894523801e-6
0.878973915633762	4.916295784906534e-6
0.8839739156337618	4.9654579792272025e-6
0.8889739156337617	5.016149535291655e-6
0.8939739156337615	5.068490894943238e-6
0.8989739156337613	5.122616436495676e-6
0.9039739156337611	5.1786762203039635e-6
0.9089739156337608	5.23683795133839e-6
0.9139739156337606	5.297289185838639e-6
0.9189739156337604	5.360239812845094e-6
0.9239739156337602	5.4259248457299665e-6
0.9289739156337601	5.494607563871282e-6
0.9339739156337599	5.566583050435839e-6
0.9389739156337596	5.642182178986121e-6
0.9439739156337594	5.721776109433957e-6
0.9489739156337592	5.8057813628792536e-6
0.953973915633759	5.89466555527636e-6
0.9589739156337588	5.988953881848542e-6
0.9639739156337586	6.089236457964992e-6
0.9689739156337585	6.196176638065589e-6
0.9739739156337582	6.310520452467419e-6
0.978973915633758	6.433107322904328e-6
0.9839739156337578	6.564882241836068e-6
0.9889739156337576	6.706909628444964e-6
0.9939739156337574	6.860389106392612e-6
0.9989739156337571	7.026673485530522e-6
1.003973915633757	7.207289272658138e-6
1.0089739156337567	7.403960086025759e-6
1.0139739156337566	7.6186334056939785e-6
1.0189739156337563	7.853511158325986e-6
1.0239739156337562	8.111084711984864e-6
1.028973915633756	8.394174945696404e-6
1.0339739156337557	8.705978161864541e-6
1.0389739156337556	9.050118729309035e-6
1.0439739156337553	9.430709483259997e-6
1.0489739156337552	9.852421068999045e-6
1.0539739156337549	1.032056160122919e-5
1.0589739156337548	1.0841168225411076e-5
1.0639739156337544	1.1421112414296946e-5
1.0689739156337543	1.2068221117348281e-5
1.0739739156337542	1.279141620758739e-5
1.0789739156337539	1.3600875045122648e-5
1.0839739156337538	1.4508215404755157e-5
1.0889739156337535	1.552670850253568e-5
1.0939739156337533	1.6671524408565922e-5
1.098973915633753	1.7960014755893607e-5
1.103973915633753	1.941203835215893e-5
1.1089739156337528	2.1050336073913853e-5
1.1139739156337525	2.290096227259587e-5
1.1189739156337524	2.499378084082055e-5
1.123973915633752	2.7363035066445284e-5
1.128973915633752	3.0048001419272995e-5
1.1339739156337516	3.309373843859906e-5
1.1389739156337515	3.655194287014646e-5
1.1439739156337512	4.048192606819246e-5
1.148973915633751	4.4951724336150206e-5
1.153973915633751	5.003935719673161e-5
1.1589739156337506	5.583424739252313e-5
1.1639739156337505	6.243881550617167e-5
1.1689739156337502	6.997026019633931e-5
1.17397391563375	7.856253186560247e-5
1.1789739156337498	8.836850276845585e-5
1.1839739156337497	9.956232977595073e-5
1.1889739156337495	0.00011234199690596952
1.1939739156337492	0.0001269320130539931
1.197980436725312	0.00014009951503836935
1.2019869578168745	0.00015473726086307648
1.2059934789084372	0.00017100481879213996
1.21	0.00018907697724453528
