0.0006999999999999628	6.050412183263233e-7
0.001403500000000035	6.05439286680064e-7
0.0021105174999999296	6.058398052416966e-7
0.0028210700874998964	6.062427929009272e-7
0.003535175437937438	6.066482674879294e-7
0.004252851315127062	6.070562469716624e-7
0.004974115571702636	6.074667494799508e-7
0.005698986149561044	6.078797933015265e-7
0.006427481080308875	6.082953968879423e-7
0.007159618485710418	6.087135788551801e-7
0.007895416578138905	6.091343579856215e-7
0.008634893661029494	6.095577532297883e-7
0.00937806812933463	6.099837837082392e-7
0.010124958469981361	6.104124687134467e-7
0.010875583262331262	6.108438277117332e-7
0.01162996117864295	6.112778803451544e-7
0.012388110984536127	6.117146464335156e-7
0.013150051539458866	6.121541459763384e-7
0.013915801797156208	6.125963991548708e-7
0.014685380806142003	6.130414263341503e-7
0.015458807710172712	6.134892480650406e-7
0.01623610174872358	6.139398850864001e-7
0.017017282257467212	6.143933583271002e-7
0.017802368668754516	6.148496889082944e-7
0.01859138051209827	6.153088981455207e-7
0.019384337414658823	6.157710075509706e-7
0.020181259101732015	6.162360388357157e-7
0.020982165397240727	6.167040139119779e-7
0.02178707622422691	6.171749548954348e-7
0.02259601160534814	6.176488841076068e-7
0.02340899166337483	6.181258240781542e-7
0.024226036621691812	6.186057975473411e-7
0.02504716680480027	6.190888274684694e-7
0.025872402638824326	6.195749370103242e-7
0.02670176465201842	6.200641495596956e-7
0.02753527347527842	6.205564887239337e-7
0.028372949842654864	6.210519783335138e-7
0.0292148145918682	6.215506424446489e-7
0.03006088866482743	6.220525053419762e-7
0.03091119310815165	6.225575915411682e-7
0.0317657490736924	6.230659257917631e-7
0.03262457781906081	6.235775330798555e-7
0.03348770070815601	6.240924386309133e-7
0.034355139211696875	6.24610667912679e-7
0.035226914907755424	6.251322466379597e-7
0.03610304948229413	6.256572007676399e-7
0.03698356472970569	6.261855565136189e-7
0.03786848255335419	6.267173403418268e-7
0.038757824966120964	6.272525789752675e-7
0.03965161409095162	6.277912993971433e-7
0.04054987216140643	6.283335288539879e-7
0.04145262152221345	6.288792948588354e-7
0.04235988462982453	6.29428625194529e-7
0.04327168405297366	6.299815479168992e-7
0.0441880424732386	6.305380913582129e-7
0.04510898268560485	6.31098284130463e-7
0.046034527599032954	6.316621551288445e-7
0.04696470023702812	6.322297335352426e-7
0.04789952373821329	6.328010488217279e-7
0.048839021356904266	6.333761307541974e-7
0.04978321646368884	6.339550093959768e-7
0.05073213254600732	6.345377151115092e-7
0.05168579320873729	6.351242785701432e-7
0.052644222174780875	6.35714730749891e-7
0.05360744328565471	6.363091029413359e-7
0.054575480502083065	6.36907426751537e-7
0.055548357904593434	6.375097341079644e-7
0.056526099694116344	6.381160572626217e-7
0.0575087301925869	6.387264287960887e-7
0.05849627384354973	6.393408816216981e-7
0.05948875521276744	6.399594489897711e-7
0.06048619898883127	6.40582164491927e-7
0.061488629983775384	6.412090620653733e-7
0.06249607313369419	6.418401759973954e-7
0.06350855349936275	6.42475540929846e-7
0.06452609626685958	6.431151918636556e-7
0.06554872674819387	6.437591641635449e-7
0.06657647038193484	6.444074935626422e-7
0.06760935273384447	6.45060216167316e-7
0.06864739949751365	6.457173684620149e-7
0.0696906364950013	6.463789873141858e-7
0.07073908967747639	6.470451099793046e-7
0.07179278512586384	6.477157741059114e-7
0.07285174905149322	6.483910177408261e-7
0.0739160077967507	6.490708793343902e-7
0.07498558783573436	6.49755397745705e-7
0.07606051577491299	6.504446122481957e-7
0.07714081835378758	6.511385625349802e-7
0.07822652244555647	6.518372887245258e-7
0.07931765505778425	6.525408313662998e-7
0.0804142433330731	6.53249231446528e-7
0.08151631454973848	6.539625303940833e-7
0.08262389612248718	6.546807700864234e-7
0.0837370156030995	6.554039928556247e-7
0.0848557006811149	6.561322414945556e-7
0.0859799791845205	6.568655592631259e-7
0.08710987908044313	6.576039898946206e-7
0.08824542847584534	6.583475776021564e-7
0.08938665561822454	6.590963670852366e-7
0.09053358889631567	6.598504035364386e-7
0.09168625684079722	6.606097326481852e-7
0.09284468812500112	6.613744006196112e-7
0.09400891156562617	6.621444541635767e-7
0.0951789561234543	6.629199405138294e-7
0.09635485090407148	6.637009074321599e-7
0.09753662515859184	6.644874032158119e-7
0.0987243082843847	6.652794767049875e-7
0.09991792982580656	6.660771772903923e-7
0.10111751947493569	6.668805549210176e-7
0.10232310707231031	6.676896601119681e-7
0.1035347226076718	6.685045439525168e-7
0.10475239622071016	6.693252581141698e-7
0.10597615820181366	6.701518548590157e-7
0.10720603899282274	6.709843870480469e-7
0.10844206918778684	6.718229081498153e-7
0.10968427953372567	6.726674722490613e-7
0.1109327009313943	6.735181340556186e-7
0.11218736443605135	6.74374948913394e-7
0.11344830125823162	6.75237972809517e-7
0.11471554276452282	6.761072623837237e-7
0.11598912047834534	6.769828749377643e-7
0.11726906608073695	6.778648684451027e-7
0.11855541141114062	6.787533015607354e-7
0.11984818846819621	6.79648233631139e-7
0.12114742941053713	6.805497247044909e-7
0.12245316655758978	6.814578355409871e-7
0.1237654323903777	6.823726276233628e-7
0.12508425955232963	6.832941631676424e-7
0.12640968085009122	6.842225051340131e-7
0.1277417292543416	6.851577172379469e-7
0.1290804379006133	6.860998639614867e-7
0.13042584009011637	6.870490105647645e-7
0.1317779692905669	6.880052230977025e-7
0.13313685913701961	6.889685684119545e-7
0.13450254343270476	6.899391141730012e-7
0.13587505614986833	6.909169288725606e-7
0.13725443143061763	6.919020818411428e-7
0.13864070358777073	6.92894643260866e-7
0.14003390710570945	6.938946841785188e-7
0.14143407664123803	6.949022765188212e-7
0.1428412470244442	6.959174930980117e-7
0.1442554532595664	6.969404076375753e-7
0.14567673052586416	6.97971094778315e-7
0.1471051141784935	6.990096300946536e-7
0.14854063974938603	7.000560901091838e-7
0.149983342948133	7.011105523075395e-7
0.15143325966287374	7.021730951534989e-7
0.15289042596118813	7.032437981043716e-7
0.15435487809099402	7.043227416267305e-7
0.15582665248144906	7.054100072123892e-7
0.1573057857438562	7.06505677394713e-7
0.15879231467257537	7.076098357651967e-7
0.16028627624593816	7.087225669904203e-7
0.16178770762716785	7.098439568293276e-7
0.16329664616530362	7.109740921507023e-7
0.16481312939613008	7.121130609512537e-7
0.1663371950431107	7.132609523737371e-7
0.16786888101832628	7.144178567256849e-7
0.1694082254234178	7.155838654983387e-7
0.1709552665505349	7.167590713860402e-7
0.17251004288328747	7.179435683059382e-7
0.17407259309770393	7.191374514182046e-7
0.17564295606319252	7.203408171464136e-7
0.17722117084350858	7.215537631986253e-7
0.17880727669772617	7.227763885886705e-7
0.18040131308121476	7.240087936579229e-7
0.18200331964662084	7.252510800975015e-7
0.18361333624485401	7.265033509710152e-7
0.18523140292607826	7.277657107375365e-7
0.18685755994070874	7.290382652753192e-7
0.1884918477404122	7.303211219057684e-7
0.19013430697911424	7.31614389418053e-7
0.1917849785140098	7.329181780940919e-7
0.19344390340657974	7.342325997341886e-7
0.19511112292361268	7.355577676830802e-7
0.1967866785382308	7.368937968565807e-7
0.19847061193092203	7.382408037687274e-7
0.20016296499057665	7.395989065595822e-7
0.20186377981552947	7.409682250235169e-7
0.2035730987146071	7.423488806381284e-7
0.20529096420818022	7.437409965937632e-7
0.20701741902922113	7.451446978236677e-7
0.20875250612436722	7.465601110347356e-7
0.210496268654989	7.479873647389978e-7
0.21224874999826396	7.494265892856667e-7
0.21400999374825516	7.50877916893922e-7
0.21578004371699644	7.523414816864676e-7
0.21755894393558148	7.538174197236315e-7
0.2193467386552594	7.553058690383953e-7
0.22114347234853576	7.568069696720462e-7
0.22294918971027836	7.58320863710705e-7
0.2247639356588297	7.598476953225383e-7
0.2265877553371239	7.613876107958783e-7
0.2284206941138094	7.62940758578133e-7
0.23026279758437848	7.645072893156089e-7
0.23211411157230027	7.660873558940941e-7
0.23397468213016168	7.676811134805015e-7
0.23584455554081238	7.69288719565336e-7
0.23772377831851643	7.709103340060629e-7
0.23961239721010893	7.725461190716796e-7
0.24151045919615952	7.741962394879737e-7
0.24341801149214037	7.758608624840363e-7
0.24533510154960114	7.775401578397728e-7
0.24726177705734917	7.792342979344657e-7
0.24919808594263598	7.809434577964421e-7
0.2511440763723492	7.826678151539531e-7
0.2530997967542111	7.84407550487128e-7
0.25506529573798215	7.86162847081191e-7
0.2570406222166721	7.879338910809356e-7
0.25902582532775553	7.897208715463821e-7
0.2610209544543945	7.915239805098184e-7
0.2630260592266663	7.933434130341409e-7
0.2650411895227997	7.951793672725777e-7
0.26706639547041383	7.970320445298306e-7
0.2691017274477658	7.989016493246817e-7
0.2711472360850044	8.007883894540298e-7
0.27320297226542956	8.026924760585664e-7
0.2752689871267568	8.046141236898947e-7
0.2773453320623904	8.065535503794537e-7
0.27943205872270227	8.08510977708897e-7
0.2815292190163157	8.104866308823322e-7
0.28363686511139713	8.12480738800288e-7
0.2857550494369543	8.144935341354676e-7
0.287883824684139	8.165252534104209e-7
0.2900232438075598	8.185761370770326e-7
0.29217336002659744	8.206464295981247e-7
0.2943342268267306	8.227363795309885e-7
0.2965058979608642	8.248462396130139e-7
0.2986884274506685	8.26976266849537e-7
0.3008818695879217	8.291267226038034e-7
0.3030862789358613	8.31297872689336e-7
0.3053017103305407	8.334899874644827e-7
0.30752821888219345	8.357033419295763e-7
0.3097658599766045	8.379382158264284e-7
0.31201468927648746	8.401948937404315e-7
0.3142747627228697	8.4247366520537e-7
0.31654613653648417	8.447748248108066e-7
0.31882886721916665	8.470986723124471e-7
0.32112301155526257	8.49445512745259e-7
0.3234286266130387	8.518156565396149e-7
0.325745769746104	8.542094196405033e-7
0.3280744985948343	8.566271236299315e-7
0.33041487108780826	8.590690958524887e-7
0.3327669454432473	8.615356695444309e-7
0.3351307801704635	8.64027183966075e-7
0.3375064340713156	8.665439845378679e-7
0.33989396624167195	8.690864229801506e-7
0.3422934360728803	8.716548574566288e-7
0.3447049032532445	8.742496527218684e-7
0.34712842776951053	8.768711802728751e-7
0.3495640699083581	8.79519818504706e-7
0.3520118902578999	8.821959528705791e-7
0.35447194970918944	8.84899976046286e-7
0.35694430945773536	8.87632288099366e-7
0.35942903100502394	8.903932966629035e-7
0.36192617616004885	8.9318341711432e-7
0.36443580704084905	8.960030727592173e-7
0.3669579860760533	8.988526950204425e-7
0.3694927760064337	9.017327236326536e-7
0.3720402398864656	9.04643606842391e-7
0.37460044108589774	9.075858016140005e-7
0.37717344329132724	9.10559773841588e-7
0.37975931050778367	9.135659985670084e-7
0.38235810706032236	9.166049602045008e-7
0.3849698975956241	9.196771527717347e-7
0.38759474708360203	9.227830801278108e-7
0.39023272081902005	9.259232562184502e-7
0.39288388442311495	9.290982053283081e-7
0.3955483038452304	9.323084623411131e-7
0.39822604536445655	9.355545730075589e-7
0.40091717559127893	9.388370942213679e-7
0.4036217614692354	9.421565943038798e-7
0.4063398702765814	9.455136532972696e-7
0.40907156962796437	9.489088632669507e-7
0.4118169274761041	9.523428286133078e-7
0.41457601211348477	9.558161663932022e-7
0.41734889217405197	9.59329506651552e-7
0.42013563663492237	9.628834927634763e-7
0.4229363148180968	9.66478781787196e-7
0.4257509963921872	9.701160448282343e-7
0.4285797513741481	9.73795967415434e-7
0.431422650131019	9.775192498889412e-7
0.4342797633816742	9.812866078009845e-7
0.4371511621985827	9.850987723295275e-7
0.4400369180095757	9.889564907057533e-7
0.4429371025996235	9.92860526655512e-7
0.44585178811262155	9.968116608554966e-7
0.44878104705318456	1.0008106914047172e-6
0.4517249522884503	1.004858434311746e-6
0.4546835770498925	1.0089557239985546e-6
0.4576569949351417	1.0131034138214518e-6
0.4606452799098173	1.0173023766098467e-6
0.46364850630936627	1.0215535052236206e-6
0.46666674884091325	1.0258577131298978e-6
0.46970008258511775	1.0302159349997607e-6
0.4727485829980431	1.0346291273261802e-6
0.47581232591303324	1.0390982690635322e-6
0.47889138754259847	1.0436243622900863e-6
0.4819858444803113	1.0482084328941308e-6
0.48509577370271284	1.0528515312847726e-6
0.48822125257122634	1.0575547331287954e-6
0.4913623588340824	1.0623191401141014e-6
0.49451917062825274	1.0671458807415482e-6
0.49769176648139396	1.0720361111460237e-6
0.5008802253138008	1.0769910159481748e-6
0.50408462644037	1.0820118091381993e-6
0.5073050495725719	1.0870997349931409e-6
0.5105415748204347	1.0922560690291647e-6
0.513794282694537	1.0974821189905432e-6
0.5170632541080095	1.102779225876984e-6
0.5203485703785496	1.1081487650109634e-6
0.5236503132304423	1.1135921471474517e-6
0.5269685647965943	1.119110819627507e-6
0.530303407620577	1.1247062675781618e-6
0.5336549246586798	1.1303800151609598e-6
0.5370231992819733	1.1361336268713123e-6
0.5404083152783831	1.1419687088915573e-6
0.5438103568547752	1.1478869105001452e-6
0.5472294086390488	1.153889925540242e-6
0.5506655556822441	1.1599794939504124e-6
0.5541188834606553	1.166157403361235e-6
0.5575894778779587	1.1724254907609085e-6
0.5610774252673482	1.1787856442341841e-6
0.5645828123936848	1.185239804778099e-6
0.5681057264556529	1.1917899681996073e-6
0.5716462550879313	1.1984381870992898e-6
0.575204486363371	1.2051865729463369e-6
0.5787805087951877	1.2120372982507893e-6
0.5823744113391636	1.2189925988381473e-6
0.5859862833958592	1.2260547762335436e-6
0.5896162148128385	1.233226200162057e-6
0.5932642958869029	1.2405093111727899e-6
0.5969306173663373	1.2479066233951753e-6
0.6006152704531689	1.2554207274362474e-6
0.6043183468054348	1.2630542934289433e-6
0.6080399385394619	1.2708100742420343e-6
0.6117801382321592	1.2786909088636225e-6
0.6155390389233196	1.2866997259712002e-6
0.6193167341179363	1.2948395477024803e-6
0.623113317788526	1.3031134936427398e-6
0.6269288843774687	1.3115247850464035e-6
0.6307635287993559	1.3200767493117832e-6
0.6346173464433525	1.3287728247306123e-6
0.6384904331755692	1.3376165655361921e-6
0.642382885341447	1.346611647276602e-6
0.6462947997681542	1.3557618725425604e-6
0.6502262737669948	1.3650711770828079e-6
0.6541774051358298	1.3745436363443786e-6
0.6581482921615086	1.3841834724786445e-6
0.6621390336223161	1.3939950618600356e-6
0.6661497287904276	1.4039829431695981e-6
0.6701804774343794	1.4141518261019039e-6
0.6742313798215511	1.4245066007620828e-6
0.678302536720659	1.4350523478273414e-6
0.6823940494042624	1.445794349557637e-6
0.6865060196512838	1.4567381017507865e-6
0.6906385497495403	1.4678893267503977e-6
0.694791742498288	1.479253987628745e-6
0.6989657012107795	1.4908383036834054e-6
0.7031605297168335	1.5026487674055765e-6
0.7073763323654175	1.5146921630982875e-6
0.7116132140272448	1.5269755873482737e-6
0.7158712800973807	1.5395064715826607e-6
0.7201506364978674	1.5522926069735109e-6
0.7244513896803564	1.5653421719902423e-6
0.728773646628758	1.5786637629413006e-6
0.7331175148619017	1.5922664278956874e-6
0.7374831024362114	1.6061597044289152e-6
0.7418705179483922	1.6203536617023488e-6
0.7462798705381343	1.634858947458013e-6
0.750711269890825	1.6496868405945299e-6
0.7551648262402791	1.664849310087095e-6
0.7596406503714807	1.6803590811264418e-6
0.7641388536233382	1.696229709479785e-6
0.7686595478914547	1.7124756652269352e-6
0.773202845630912	1.72911242719479e-6
0.7777688598590664	1.7461565896137303e-6
0.7823577041583616	1.7636259827472137e-6
0.7869694926791535	1.7815398095114642e-6
0.7916043401425493	1.7999188004078569e-6
0.796262361843262	1.8187853894434854e-6
0.8009436736524783	1.8381639141234275e-6
0.8056483920207407	1.858080843068801e-6
0.8103766339808444	1.878565035356659e-6
0.8151285171507487	1.8996480363044134e-6
0.8199041597365022	1.9213644151417536e-6
0.8247036805351848	1.9437521508443603e-6
0.8295271989378608	1.9668530733593343e-6
0.8343748349325502	1.9907133685552526e-6
0.8392467091072129	2.01538415649661e-6
0.844142942652749	2.0409221541032016e-6
0.8490636573660127	2.0673904349378918e-6
0.8540089756528428	2.094859300803515e-6
0.8589790205311072	2.1234072820683024e-6
0.8639739156337627	2.153122286221778e-6
0.8689739156337625	2.1839779646411128e-6
0.8739739156337623	2.216035938897268e-6
0.878973915633762	2.249398159294044e-6
0.8839739156337618	2.284178370674495e-6
0.8889739156337617	2.3205035682099006e-6
0.8939739156337615	2.358515631263908e-6
0.8989739156337613	2.3983731569288824e-6
0.9039739156337611	2.440253517574099e-6
0.9089739156337608	2.4843551699331264e-6
0.9139739156337606	2.530900246929934e-6
0.9189739156337604	2.5801374676738407e-6
0.9239739156337602	2.632345405926156e-6
0.9289739156337601	2.687836162951166e-6
0.9339739156337599	2.7469594971173484e-6
0.9389739156337596	2.8101074700252583e-6
0.9439739156337594	2.8777196774441626e-6
0.9489739156337592	2.950289143086183e-6
0.953973915633759	3.028368964405552e-6
0.9589739156337588	3.1125798123827984e-6
0.9639739156337586	3.203618401856391e-6
0.9689739156337585	3.302267065672938e-6
0.9739739156337582	3.4094045850352996e-6
0.978973915633758	3.526018450302725e-6
0.9839739156337578	3.6532187515449746e-6
0.9889739156337576	3.7922539268631253e-6
0.9939739156337574	3.944528629418345e-6
0.9989739156337571	4.11162401190683e-6
1.003973915633757	4.295320770636703e-6
1.0089739156337567	4.49762534125764e-6
1.0139739156337566	4.7207996955712035e-6
1.0189739156337563	4.967395254832872e-6
1.0239739156337562	5.240291510870113e-6
1.028973915633756	5.542740033653405e-6
1.0339739156337557	5.878414644379796e-6
1.0389739156337556	6.2514686485772275e-6
1.0439739156337553	6.666600156385953e-6
1.0489739156337552	7.129126669468e-6
1.0539739156337549	7.645070288660248e-6
1.0589739156337548	8.221255096561059e-6
1.0639739156337544	8.865418498027401e-6
1.0689739156337543	9.586338562690188e-6
1.0739739156337542	1.0393979710893787e-5
1.0789739156337539	1.1299659421952863e-5
1.0839739156337538	1.2316239025352447e-5
1.0889739156337535	1.3458342065411126e-5
1.0939739156337533	1.4742604211475654e-5
1.098973915633753	1.618795922159764e-5
1.103973915633753	1.7815966059198896e-5
1.1089739156337528	1.965118290858939e-5
1.1139739156337525	2.1721594532500963e-5
1.1189739156337524	2.4059100154469067e-5
1.123973915633752	2.6700069816330128e-5
1.128973915633752	2.9685977933007446e-5
1.1339739156337516	3.306412350862748e-5
1.1389739156337515	3.68884471405093e-5
1.1439739156337512	4.1220455452453856e-5
1.148973915633751	4.6130263874238995e-5
1.153973915633751	5.169776859955767e-5
1.1589739156337506	5.8013957955336036e-5
1.1639739156337505	6.518237210805219e-5
1.1689739156337502	7.332071778265452e-5
1.17397391563375	8.256264120098884e-5
1.1789739156337498	9.305965744797313e-5
1.1839739156337497	0.00010498322761277485
1.1889739156337495	0.00011852696600112676
1.1939739156337492	0.000133908948191819
1.197980436725312	0.00014772527321495383
1.2019869578168745	0.00016301807447895704
1.2059934789084372	0.0001799395230056148
1.21	0.00019865535221917554
