0.0006999999999999628	2.314849463815014e-6
0.001403500000000035	2.3159379357557416e-6
0.0021105174999999296	2.3170328619222818e-6
0.0028210700874998964	2.3181342844866913e-6
0.003535175437937438	2.3192422475986043e-6
0.004252851315127062	2.3203567958020804e-6
0.004974115571702636	2.3214779740085195e-6
0.005698986149561044	2.3226058274996182e-6
0.006427481080308875	2.3237404019313167e-6
0.007159618485710418	2.324881743337466e-6
0.007895416578138905	2.326029898133866e-6
0.008634893661029494	2.327184913121997e-6
0.00937806812933463	2.3283468354931815e-6
0.010124958469981361	2.329515712832329e-6
0.010875583262331262	2.3306915931222665e-6
0.01162996117864295	2.3318745247476967e-6
0.012388110984536127	2.3330645564992936e-6
0.013150051539458866	2.3342617375781295e-6
0.013915801797156208	2.3354661175998083e-6
0.014685380806142003	2.3366777465986252e-6
0.015458807710172712	2.337896675032357e-6
0.01623610174872358	2.3391229537863014e-6
0.017017282257467212	2.3403566341779143e-6
0.017802368668754516	2.341597767961371e-6
0.01859138051209827	2.3428464073322145e-6
0.019384337414658823	2.3441026049317878e-6
0.020181259101732015	2.3453664138522173e-6
0.020982165397240727	2.346637887641036e-6
0.02178707622422691	2.3479170803061585e-6
0.02259601160534814	2.349204046320559e-6
0.02340899166337483	2.3504988406275665e-6
0.024226036621691812	2.351801518645482e-6
0.02504716680480027	2.353112136273108e-6
0.025872402638824326	2.354430749894565e-6
0.02670176465201842	2.3557574163847538e-6
0.02753527347527842	2.3570921931144987e-6
0.028372949842654864	2.3584351379560266e-6
0.0292148145918682	2.359786309288393e-6
0.03006088866482743	2.361145766002825e-6
0.03091119310815165	2.36251356750861e-6
0.0317657490736924	2.36388977373838e-6
0.03262457781906081	2.365274445154273e-6
0.03348770070815601	2.366667642753327e-6
0.034355139211696875	2.368069428073672e-6
0.035226914907755424	2.3694798632002956e-6
0.03610304948229413	2.370899010771183e-6
0.03698356472970569	2.372326933983449e-6
0.03786848255335419	2.373763696599448e-6
0.038757824966120964	2.3752093629532534e-6
0.03965161409095162	2.376663997956751e-6
0.04054987216140643	2.378127667106412e-6
0.04145262152221345	2.379600436489568e-6
0.04235988462982453	2.3810823727912655e-6
0.04327168405297366	2.382573543300884e-6
0.0441880424732386	2.3840740159188915e-6
0.04510898268560485	2.385583859163963e-6
0.046034527599032954	2.387103142179728e-6
0.04696470023702812	2.3886319347421697e-6
0.04789952373821329	2.3901703072665384e-6
0.048839021356904266	2.391718330814817e-6
0.04978321646368884	2.393276077103163e-6
0.05073213254600732	2.394843618509256e-6
0.05168579320873729	2.3964210280800625e-6
0.052644222174780875	2.3980083795394547e-6
0.05360744328565471	2.399605747296056e-6
0.054575480502083065	2.401213206451207e-6
0.055548357904593434	2.4028308328070015e-6
0.056526099694116344	2.404458702874469e-6
0.0575087301925869	2.4060968938816954e-6
0.05849627384354973	2.407745483782513e-6
0.05948875521276744	2.409404551264652e-6
0.06048619898883127	2.4110741757587345e-6
0.061488629983775384	2.412754437446735e-6
0.06249607313369419	2.414445417270995e-6
0.06350855349936275	2.416147196943226e-6
0.06452609626685958	2.4178598589536304e-6
0.06554872674819387	2.4195834865802486e-6
0.06657647038193484	2.4213181638981623e-6
0.06760935273384447	2.42306397578919e-6
0.06864739949751365	2.424821007951627e-6
0.0696906364950013	2.4265893469098454e-6
0.07073908967747639	2.4283690800244644e-6
0.07179278512586384	2.430160295502354e-6
0.07285174905149322	2.431963082406838e-6
0.0739160077967507	2.433777530668311e-6
0.07498558783573436	2.4356037310945256e-6
0.07606051577491299	2.437441775381509e-6
0.07714081835378758	2.4392917561243222e-6
0.07822652244555647	2.4411537668282464e-6
0.07931765505778425	2.443027901919746e-6
0.0804142433330731	2.4449142567580082e-6
0.08151631454973848	2.446812927646468e-6
0.08262389612248718	2.448724011844524e-6
0.0837370156030995	2.45064760757928e-6
0.0848557006811149	2.4525838140578498e-6
0.0859799791845205	2.454532731479334e-6
0.08710987908044313	2.45649446104757e-6
0.08824542847584534	2.458469104983414e-6
0.08938665561822454	2.4604567665378906e-6
0.09053358889631567	2.4624575500048765e-6
0.09168625684079722	2.4644715607346224e-6
0.09284468812500112	2.46649890514687e-6
0.09400891156562617	2.4685396907447863e-6
0.0951789561234543	2.47059402612849e-6
0.09635485090407148	2.472662021009334e-6
0.09753662515859184	2.4747437862239665e-6
0.0987243082843847	2.4768394337490443e-6
0.09991792982580656	2.478949076715752e-6
0.10111751947493569	2.4810728294248153e-6
0.10232310707231031	2.4832108073616265e-6
0.1035347226076718	2.485363127211868e-6
0.10475239622071016	2.4875299068768084e-6
0.10597615820181366	2.489711265489642e-6
0.10720603899282274	2.491907323431167e-6
0.10844206918778684	2.494118202346651e-6
0.10968427953372567	2.4963440251621976e-6
0.1109327009313943	2.4985849161018663e-6
0.11218736443605135	2.5008410007048076e-6
0.11344830125823162	2.5031124058427815e-6
0.11471554276452282	2.5053992597379467e-6
0.11598912047834534	2.50770169198085e-6
0.11726906608073695	2.5100198335489616e-6
0.11855541141114062	2.512353816825095e-6
0.11984818846819621	2.514703775616522e-6
0.12114742941053713	2.5170698451742726e-6
0.12245316655758978	2.5194521622125846e-6
0.1237654323903777	2.521850864928877e-6
0.12508425955232963	2.5242660930240327e-6
0.12640968085009122	2.5266979877229806e-6
0.1277417292543416	2.5291466917954924e-6
0.1290804379006133	2.531612349577588e-6
0.13042584009011637	2.5340951069929617e-6
0.1317779692905669	2.5365951115752605e-6
0.13313685913701961	2.539112512490136e-6
0.13450254343270476	2.541647460558194e-6
0.13587505614986833	2.544200108277903e-6
0.13725443143061763	2.546770609849206e-6
0.13864070358777073	2.5493591211975424e-6
0.14003390710570945	2.551965799997891e-6
0.14143407664123803	2.554590805699673e-6
0.1428412470244442	2.557234299551928e-6
0.1442554532595664	2.5598964446286717e-6
0.14567673052586416	2.562577405855215e-6
0.1471051141784935	2.565277350034423e-6
0.14854063974938603	2.5679964458737153e-6
0.149983342948133	2.5707348640124565e-6
0.15143325966287374	2.573492777049853e-6
0.15289042596118813	2.5762703595733023e-6
0.15435487809099402	2.5790677881872934e-6
0.15582665248144906	2.581885241542644e-6
0.1573057857438562	2.584722900366536e-6
0.15879231467257537	2.5875809474930223e-6
0.16028627624593816	2.5904595678935943e-6
0.16178770762716785	2.5933589487092077e-6
0.16329664616530362	2.59627927928197e-6
0.16481312939613008	2.599220751187971e-6
0.1663371950431107	2.6021835582704717e-6
0.16786888101832628	2.6051678966737716e-6
0.1694082254234178	2.6081739648776518e-6
0.1709552665505349	2.611201963732357e-6
0.17251004288328747	2.6142520964946367e-6
0.17407259309770393	2.6173245688636226e-6
0.17564295606319252	2.6204195890183024e-6
0.17722117084350858	2.623537367654925e-6
0.17880727669772617	2.6266781180257314e-6
0.18040131308121476	2.6298420559777763e-6
0.18200331964662084	2.6330293999929797e-6
0.18361333624485401	2.636240371228582e-6
0.18523140292607826	2.639475193558662e-6
0.18685755994070874	2.6427340936161547e-6
0.1884918477404122	2.6460173008357736e-6
0.19013430697911424	2.649325047497811e-6
0.1917849785140098	2.652657568772621e-6
0.19344390340657974	2.656015102766077e-6
0.19511112292361268	2.6593978905659134e-6
0.1967866785382308	2.662806176288675e-6
0.19847061193092203	2.6662402071280365e-6
0.20016296499057665	2.669700233403626e-6
0.20186377981552947	2.6731865086109927e-6
0.2035730987146071	2.6766992894725656e-6
0.20529096420818022	2.6802388359895405e-6
0.20701741902922113	2.683805411494643e-6
0.20875250612436722	2.6873992827063107e-6
0.210496268654989	2.6910207197834704e-6
0.21224874999826396	2.694669996381856e-6
0.21400999374825516	2.6983473897109625e-6
0.21578004371699644	2.702053180592515e-6
0.21755894393558148	2.7057876535200164e-6
0.2193467386552594	2.7095510967192846e-6
0.22114347234853576	2.7133438022103803e-6
0.22294918971027836	2.7171660658709227e-6
0.2247639356588297	2.7210181875003223e-6
0.2265877553371239	2.724900470885525e-6
0.2284206941138094	2.7288132238682755e-6
0.23026279758437848	2.7327567584131996e-6
0.23211411157230027	2.736731390677914e-6
0.23397468213016168	2.740737441084297e-6
0.23584455554081238	2.7447752343910803e-6
0.23772377831851643	2.7488450997681416e-6
0.23961239721010893	2.752947370872347e-6
0.24151045919615952	2.7570823859249958e-6
0.24341801149214037	2.7612504877904518e-6
0.24533510154960114	2.7654520240573306e-6
0.24726177705734917	2.7696873471204285e-6
0.24919808594263598	2.7739568142647904e-6
0.2511440763723492	2.7782607877521317e-6
0.2530997967542111	2.782599634907842e-6
0.25506529573798215	2.786973728210949e-6
0.2570406222166721	2.7913834453856343e-6
0.25902582532775553	2.795829169494607e-6
0.2610209544543945	2.8003112890346854e-6
0.2630260592266663	2.8048301980342945e-6
0.2650411895227997	2.809386296153184e-6
0.26706639547041383	2.8139799887844443e-6
0.2691017274477658	2.8186116871584525e-6
0.2711472360850044	2.8232818084495206e-6
0.27320297226542956	2.82799077588426e-6
0.2752689871267568	2.832739018853379e-6
0.2773453320623904	2.8375269730248535e-6
0.27943205872270227	2.8423550804604016e-6
0.2815292190163157	2.847223789734247e-6
0.28363686511139713	2.8521335560546624e-6
0.2857550494369543	2.8570848413882533e-6
0.287883824684139	2.862078114587041e-6
0.2900232438075598	2.8671138515185036e-6
0.29217336002659744	2.8721925351985466e-6
0.2943342268267306	2.877314655927634e-6
0.2965058979608642	2.882480711429768e-6
0.2986884274506685	2.8876912069953094e-6
0.3008818695879217	2.892946655626379e-6
0.3030862789358613	2.8982475781861538e-6
0.3053017103305407	2.9035945035516485e-6
0.30752821888219345	2.9089879687698644e-6
0.3097658599766045	2.9144285192178656e-6
0.31201468927648746	2.919916708766425e-6
0.3142747627228697	2.925453099948056e-6
0.31654613653648417	2.931038264128413e-6
0.31882886721916665	2.9366727816823583e-6
0.32112301155526257	2.942357242174092e-6
0.3234286266130387	2.948092244541688e-6
0.325745769746104	2.9538783972860105e-6
0.3280744985948343	2.9597163186645278e-6
0.33041487108780826	2.96560663688984e-6
0.3327669454432473	2.9715499903326854e-6
0.3351307801704635	2.977547027730714e-6
0.3375064340713156	2.9835984084019098e-6
0.33989396624167195	2.989704802463722e-6
0.3422934360728803	2.995866891057361e-6
0.3447049032532445	3.00208536657825e-6
0.34712842776951053	3.0083609329116883e-6
0.3495640699083581	3.014694305675357e-6
0.3520118902578999	3.0210862124672057e-6
0.35447194970918944	3.0275373931203704e-6
0.35694430945773536	3.0340485999643427e-6
0.35942903100502394	3.040620598093157e-6
0.36192617616004885	3.0472541656403485e-6
0.36443580704084905	3.0539500940613217e-6
0.3669579860760533	3.060709188423221e-6
0.3694927760064337	3.0675322677022764e-6
0.3720402398864656	3.0744201650891823e-6
0.37460044108589774	3.0813737283028438e-6
0.37717344329132724	3.088393819912147e-6
0.37975931050778367	3.0954813176668938e-6
0.38235810706032236	3.102637114837506e-6
0.3849698975956241	3.1098621205638862e-6
0.38759474708360203	3.1171572602142108e-6
0.39023272081902005	3.1245234757533084e-6
0.39288388442311495	3.1319617261214066e-6
0.3955483038452304	3.13947298762339e-6
0.39822604536445655	3.1470582543290976e-6
0.40091717559127893	3.1547185384847245e-6
0.4036217614692354	3.1624548709359047e-6
0.4063398702765814	3.1702683015630656e-6
0.40907156962796437	3.178159899728886e-6
0.4118169274761041	3.186130754738929e-6
0.41457601211348477	3.1941819763153975e-6
0.41734889217405197	3.2023146950849132e-6
0.42013563663492237	3.210530063080368e-6
0.4229363148180968	3.218829254257314e-6
0.4257509963921872	3.227213465026311e-6
0.4285797513741481	3.235683914800395e-6
0.431422650131019	3.244241846559266e-6
0.4342797633816742	3.2528885274302184e-6
0.4371511621985827	3.2616252492870034e-6
0.4400369180095757	3.270453329366464e-6
0.4429371025996235	3.27937411090419e-6
0.44585178811262155	3.2883889637898697e-6
0.44878104705318456	3.297499285242499e-6
0.4517249522884503	3.3067065005071223e-6
0.4546835770498925	3.316012063572736e-6
0.4576569949351417	3.325417457913251e-6
0.4606452799098173	3.334924197251698e-6
0.46364850630936627	3.3445338263488366e-6
0.46666674884091325	3.354247921816626e-6
0.46970008258511775	3.364068092958504e-6
0.4727485829980431	3.373995982636256e-6
0.47581232591303324	3.384033268165528e-6
0.47889138754259847	3.3941816622406334e-6
0.4819858444803113	3.4044429138894317e-6
0.48509577370271284	3.4148188094604656e-6
0.48822125257122634	3.425311173642767e-6
0.4913623588340824	3.4359218705198672e-6
0.49451917062825274	3.4466528046594434e-6
0.49769176648139396	3.457505922240236e-6
0.5008802253138008	3.46848321221724e-6
0.50408462644037	3.4795867075274464e-6
0.5073050495725719	3.4908184863370696e-6
0.5105415748204347	3.502180673332651e-6
0.513794282694537	3.5136754410574467e-6
0.5170632541080095	3.525305011295264e-6
0.5203485703785496	3.5370716565037894e-6
0.5236503132304423	3.5489777012993653e-6
0.5269685647965943	3.56102552399589e-6
0.530303407620577	3.5732175581995727e-6
0.5336549246586798	3.5855562944630226e-6
0.5370231992819733	3.598044282000397e-6
0.5404083152783831	3.6106841304673e-6
0.5438103568547752	3.6234785118075055e-6
0.5472294086390488	3.6364301621709532e-6
0.5506655556822441	3.649541883905038e-6
0.5541188834606553	3.6628165476241065e-6
0.5575894778779587	3.6762570943598957e-6
0.5610774252673482	3.6898665377978856e-6
0.5645828123936848	3.7036479666033083e-6
0.5681057264556529	3.7176045468420655e-6
0.5716462550879313	3.73173952450088e-6
0.575204486363371	3.7460562281129e-6
0.5787805087951877	3.760558071493509e-6
0.5823744113391636	3.775248556593222e-6
0.5859862833958592	3.790131276473937e-6
0.5896162148128385	3.8052099184160073e-6
0.5932642958869029	3.820488267163067e-6
0.5969306173663373	3.835970208313689e-6
0.6006152704531689	3.85165973186802e-6
0.6043183468054348	3.867560935939971e-6
0.6080399385394619	3.8836780306441846e-6
0.6117801382321592	3.900015342170016e-6
0.6155390389233196	3.916577317054761e-6
0.6193167341179363	3.933368526668775e-6
0.623113317788526	3.950393671928032e-6
0.6269288843774687	3.967657588249118e-6
0.6307635287993559	3.985165250764997e-6
0.6346173464433525	4.002921779820033e-6
0.6384904331755692	4.0209324467649505e-6
0.642382885341447	4.03920268007597e-6
0.6462947997681542	4.057738071822175e-6
0.6502262737669948	4.076544384509569e-6
0.6541774051358298	4.095627558334129e-6
0.6581482921615086	4.114993718875481e-6
0.6621390336223161	4.134649185272265e-6
0.6661497287904276	4.154600478919588e-6
0.6701804774343794	4.174854332736849e-6
0.6742313798215511	4.195417701057898e-6
0.678302536720659	4.216297770203464e-6
0.6823940494042624	4.237501969800653e-6
0.6865060196512838	4.2590379849250124e-6
0.6906385497495403	4.280913769146332e-6
0.694791742498288	4.303137558574592e-6
0.6989657012107795	4.325717887008913e-6
0.7031605297168335	4.348663602311086e-6
0.7073763323654175	4.371983884137103e-6
0.7116132140272448	4.395688263180631e-6
0.7158712800973807	4.419786642102154e-6
0.7201506364978674	4.444289318340515e-6
0.7244513896803564	4.469207009032212e-6
0.728773646628758	4.49455087829541e-6
0.7331175148619017	4.520332567170356e-6
0.7374831024362114	4.546564226552236e-6
0.7418705179483922	4.573258553499704e-6
0.7462798705381343	4.6004288313586745e-6
0.750711269890825	4.62808897420738e-6
0.7551648262402791	4.656253576202577e-6
0.7596406503714807	4.684937966495555e-6
0.7641388536233382	4.714158270487862e-6
0.7686595478914547	4.743931478313906e-6
0.773202845630912	4.774275521575521e-6
0.7777688598590664	4.805209359511195e-6
0.7823577041583616	4.836753075966597e-6
0.7869694926791535	4.868927988748637e-6
0.7916043401425493	4.901756773188998e-6
0.796262361843262	4.935263602036691e-6
0.8009436736524783	4.969474304125082e-6
0.8056483920207407	5.004416544651504e-6
0.8103766339808444	5.0401200303497605e-6
0.8151285171507487	5.076616743356335e-6
0.8199041597365022	5.1139412081686915e-6
0.8247036805351848	5.152130796784518e-6
0.8295271989378608	5.1912260779133395e-6
0.8343748349325502	5.231271217070985e-6
0.8392467091072129	5.272314435433892e-6
0.844142942652749	5.314408536558217e-6
0.8490636573660127	5.357611511483424e-6
0.8540089756528428	5.401987234374026e-6
0.8589790205311072	5.447606262736191e-6
0.8639739156337627	5.494546758420161e-6
0.8689739156337625	5.542701756637596e-6
0.8739739156337623	5.592100229050552e-6
0.878973915633762	5.642826928337109e-6
0.8839739156337618	5.694976040048285e-6
0.8889739156337617	5.748652369606257e-6
0.8939739156337615	5.803972677976643e-6
0.8989739156337613	5.861067184243232e-6
0.9039739156337611	5.920081255578353e-6
0.9089739156337608	5.981177307803049e-6
0.9139739156337606	6.044536942863483e-6
0.9189739156337604	6.11036335319518e-6
0.9239739156337602	6.1788840271816666e-6
0.9289739156337601	6.250353794842269e-6
0.9339739156337599	6.325058258606204e-6
0.9389739156337596	6.403317660674305e-6
0.9439739156337594	6.485491246157835e-6
0.9489739156337592	6.57198219008289e-6
0.953973915633759	6.6632431666190245e-6
0.9589739156337588	6.7597826507340375e-6
0.9639739156337586	6.862172056127303e-6
0.9689739156337585	6.971053829008256e-6
0.9739739156337582	7.087150635391833e-6
0.978973915633758	7.2112758004324605e-6
0.9839739156337578	7.344345182355556e-6
0.9889739156337576	7.487390691277817e-6
0.9939739156337574	7.641575695224372e-6
0.9989739156337571	7.808212592666377e-6
1.003973915633757	7.988782873716279e-6
1.0089739156337567	8.18496004169895e-6
1.0139739156337566	8.398635824259579e-6
1.0189739156337563	8.631950169765169e-6
1.0239739156337562	8.887325601990443e-6
1.028973915633756	9.167506595663904e-6
1.0339739156337557	9.475604739375797e-6
1.0389739156337556	9.815150572864134e-6
1.0439739156337553	1.0190153125439699e-5
1.0489739156337552	1.060516834421221e-5
1.0539739156337549	1.1065377788246355e-5
1.0589739156337548	1.1576679181598868e-5
1.0639739156337544	1.2145790668628065e-5
1.0689739156337543	1.2780370903793149e-5
1.0739739156337542	1.348915744053075e-5
1.0789739156337539	1.428212626538058e-5
1.0839739156337538	1.517067576023772e-5
1.0889739156337535	1.6167838873601903e-5
1.0939739156337533	1.7288527846983443e-5
1.098973915633753	1.8549816480812517e-5
1.103973915633753	1.9971265639813635e-5
1.1089739156337528	2.1575298493540394e-5
1.1139739156337525	2.3387632863403286e-5
1.1189739156337524	2.543777899827988e-5
1.123973915633752	2.775961211549323e-5
1.128973915633752	3.0392030102162543e-5
1.1339739156337516	3.337970784079765e-5
1.1389739156337515	3.677396065286091e-5
1.1439739156337512	4.063373027346665e-5
1.148973915633751	4.502670748025398e-5
1.153973915633751	5.0030605866505607e-5
1.1589739156337506	5.573460109898622e-5
1.1639739156337505	6.22409491146431e-5
1.1689739156337502	6.966679481829899e-5
1.17397391563375	7.814617962968402e-5
1.1789739156337498	8.783225133983276e-5
1.1839739156337497	9.889967280776874e-5
1.1889739156337495	0.00011154721671884265
1.1939739156337492	0.00012600052168642534
1.197980436725312	0.00013905617867051017
1.2019869578168745	0.00015358112081514185
1.2059934789084372	0.00016973613682434198
1.21	0.0001876974844441238
