0.0006999999999999628	3.147235595797905e-7
0.001403500000000035	3.1494101152720215e-7
0.0021105174999999296	3.1515983151333034e-7
0.0028210700874998964	3.153800272381789e-7
0.003535175437937438	3.1560160889562395e-7
0.004252851315127062	3.158245868028824e-7
0.004974115571702636	3.1604897137238004e-7
0.005698986149561044	3.1627477311248604e-7
0.006427481080308875	3.165020026285975e-7
0.007159618485710418	3.1673067062425195e-7
0.007895416578138905	3.1696078790225134e-7
0.008634893661029494	3.1719236536580976e-7
0.00937806812933463	3.1742541401968874e-7
0.010124958469981361	3.176599449713785e-7
0.010875583262331262	3.178959694322943e-7
0.01162996117864295	3.181334987189595e-7
0.012388110984536127	3.18372544254249e-7
0.013150051539458866	3.186131175685983e-7
0.013915801797156208	3.188552303012841e-7
0.014685380806142003	3.1909889420168744e-7
0.015458807710172712	3.193441211305722e-7
0.01623610174872358	3.1959092306141463e-7
0.017017282257467212	3.198393120817099e-7
0.017802368668754516	3.200893003943217e-7
0.01859138051209827	3.203409003188681e-7
0.019384337414658823	3.20594124293068e-7
0.020181259101732015	3.208489848741731e-7
0.020982165397240727	3.2110549474038415e-7
0.02178707622422691	3.213636666922922e-7
0.02259601160534814	3.216235136543374e-7
0.02340899166337483	3.2188504867631056e-7
0.024226036621691812	3.2214828493484637e-7
0.02504716680480027	3.2241323573495685e-7
0.025872402638824326	3.2267991451157654e-7
0.02670176465201842	3.229483348311535e-7
0.02753527347527842	3.2321851039322435e-7
0.028372949842654864	3.2349045503204437e-7
0.0292148145918682	3.237641827182252e-7
0.03006088866482743	3.240397075604197e-7
0.03091119310815165	3.2431704380698915e-7
0.0317657490736924	3.2459620584772813e-7
0.03262457781906081	3.248772082156181e-7
0.03348770070815601	3.251600655885799e-7
0.034355139211696875	3.2544479279127944e-7
0.035226914907755424	3.25731404796942e-7
0.03610304948229413	3.260199167291983e-7
0.03698356472970569	3.263103438639615e-7
0.03786848255335419	3.266027016313319e-7
0.038757824966120964	3.2689700561754116e-7
0.03965161409095162	3.271932715668862e-7
0.04054987216140643	3.27491515383735e-7
0.04145262152221345	3.2779175313455744e-7
0.04235988462982453	3.280940010499591e-7
0.04327168405297366	3.2839827552677163e-7
0.0441880424732386	3.2870459313016663e-7
0.04510898268560485	3.2901297059580216e-7
0.046034527599032954	3.293234248320006e-7
0.04696470023702812	3.2963597292196564e-7
0.04789952373821329	3.299506321260205e-7
0.048839021356904266	3.3026741988389975e-7
0.04978321646368884	3.305863538170554e-7
0.05073213254600732	3.309074517310274e-7
0.05168579320873729	3.3123073161780353e-7
0.052644222174780875	3.315562116582817e-7
0.05360744328565471	3.318839102246949e-7
0.054575480502083065	3.3221384588315663e-7
0.055548357904593434	3.325460373961602e-7
0.056526099694116344	3.328805037252001e-7
0.0575087301925869	3.332172640333673e-7
0.05849627384354973	3.335563376880145e-7
0.05948875521276744	3.338977442634946e-7
0.06048619898883127	3.342415035438623e-7
0.061488629983775384	3.3458763552571e-7
0.06249607313369419	3.349361604209732e-7
0.06350855349936275	3.352870986598442e-7
0.06452609626685958	3.3564047089367033e-7
0.06554872674819387	3.3599629799796554e-7
0.06657647038193484	3.363546010753962e-7
0.06760935273384447	3.3671540145889747e-7
0.06864739949751365	3.3707872071475744e-7
0.0696906364950013	3.374445806458256e-7
0.07073908967747639	3.3781300329471e-7
0.07179278512586384	3.3818401094708344e-7
0.07285174905149322	3.3855762613500133e-7
0.0739160077967507	3.3893387164028204e-7
0.07498558783573436	3.3931277049797414e-7
0.07606051577491299	3.3969434599983666e-7
0.07714081835378758	3.400786216979093e-7
0.07822652244555647	3.404656214081266e-7
0.07931765505778425	3.408553692139916e-7
0.0804142433330731	3.412478894703157e-7
0.08151631454973848	3.416432068070407e-7
0.08262389612248718	3.420413461330823e-7
0.0837370156030995	3.4244233264026106e-7
0.0848557006811149	3.4284619180731857e-7
0.0859799791845205	3.4325294940396135e-7
0.08710987908044313	3.4366263149502173e-7
0.08824542847584534	3.440752644446336e-7
0.08938665561822454	3.444908749205283e-7
0.09053358889631567	3.4490948989837895e-7
0.09168625684079722	3.453311366662291e-7
0.09284468812500112	3.457558428289844e-7
0.09400891156562617	3.4618363631300414e-7
0.0951789561234543	3.466145453707432e-7
0.09635485090407148	3.470485985855078e-7
0.09753662515859184	3.474858248762607e-7
0.0987243082843847	3.4792625350254913e-7
0.09991792982580656	3.4836991406946945e-7
0.10111751947493569	3.4881683653275993e-7
0.10232310707231031	3.492670512039705e-7
0.1035347226076718	3.4972058875572804e-7
0.10475239622071016	3.501774802270661e-7
0.10597615820181366	3.506377570288981e-7
0.10720603899282274	3.5110145094954837e-7
0.10844206918778684	3.515685941604041e-7
0.10968427953372567	3.52039219221658e-7
0.1109327009313943	3.525133590881544e-7
0.11218736443605135	3.529910471153349e-7
0.11344830125823162	3.5347231706532825e-7
0.11471554276452282	3.539572031130775e-7
0.11598912047834534	3.544457398526795e-7
0.11726906608073695	3.549379623037206e-7
0.11855541141114062	3.554339059178446e-7
0.11984818846819621	3.5593360658535227e-7
0.12114742941053713	3.564371006419782e-7
0.12245316655758978	3.569444248757598e-7
0.1237654323903777	3.5745561653405216e-7
0.12508425955232963	3.579707133306594e-7
0.12640968085009122	3.584897534531181e-7
0.1277417292543416	3.590127755700894e-7
0.1290804379006133	3.595398188389106e-7
0.13042584009011637	3.6007092291329075e-7
0.1317779692905669	3.6060612795112803e-7
0.13313685913701961	3.6114547462249915e-7
0.13450254343270476	3.616890041177784e-7
0.13587505614986833	3.6223675815595225e-7
0.13725443143061763	3.6278877899302024e-7
0.13864070358777073	3.6334510943063925e-7
0.14003390710570945	3.6390579282487e-7
0.14143407664123803	3.6447087309512124e-7
0.1428412470244442	3.6504039473326667e-7
0.1442554532595664	3.656144028129237e-7
0.14567673052586416	3.661929429989342e-7
0.1471051141784935	3.6677606155699675e-7
0.14854063974938603	3.6736380536353226e-7
0.149983342948133	3.679562219156995e-7
0.15143325966287374	3.685533593416301e-7
0.15289042596118813	3.691552664108701e-7
0.15435487809099402	3.697619925450107e-7
0.15582665248144906	3.7037358782854147e-7
0.1573057857438562	3.709901030199225e-7
0.15879231467257537	3.71611589562856e-7
0.16028627624593816	3.72238099597834e-7
0.16178770762716785	3.7286968597383987e-7
0.16329664616530362	3.7350640226036494e-7
0.16481312939613008	3.741483027596303e-7
0.1663371950431107	3.747954425190394e-7
0.16786888101832628	3.754478773439327e-7
0.1694082254234178	3.761056638105501e-7
0.1709552665505349	3.7676885927931043e-7
0.17251004288328747	3.7743752190833005e-7
0.17407259309770393	3.781117106672032e-7
0.17564295606319252	3.787914853511464e-7
0.17722117084350858	3.7947690659532933e-7
0.17880727669772617	3.801680358896036e-7
0.18040131308121476	3.8086493559346494e-7
0.18200331964662084	3.815676689513813e-7
0.18361333624485401	3.8227630010840654e-7
0.18523140292607826	3.829908941261563e-7
0.18685755994070874	3.8371151699908725e-7
0.1884918477404122	3.844382356711595e-7
0.19013430697911424	3.851711180528386e-7
0.1917849785140098	3.85910233038449e-7
0.19344390340657974	3.8665565052390866e-7
0.19511112292361268	3.8740744142487933e-7
0.1967866785382308	3.881656776952448e-7
0.19847061193092203	3.8893043234605394e-7
0.20016296499057665	3.8970177946484506e-7
0.20186377981552947	3.904797942353764e-7
0.2035730987146071	3.912645529578419e-7
0.20529096420818022	3.920561330694825e-7
0.20701741902922113	3.9285461316568576e-7
0.20875250612436722	3.9366007302152273e-7
0.210496268654989	3.9447259361380485e-7
0.21224874999826396	3.952922571436074e-7
0.21400999374825516	3.9611914705927225e-7
0.21578004371699644	3.9695334808001866e-7
0.21755894393558148	3.9779494621997743e-7
0.2193467386552594	3.986440288128342e-7
0.22114347234853576	3.9950068453704027e-7
0.22294918971027836	4.0036500344155447e-7
0.2247639356588297	4.012370769722227e-7
0.2265877553371239	4.021169979987281e-7
0.2284206941138094	4.030048608421841e-7
0.23026279758437848	4.0390076130336826e-7
0.23211411157230027	4.0480479669159394e-7
0.23397468213016168	4.0571706585428795e-7
0.23584455554081238	4.06637669207229e-7
0.23772377831851643	4.075667087655223e-7
0.23961239721010893	4.0850428817529196e-7
0.24151045919615952	4.094505127461265e-7
0.24341801149214037	4.1040548948430816e-7
0.24533510154960114	4.113693271268324e-7
0.24726177705734917	4.123421361762158e-7
0.24919808594263598	4.13324028936196e-7
0.2511440763723492	4.1431511954824604e-7
0.2530997967542111	4.1531552402899617e-7
0.25506529573798215	4.163253603085728e-7
0.2570406222166721	4.1734474826985143e-7
0.25902582532775553	4.1837380978869134e-7
0.2610209544543945	4.194126687751873e-7
0.2630260592266663	4.2046145121586594e-7
0.2650411895227997	4.2152028521700863e-7
0.26706639547041383	4.225893010490284e-7
0.2691017274477658	4.236686311919226e-7
0.2711472360850044	4.24758410381931e-7
0.27320297226542956	4.258587756593147e-7
0.2752689871267568	4.269698664173851e-7
0.2773453320623904	4.280918244527579e-7
0.27943205872270227	4.2922479401688433e-7
0.2815292190163157	4.3036892186894586e-7
0.28363686511139713	4.3152435733003846e-7
0.2857550494369543	4.3269125233883587e-7
0.287883824684139	4.338697615086483e-7
0.2900232438075598	4.3506004218596807e-7
0.29217336002659744	4.3626225451057504e-7
0.2943342268267306	4.374765614771945e-7
0.2965058979608642	4.3870312899880637e-7
0.2986884274506685	4.3994212597160093e-7
0.3008818695879217	4.4119372434168473e-7
0.3030862789358613	4.4245809917356594e-7
0.3053017103305407	4.4373542872048957e-7
0.30752821888219345	4.4502589449661313e-7
0.3097658599766045	4.463296813512051e-7
0.31201468927648746	4.47646977544826e-7
0.3142747627228697	4.489779748275745e-7
0.31654613653648417	4.503228685195232e-7
0.31882886721916665	4.5168185759329946e-7
0.32112301155526257	4.530551447590289e-7
0.3234286266130387	4.5444293655157673e-7
0.325745769746104	4.5584544342025697e-7
0.3280744985948343	4.5726287982103064e-7
0.33041487108780826	4.586954643113296e-7
0.3327669454432473	4.6014341964752403e-7
0.3351307801704635	4.6160697288519595e-7
0.3375064340713156	4.6308635548223567e-7
0.33989396624167195	4.6458180340494286e-7
0.3422934360728803	4.660935572371198e-7
0.3447049032532445	4.676218622923788e-7
0.34712842776951053	4.691669687296873e-7
0.3495640699083581	4.7072913167226877e-7
0.3520118902578999	4.723086113300573e-7
0.35447194970918944	4.739056731256712e-7
0.35694430945773536	4.7552058782420194e-7
0.35942903100502394	4.771536316668272e-7
0.36192617616004885	4.788050865083975e-7
0.36443580704084905	4.804752399592419e-7
0.3669579860760533	4.821643855311479e-7
0.3694927760064337	4.838728227878862e-7
0.3720402398864656	4.85600857500208e-7
0.37460044108589774	4.873488018057162e-7
0.37717344329132724	4.891169743735854e-7
0.37975931050778367	4.909057005743896e-7
0.38235810706032236	4.927153126552625e-7
0.3849698975956241	4.945461499205025e-7
0.38759474708360203	4.963985589178622e-7
0.39023272081902005	4.98272893630728e-7
0.39288388442311495	5.001695156764488e-7
0.3955483038452304	5.020887945109117e-7
0.39822604536445655	5.040311076398103e-7
0.40091717559127893	5.059968408366067e-7
0.4036217614692354	5.079863883676615e-7
0.4063398702765814	5.100001532246941e-7
0.40907156962796437	5.120385473648266e-7
0.4118169274761041	5.14101991958597e-7
0.41457601211348477	5.161909176461671e-7
0.41734889217405197	5.183057648020928e-7
0.42013563663492237	5.204469838089609e-7
0.4229363148180968	5.226150353402459e-7
0.4257509963921872	5.248103906527966e-7
0.4285797513741481	5.270335318892171e-7
0.431422650131019	5.292849523907089e-7
0.4342797633816742	5.315651570206062e-7
0.4371511621985827	5.338746624992037e-7
0.4400369180095757	5.362139977502139e-7
0.4429371025996235	5.385837042593884e-7
0.44585178811262155	5.409843364457892e-7
0.44878104705318456	5.434164620462216e-7
0.4517249522884503	5.458806625134068e-7
0.4546835770498925	5.483775334284292e-7
0.4576569949351417	5.509076849280685e-7
0.4606452799098173	5.534717421476756e-7
0.46364850630936627	5.560703456802141e-7
0.46666674884091325	5.587041520522071e-7
0.46970008258511775	5.613738342172434e-7
0.4727485829980431	5.64080082067911e-7
0.47581232591303324	5.668236029668544e-7
0.47889138754259847	5.696051222979097e-7
0.4819858444803113	5.724253840380761e-7
0.48509577370271284	5.752851513513934e-7
0.48822125257122634	5.781852072056232e-7
0.4913623588340824	5.811263550128057e-7
0.49451917062825274	5.841094192947713e-7
0.49769176648139396	5.871352463747253e-7
0.5008802253138008	5.902047050962412e-7
0.50408462644037	5.933186875707876e-7
0.5073050495725719	5.964781099552662e-7
0.5105415748204347	5.996839132609111e-7
0.513794282694537	6.029370641951388e-7
0.5170632541080095	6.062385560378955e-7
0.5203485703785496	6.095894095542353e-7
0.5236503132304423	6.129906739449021e-7
0.5269685647965943	6.164434278368499e-7
0.530303407620577	6.19948780315764e-7
0.5336549246586798	6.23507872002641e-7
0.5370231992819733	6.271218761768247e-7
0.5404083152783831	6.307919999478968e-7
0.5438103568547752	6.345194854790354e-7
0.5472294086390488	6.383056112646367e-7
0.5506655556822441	6.421516934651027e-7
0.5541188834606553	6.460590873020751e-7
0.5575894778779587	6.500291885174395e-7
0.5610774252673482	6.540634348998207e-7
0.5645828123936848	6.581633078822544e-7
0.5681057264556529	6.623303342156971e-7
0.5716462550879313	6.665660877223488e-7
0.575204486363371	6.708721911341246e-7
0.5787805087951877	6.752503180212618e-7
0.5823744113391636	6.797021948169437e-7
0.5859862833958592	6.842296029440112e-7
0.5896162148128385	6.888343810504805e-7
0.5932642958869029	6.935184273612669e-7
0.5969306173663373	6.982837021539279e-7
0.6006152704531689	7.031322303672332e-7
0.6043183468054348	7.080661043520028e-7
0.6080399385394619	7.130874867746427e-7
0.6117801382321592	7.181986136849249e-7
0.6155390389233196	7.234017977605033e-7
0.6193167341179363	7.286994317422767e-7
0.623113317788526	7.34093992075899e-7
0.6269288843774687	7.39588042776629e-7
0.6307635287993559	7.451842395365867e-7
0.6346173464433525	7.508853340954867e-7
0.6384904331755692	7.56694178898756e-7
0.642382885341447	7.626137320693355e-7
0.6462947997681542	7.686470627229424e-7
0.6502262737669948	7.747973566603084e-7
0.6541774051358298	7.810679224737519e-7
0.6581482921615086	7.874621981107139e-7
0.6621390336223161	7.939837579418949e-7
0.6661497287904276	8.006363203884525e-7
0.6701804774343794	8.074237561693755e-7
0.6742313798215511	8.143500972389728e-7
0.678302536720659	8.214195464934586e-7
0.6823940494042624	8.286364883368345e-7
0.6865060196512838	8.360055002087122e-7
0.6906385497495403	8.435313651909117e-7
0.694791742498288	8.512190858265167e-7
0.6989657012107795	8.590738993037377e-7
0.7031605297168335	8.671012941788258e-7
0.7073763323654175	8.753070288374453e-7
0.7116132140272448	8.836971519222606e-7
0.7158712800973807	8.922780249880101e-7
0.7201506364978674	9.010563476825556e-7
0.7244513896803564	9.100391857965896e-7
0.728773646628758	9.192340025738242e-7
0.7331175148619017	9.286486937312195e-7
0.7374831024362114	9.382916267041354e-7
0.7418705179483922	9.481716847065885e-7
0.7462798705381343	9.582983162830342e-7
0.750711269890825	9.686815911268607e-7
0.7551648262402791	9.79332263054144e-7
0.7596406503714807	9.902618411509976e-7
0.7641388536233382	1.0014826702614597e-6
0.7686595478914547	1.0130080221536822e-6
0.773202845630912	1.0248521988971787e-6
0.7777688598590664	1.0370306502084995e-6
0.7823577041583616	1.0495601067788786e-6
0.7869694926791535	1.062458731893024e-6
0.7916043401425493	1.0757462939855163e-6
0.796262361843262	1.0894443631697628e-6
0.8009436736524783	1.1035765352201272e-6
0.8056483920207407	1.1181686869987552e-6
0.8103766339808444	1.1332492679068772e-6
0.8151285171507487	1.1488496326146572e-6
0.8199041597365022	1.1650044210993177e-6
0.8247036805351848	1.1817519929121992e-6
0.8295271989378608	1.1991349236195788e-6
0.8343748349325502	1.21720057253958e-6
0.8392467091072129	1.2360017322519502e-6
0.844142942652749	1.255597371916902e-6
0.8490636573660127	1.2760534882347986e-6
0.8540089756528428	1.2974440799507792e-6
0.8589790205311072	1.3198522642002514e-6
0.8639739156337627	1.3433715557596153e-6
0.8689739156337625	1.3680071244770791e-6
0.8739739156337623	1.393835279110241e-6
0.878973915633762	1.4209675518211275e-6
0.8839739156337618	1.4495286157836152e-6
0.8889739156337617	1.479657884942135e-6
0.8939739156337615	1.5115113058629634e-6
0.8989739156337613	1.5452633649905224e-6
0.9039739156337611	1.5811093376491411e-6
0.9089739156337608	1.6192678086355985e-6
0.9139739156337606	1.6599834982676949e-6
0.9189739156337604	1.7035304323619411e-6
0.9239739156337602	1.7502154998910594e-6
0.9289739156337601	1.8003824481069282e-6
0.9339739156337599	1.8544163718102819e-6
0.9389739156337596	1.912748761317093e-6
0.9439739156337594	1.9758631826431844e-6
0.9489739156337592	2.0443016736505028e-6
0.953973915633759	2.1186719515431024e-6
0.9589739156337588	2.199655540362398e-6
0.9639739156337586	2.288016942240424e-6
0.9689739156337585	2.384613993391922e-6
0.9739739156337582	2.4904095654661944e-6
0.978973915633758	2.6064847952966813e-6
0.9839739156337578	2.734054051689975e-6
0.9889739156337576	2.874481877162149e-6
0.9939739156337574	3.029302176004349e-6
0.9989739156337571	3.200239958369362e-6
1.003973915633757	3.3892359939345447e-6
1.0089739156337567	3.5984747789335427e-6
1.0139739156337566	3.830416277901623e-6
1.0189739156337563	4.087831967403017e-6
1.0239739156337562	4.373845784527204e-6
1.028973915633756	4.691980669411252e-6
1.0339739156337557	5.046211490021214e-6
1.0389739156337556	5.441025250637815e-6
1.0439739156337553	5.881489614881066e-6
1.0489739156337552	6.373330921825975e-6
1.0539739156337549	6.923023042173775e-6
1.0589739156337548	7.5378886131368496e-6
1.0639739156337544	8.22621440842904e-6
1.0689739156337543	8.99738284647161e-6
1.0739739156337542	9.862021918625789e-6
1.0789739156337539	1.0832176132945011e-5
1.0839739156337538	1.1921501420437672e-5
1.0889739156337535	1.314548734253509e-5
1.0939739156337533	1.4521710372093299e-5
1.098973915633753	1.607012249630911e-5
1.103973915633753	1.7813379907174103e-5
1.1089739156337528	1.9777217099631706e-5
1.1139739156337525	2.1990872281979565e-5
1.1189739156337524	2.4487570604641846e-5
1.123973915633752	2.7305072312849306e-5
1.128973915633752	3.0486293497465554e-5
1.1339739156337516	3.4080007615805446e-5
1.1389739156337515	3.8141636325224445e-5
1.1439739156337512	4.273413834166151e-5
1.148973915633751	4.792900490500075e-5
1.153973915633751	5.3807369876141754e-5
1.1589739156337506	6.046124134768116e-5
1.1639739156337505	6.799485972428598e-5
1.1689739156337502	7.652618428507199e-5
1.17397391563375	8.618850600553746e-5
1.1789739156337498	9.713217858765014e-5
1.1839739156337497	0.00010952645190522443
1.1889739156337495	0.0001235613821115321
1.1939739156337492	0.00013944978022629705
1.197980436725312	0.00015367798075450266
1.2019869578168745	0.00016938271962131825
1.2059934789084372	0.0001867098678667706
1.21	0.00020581734590951426
