0.0006999999999999628	0.0
0.001403500000000035	0.0
0.0021105174999999296	0.0
0.0028210700874998964	0.0
0.003535175437937438	0.0
0.004252851315127062	0.0
0.004974115571702636	0.0
0.005698986149561044	0.0
0.006427481080308875	0.0
0.007159618485710418	0.0
0.007895416578138905	0.0
0.008634893661029494	0.0
0.00937806812933463	0.0
0.010124958469981361	0.0
0.010875583262331262	0.0
0.01162996117864295	0.0
0.012388110984536127	0.0
0.013150051539458866	0.0
0.013915801797156208	0.0
0.014685380806142003	0.0
0.015458807710172712	0.0
0.01623610174872358	0.0
0.017017282257467212	0.0
0.017802368668754516	0.0
0.01859138051209827	0.0
0.019384337414658823	0.0
0.020181259101732015	0.0
0.020982165397240727	0.0
0.02178707622422691	0.0
0.02259601160534814	0.0
0.02340899166337483	0.0
0.024226036621691812	0.0
0.02504716680480027	0.0
0.025872402638824326	0.0
0.02670176465201842	0.0
0.02753527347527842	0.0
0.028372949842654864	0.0
0.0292148145918682	0.0
0.03006088866482743	0.0
0.03091119310815165	0.0
0.0317657490736924	0.0
0.03262457781906081	0.0
0.03348770070815601	0.0
0.034355139211696875	0.0
0.035226914907755424	0.0
0.03610304948229413	0.0
0.03698356472970569	0.0
0.03786848255335419	0.0
0.038757824966120964	0.0
0.03965161409095162	0.0
0.04054987216140643	0.0
0.04145262152221345	0.0
0.04235988462982453	0.0
0.04327168405297366	0.0
0.0441880424732386	0.0
0.04510898268560485	0.0
0.046034527599032954	0.0
0.04696470023702812	0.0
0.04789952373821329	0.0
0.048839021356904266	0.0
0.04978321646368884	0.0
0.05073213254600732	0.0
0.05168579320873729	0.0
0.052644222174780875	0.0
0.05360744328565471	0.0
0.054575480502083065	0.0
0.05554835790459365	0.0
0.05652609969411678	0.0
0.05750873019258755	0.0
0.05849627384355038	0.0
0.05948875521276831	0.0
0.060486198988831924	0.0
0.061488629983776036	0.0
0.062496073133695054	0.0
0.06350855349936363	0.0
0.06452609626686023	0.0
0.06554872674819473	0.0
0.0665764703819355	0.0
0.06760935273384511	0.0
0.06864739949751451	0.0
0.06969063649500218	0.0
0.07073908967747725	0.0
0.07179278512586448	0.0
0.07285174905149387	0.0
0.07391600779675113	0.0
0.07498558783573481	0.0
0.07606051577491364	0.0
0.07714081835378801	0.0
0.0782265224455569	0.0
0.07931765505778446	0.0
0.08041424333307354	0.0
0.08151631454973869	0.0
0.08262389612248718	0.0
0.08373701560309972	0.0
0.08485570068111534	0.0
0.08597997918452092	0.0
0.08710987908044335	0.0
0.08824542847584554	0.0
0.08938665561822474	0.0
0.0905335888963159	0.0
0.09168625684079766	0.0
0.09284468812500156	0.0
0.09400891156562662	0.0
0.09517895612345495	0.0
0.09635485090407213	0.0
0.09753662515859228	0.0
0.09872430828438533	0.0
0.09991792982580742	0.0
0.10111751947493633	0.0
0.10232310707231096	0.0
0.10353472260767245	0.0
0.1047523962207106	0.0
0.1059761582018141	0.0
0.10720603899282295	0.0
0.10844206918778705	0.0
0.10968427953372589	0.0
0.11093270093139453	0.0
0.11218736443605157	0.0
0.11344830125823162	0.0
0.11471554276452282	0.0
0.11598912047834534	0.0
0.11726906608073716	0.0
0.11855541141114084	0.0
0.11984818846819666	0.0
0.12114742941053756	0.0
0.12245316655759021	0.0
0.12376543239037813	0.0
0.12508425955233007	0.0
0.12640968085009188	0.0
0.12774172925434224	0.0
0.12908043790061416	0.0
0.13042584009011704	0.0
0.13177796929056776	0.0
0.1331368591370207	0.0
0.13450254343270562	0.0
0.13587505614986897	0.0
0.1372544314306183	0.0
0.13864070358777136	0.0
0.14003390710571012	0.0
0.14143407664123844	0.0
0.14284124702444484	0.0
0.14425545325956707	0.0
0.1456767305258648	0.0
0.14710511417849395	0.0
0.14854063974938644	0.0
0.14998334294813345	0.0
0.1514332596628742	0.0
0.15289042596118857	0.0
0.15435487809099444	0.0
0.15582665248144925	0.0
0.15730578574385642	0.0
0.1587923146725756	0.0
0.1602862762459386	0.0
0.1617877076271685	0.0
0.16329664616530448	0.0
0.16481312939613094	0.0
0.16633719504311156	0.0
0.16786888101832692	0.0
0.16940822542341866	0.0
0.17095526655053575	0.0
0.17251004288328856	0.0
0.1740725930977048	0.0
0.1756429560631934	0.0
0.17722117084350925	0.0
0.17880727669772659	0.0
0.18040131308121543	0.0
0.18200331964662148	0.0
0.18361333624485465	0.0
0.18523140292607912	0.0
0.18685755994070938	0.0
0.18849184774041308	0.0
0.19013430697911532	0.0
0.19178497851401088	0.0
0.19344390340658082	0.0
0.19511112292361377	0.0
0.1967866785382319	0.0
0.19847061193092289	0.0
0.2001629649905775	0.0
0.20186377981553055	0.0
0.20357309871460819	0.0
0.2052909642081813	0.0
0.207017419029222	0.0
0.20875250612436788	0.0
0.21049626865498966	0.0
0.21224874999826462	0.0
0.21400999374825602	0.0
0.2157800437169973	0.0
0.21755894393558234	0.0
0.21934673865526005	0.0
0.2211434723485364	0.0
0.22294918971027902	0.0
0.22476393565883038	0.0
0.22658775533712455	0.0
0.22842069411381005	0.0
0.23026279758437915	0.0
0.23211411157230094	0.0
0.23397468213016254	0.0
0.23584455554081346	0.0
0.23772377831851751	0.0
0.23961239721011024	0.0
0.24151045919616082	0.0
0.24341801149214168	0.0
0.24533510154960245	0.0
0.24726177705735047	0.0
0.2491980859426373	0.0
0.25114407637235053	0.0
0.2530997967542124	0.0
0.2550652957379834	0.0
0.2570406222166734	0.0
0.25902582532775686	0.0
0.26102095445439577	0.0
0.2630260592266676	0.0
0.26504118952280104	0.0
0.26706639547041516	0.0
0.26910172744776706	0.0
0.27114723608500574	0.0
0.2732029722654309	0.0
0.2752689871267581	0.0
0.2773453320623917	0.0
0.2794320587227036	0.0
0.281529219016317	0.0
0.2836368651113984	0.0
0.28575504943695557	0.0
0.28788382468414025	0.0
0.2900232438075611	0.0
0.29217336002659877	0.0
0.29433422682673194	0.0
0.29650589796086546	0.0
0.29868842745066976	0.0
0.30088186958792296	0.0
0.30308627893586265	0.0
0.305301710330542	0.0
0.3075282188821948	0.0
0.30976585997660583	0.0
0.31201468927648873	0.0
0.31427476272287097	0.0
0.3165461365364855	0.0
0.318828867219168	0.0
0.3211230115552639	0.0
0.32342862661304006	0.0
0.3257457697461053	0.0
0.32807449859483556	0.0
0.33041487108780954	0.0
0.3327669454432486	0.0
0.33513078017046477	0.0
0.33750643407131686	0.0
0.33989396624167323	0.0
0.3422934360728816	0.0
0.34470490325324576	0.0
0.3471284277695118	0.0
0.34956406990835936	0.0
0.3520118902579012	0.0
0.3544719497091907	0.0
0.35694430945773664	0.0
0.3594290310050252	0.0
0.36192617616005013	0.0
0.3644358070408504	0.0
0.36695798607605457	0.0
0.36949277600643504	0.0
0.37204023988646695	0.0
0.374600441085899	0.0
0.3771734432913285	0.0
0.379759310507785	0.0
0.3823581070603237	0.0
0.3849698975956254	0.0
0.3875947470836033	0.0
0.39023272081902133	0.0
0.3928838844231162	0.0
0.39554830384523165	0.0
0.3982260453644579	0.0
0.4009171755912802	0.0
0.4036217614692367	0.0
0.4063398702765827	0.0
0.40907156962796565	0.0
0.41181692747610543	0.0
0.41457601211348605	0.0
0.4173488921740533	0.0
0.4201356366349237	0.0
0.42293631481809807	0.0
0.4257509963921885	0.0
0.42857975137414944	0.0
0.4314226501310203	0.0
0.43427976338167545	0.0
0.43715116219858396	0.0
0.440036918009577	0.0
0.44293710259962477	0.0
0.4458517881126228	0.0
0.4487810470531859	0.0
0.45172495228845155	0.0
0.45468357704989376	0.0
0.45765699493514306	0.0
0.46064527990981863	0.0
0.4636485063093676	0.0
0.4666667488409145	0.0
0.4697000825851191	0.0
0.4727485829980444	0.0
0.4758123259130346	0.0
0.47889138754259974	0.0
0.4819858444803126	0.0
0.4850957737027142	0.0
0.48822125257122767	0.0
0.49136235883408375	0.0
0.49451917062825407	0.0
0.49769176648139524	0.0
0.5008802253138022	0.0
0.5040846264403713	0.0
0.5073050495725733	0.0
0.510541574820436	0.0
0.5137942826945383	0.0
0.5170632541080108	0.0
0.520348570378551	0.0
0.5236503132304436	0.0
0.5269685647965956	0.0
0.5303034076205784	0.0
0.5336549246586811	0.0
0.5370231992819746	0.0
0.5404083152783844	0.0
0.5438103568547764	0.0
0.5472294086390501	0.0
0.5506655556822453	0.0
0.5541188834606565	0.0
0.5575894778779599	0.0
0.5610774252673494	0.0
0.564582812393686	0.0
0.5681057264556543	0.0
0.5716462550879327	0.0
0.5752044863633723	0.0
0.578780508795189	0.0
0.5823744113391649	0.0
0.5859862833958606	0.0
0.5896162148128399	0.0
0.5932642958869042	0.0
0.5969306173663387	0.0
0.6006152704531702	0.0
0.6043183468054361	0.0
0.6080399385394633	0.0
0.6117801382321605	0.0
0.615539038923321	0.0
0.6193167341179376	0.0
0.6231133177885273	0.0
0.6269288843774701	0.0
0.6307635287993573	0.0
0.6346173464433539	0.0
0.6384904331755705	0.0
0.6423828853414483	0.0
0.6462947997681555	0.0
0.6502262737669962	0.0
0.6541774051358311	0.0
0.6581482921615099	0.0
0.6621390336223173	0.0
0.6661497287904288	0.0
0.6701804774343807	0.0
0.6742313798215525	0.0
0.6783025367206603	0.0
0.6823940494042636	0.0
0.6865060196512851	0.0
0.6906385497495416	0.0
0.6947917424982893	0.0
0.6989657012107808	0.0
0.7031605297168348	0.0
0.7073763323654189	0.0
0.7116132140272461	0.0
0.715871280097382	0.0
0.7201506364978687	0.0
0.7244513896803577	0.0
0.7287736466287593	0.0
0.733117514861903	0.0
0.7374831024362126	0.0
0.7418705179483935	0.0
0.7462798705381356	0.0
0.7507112698908263	0.0
0.7551648262402804	0.0
0.759640650371482	0.0
0.7641388536233394	0.0
0.7686595478914561	0.0
0.7732028456309133	0.0
0.7777688598590677	0.0
0.7823577041583629	0.0
0.7869694926791548	0.0
0.7916043401425507	0.0
0.7962623618432633	0.0
0.8009436736524796	0.0
0.805648392020742	0.0
0.8103766339808457	0.0
0.81512851715075	0.0
0.8199041597365035	0.0
0.8247036805351862	0.0
0.8295271989378621	0.0
0.8343748349325514	0.0
0.8392467091072142	0.0
0.8441429426527504	0.0
0.849063657366014	0.0
0.8540089756528442	0.0
0.8589790205311084	0.0
0.863973915633764	0.0
0.8689739156337638	0.0
0.8739739156337636	0.0
0.8789739156337634	0.0
0.8839739156337632	0.0
0.8889739156337629	0.0
0.8939739156337627	0.0
0.8989739156337626	0.0
0.9039739156337624	0.0
0.9089739156337622	0.0
0.913973915633762	0.0
0.9189739156337617	0.0
0.9239739156337615	0.0
0.9289739156337613	0.0
0.9339739156337611	0.0
0.938973915633761	0.0
0.9439739156337608	0.0
0.9489739156337605	0.0
0.9539739156337603	0.0
0.9589739156337601	0.0
0.9639739156337599	0.0
0.9689739156337597	0.0
0.9739739156337595	0.0
0.9789739156337594	0.0
0.9839739156337591	0.0
0.9889739156337589	0.0
0.9939739156337587	0.0
0.9989739156337585	0.0
1.0039739156337584	0.0
1.008973915633758	0.0
1.013973915633758	0.0
1.0189739156337576	0.0
1.0239739156337575	0.0
1.0289739156337572	0.0
1.033973915633757	0.0
1.038973915633757	0.0
1.0439739156337566	0.0
1.0489739156337565	0.0
1.0539739156337562	0.0
1.058973915633756	0.0
1.0639739156337558	0.0
1.0689739156337557	0.0
1.0739739156337553	0.0
1.0789739156337552	0.0
1.0839739156337551	0.0
1.0889739156337548	0.0
1.0939739156337547	0.0
1.0989739156337544	0.0
1.1039739156337542	0.0
1.108973915633754	0.0
1.1139739156337538	0.0
1.1189739156337537	0.0
1.1239739156337534	0.0
1.1289739156337533	0.0
1.133973915633753	0.0
1.1389739156337528	0.0
1.1439739156337525	0.0
1.1489739156337524	0.0
1.153973915633752	0.0
1.158973915633752	0.0
1.1639739156337519	0.0
1.1689739156337515	0.0
1.1739739156337514	0.0
1.178973915633751	0.0
1.183973915633751	0.0
1.1889739156337507	0.0
1.1939739156337505	0.0
1.1989739156337504	0.0
1.2039739156337501	0.0
1.20897391563375	0.0
1.2139739156337497	0.0
1.2189739156337496	0.0
1.2239739156337492	0.0
1.2289739156337491	0.0
1.2339739156337488	0.0
1.2389739156337487	0.0
1.2439739156337486	0.0
1.2489739156337483	0.0
1.2539739156337482	0.0
1.2589739156337478	0.0
1.2639739156337477	0.0
1.2689739156337474	0.0
1.2739739156337473	0.0
1.2789739156337472	0.0
1.2839739156337469	0.0
1.2889739156337467	0.0
1.2939739156337464	0.0
1.2989739156337463	0.0
1.303973915633746	0.0
1.3089739156337459	0.0
1.3139739156337455	0.0
1.3189739156337454	0.0
1.3239739156337453	0.0
1.328973915633745	0.0
1.333973915633745	0.0
1.3389739156337446	0.0
1.3439739156337445	0.0
1.3489739156337441	0.0
1.353973915633744	0.0
1.358973915633744	0.0
1.3639739156337436	0.0
1.3689739156337435	0.0
1.3739739156337432	0.0
1.378973915633743	0.0
1.3839739156337427	0.0
1.3879804367253072	0.0
1.3919869578168715	0.0
1.395993478908436	0.0
1.4	0.0
