0.0006999999999999628	1.3589607679152195e-8
0.001403500000000035	1.3601650193532175e-8
0.0021105174999999296	1.3613769167268967e-8
0.0028210700874998964	1.3625965030054528e-8
0.003535175437937438	1.3638238357194989e-8
0.004252851315127062	1.3650589731320636e-8
0.004974115571702636	1.3663019740482791e-8
0.005698986149561044	1.3675528978189156e-8
0.006427481080308875	1.3688118043464977e-8
0.007159618485710418	1.3700787540916277e-8
0.007895416578138905	1.3713538080793675e-8
0.008634893661029494	1.3726370279057397e-8
0.00937806812933463	1.3739284757442326e-8
0.010124958469981361	1.3752282143525074e-8
0.010875583262331262	1.3765363070790998e-8
0.01162996117864295	1.3778528178702712e-8
0.012388110984536127	1.3791778112769405e-8
0.013150051539458866	1.380511352461701e-8
0.013915801797156208	1.381853507205957e-8
0.014685380806142003	1.3832043419171206e-8
0.015458807710172712	1.3845639236359524e-8
0.01623610174872358	1.3859323200439824e-8
0.017017282257467212	1.3873095994710505e-8
0.017802368668754516	1.3886958309028857e-8
0.01859138051209827	1.3900910839889264e-8
0.019384337414658823	1.391495429050103e-8
0.020181259101732015	1.3929089370868339e-8
0.020982165397240727	1.3943316797870638e-8
0.02178707622422691	1.3957637295345073e-8
0.02259601160534814	1.3972051594168849e-8
0.02340899166337483	1.3986560432343914e-8
0.024226036621691812	1.4001164555081952e-8
0.02504716680480027	1.4015864714891674e-8
0.025872402638824326	1.403066167166579e-8
0.02670176465201842	1.4045556192770784e-8
0.02753527347527842	1.4060549053137357e-8
0.028372949842654864	1.4075641035351403e-8
0.0292148145918682	1.409083292974812e-8
0.03006088866482743	1.410612553450525e-8
0.03091119310815165	1.4121519655739903e-8
0.0317657490736924	1.413701610760487e-8
0.03262457781906081	1.4152615712387651e-8
0.03348770070815601	1.416831930061015e-8
0.034355139211696875	1.4184127711130485e-8
0.035226914907755424	1.4200041791245622e-8
0.03610304948229413	1.4216062396796076e-8
0.03698356472970569	1.4232190392271626e-8
0.03786848255335419	1.4248426650919192e-8
0.038757824966120964	1.4264772054851737e-8
0.03965161409095162	1.4281227495159285e-8
0.04054987216140643	1.4297793872021351e-8
0.04145262152221345	1.4314472094820613e-8
0.04235988462982453	1.4331263082259326e-8
0.04327168405297366	1.4348167762476498e-8
0.0441880424732386	1.4365187073167397e-8
0.04510898268560485	1.4382321961704318e-8
0.046034527599032954	1.4399573385260005e-8
0.04696470023702812	1.4416942310932291e-8
0.04789952373821329	1.4434429715870251e-8
0.048839021356904266	1.445203658740371e-8
0.04978321646368884	1.4469763923173151e-8
0.05073213254600732	1.4487612731262384e-8
0.05168579320873729	1.450558403033348e-8
0.052644222174780875	1.4523678849763086e-8
0.05360744328565471	1.4541898229781104e-8
0.054575480502083065	1.4560243221612043e-8
0.055548357904593434	1.4578714887617395e-8
0.056526099694116344	1.4597314301441719e-8
0.0575087301925869	1.4616042548159544e-8
0.05849627384354973	1.4634900724425407e-8
0.05948875521276744	1.4653889938626178e-8
0.06048619898883127	1.4673011311035402e-8
0.061488629983775384	1.4692265973970235e-8
0.06249607313369419	1.471165507195108e-8
0.06350855349936275	1.4731179761863365e-8
0.06452609626685958	1.4750841213122304e-8
0.06554872674819387	1.477064060783958e-8
0.06657647038193484	1.4790579140993327e-8
0.06760935273384447	1.4810658020600675e-8
0.06864739949751365	1.4830878467892768e-8
0.0696906364950013	1.4851241717492929e-8
0.07073908967747639	1.4871749017597331e-8
0.07179278512586384	1.489240163015891e-8
0.07285174905149322	1.4913200831074013e-8
0.0739160077967507	1.493414791037204e-8
0.07498558783573436	1.4955244172408546e-8
0.07606051577491299	1.497649093606059e-8
0.07714081835378758	1.499788953492646e-8
0.07822652244555647	1.5019441317527805e-8
0.07931765505778425	1.5041147647514948e-8
0.0804142433330731	1.5063009903876333e-8
0.08151631454973848	1.508502948115109e-8
0.08262389612248718	1.5107207789644358e-8
0.0837370156030995	1.5129546255647786e-8
0.0848557006811149	1.515204632166131e-8
0.0859799791845205	1.5174709446621493e-8
0.08710987908044313	1.5197537106131213e-8
0.08824542847584534	1.5220530792694474e-8
0.08938665561822454	1.5243692015954503e-8
0.09053358889631567	1.526702230293657e-8
0.09168625684079722	1.5290523198294272e-8
0.09284468812500112	1.5314196264560124e-8
0.09400891156562617	1.5338043082400128e-8
0.0951789561234543	1.536206525087362e-8
0.09635485090407148	1.5386264387696176e-8
0.09753662515859184	1.541064212950797e-8
0.0987243082843847	1.543520013214658e-8
0.09991792982580656	1.5459940070923655e-8
0.10111751947493569	1.5484863640907743e-8
0.10232310707231031	1.5509972557210634e-8
0.1035347226076718	1.5535268555279452e-8
0.10475239622071016	1.55607533911936e-8
0.10597615820181366	1.5586428841966594e-8
0.10720603899282274	1.5612296705853664e-8
0.10844206918778684	1.5638358802664103e-8
0.10968427953372567	1.5664616974079573e-8
0.1109327009313943	1.569107308397793e-8
0.11218736443605135	1.571772901876232e-8
0.11344830125823162	1.5744586687696468e-8
0.11471554276452282	1.5771648023246115e-8
0.11598912047834534	1.5798914981425673e-8
0.11726906608073695	1.5826389542151793e-8
0.11855541141114062	1.585407370960343e-8
0.11984818846819621	1.588196951258708e-8
0.12114742941053713	1.5910079004909714e-8
0.12245316655758978	1.5938404265758655e-8
0.1237654323903777	1.596694740008679e-8
0.12508425955232963	1.599571053900636e-8
0.12640968085009122	1.6024695840188747e-8
0.1277417292543416	1.605390548827254e-8
0.1290804379006133	1.6083341695277736e-8
0.13042584009011637	1.6113006701028762e-8
0.1317779692905669	1.6142902773584788e-8
0.13313685913701961	1.6173032209677423e-8
0.13450254343270476	1.6203397335157173e-8
0.13587505614986833	1.6234000505448182e-8
0.13725443143061763	1.6264844106010422e-8
0.13864070358777073	1.629593055281199e-8
0.14003390710570945	1.6327262292808912e-8
0.14143407664123803	1.635884180443425e-8
0.1428412470244442	1.6390671598096974e-8
0.1442554532595664	1.6422754216689244e-8
0.14567673052586416	1.6455092236104303e-8
0.1471051141784935	1.6487688265762882e-8
0.14854063974938603	1.6520544949151173e-8
0.149983342948133	1.6553664964367342e-8
0.15143325966287374	1.6587051024679712e-8
0.15289042596118813	1.6620705879095334e-8
0.15435487809099402	1.6654632312938994e-8
0.15582665248144906	1.6688833148443756e-8
0.1573057857438562	1.6723311245353102e-8
0.15879231467257537	1.6758069501534087e-8
0.16028627624593816	1.679311085360281e-8
0.16178770762716785	1.6828438277562358e-8
0.16329664616530362	1.68640547894524e-8
0.16481312939613008	1.689996344601241e-8
0.1663371950431107	1.6936167345356906e-8
0.16786888101832628	1.6972669627665168e-8
0.1694082254234178	1.7009473475883404e-8
0.1709552665505349	1.704658211644189e-8
0.17251004288328747	1.7083998819985513e-8
0.17407259309770393	1.7121726902119462e-8
0.17564295606319252	1.7159769724169507e-8
0.17722117084350858	1.719813069395743e-8
0.17880727669772617	1.7236813266593043e-8
0.18040131308121476	1.727582094528052e-8
0.18200331964662084	1.731515728214232e-8
0.18361333624485401	1.7354825879059772e-8
0.18523140292607826	1.7394830388530188e-8
0.18685755994070874	1.7435174514541807e-8
0.1884918477404122	1.7475862013466867e-8
0.19013430697911424	1.7516896694972882e-8
0.1917849785140098	1.7558282422952536e-8
0.19344390340657974	1.760002311647318e-8
0.19511112292361268	1.7642122750745877e-8
0.1967866785382308	1.7684585358114356e-8
0.19847061193092203	1.77274150290656e-8
0.20016296499057665	1.7770615913259992e-8
0.20186377981552947	1.781419222058475e-8
0.2035730987146071	1.7858148222228988e-8
0.20529096420818022	1.7902488251781133e-8
0.20701741902922113	1.794721670634964e-8
0.20875250612436722	1.7992338047709156e-8
0.210496268654989	1.803785680346857e-8
0.21224874999826396	1.8083777568266705e-8
0.21400999374825516	1.813010500499165e-8
0.21578004371699644	1.8176843846027904e-8
0.21755894393558148	1.822399889452977e-8
0.2193467386552594	1.8271575025722534e-8
0.22114347234853576	1.831957718823228e-8
0.22294918971027836	1.8368010405444704e-8
0.2247639356588297	1.841687977689335e-8
0.2265877553371239	1.8466190479679194e-8
0.2284206941138094	1.8515947769920846e-8
0.23026279758437848	1.856615698423738e-8
0.23211411157230027	1.8616823541264456e-8
0.23397468213016168	1.866795294320285e-8
0.23584455554081238	1.871955077740394e-8
0.23772377831851643	1.8771622717988963e-8
0.23961239721010893	1.8824174527505527e-8
0.24151045919615952	1.88772120586215e-8
0.24341801149214037	1.8930741255857954e-8
0.24533510154960114	1.89847681573606e-8
0.24726177705734917	1.9039298896712612e-8
0.24919808594263598	1.909433970478838e-8
0.2511440763723492	1.9149896911651085e-8
0.2530997967542111	1.9205976948492498e-8
0.25506529573798215	1.9262586349619462e-8
0.2570406222166721	1.9319731754485357e-8
0.25902582532775553	1.9377419909770438e-8
0.2610209544543945	1.943565767150893e-8
0.2630260592266663	1.9494452007268324e-8
0.2650411895227997	1.9553809998378875e-8
0.26706639547041383	1.9613738842216545e-8
0.2691017274477658	1.9674245854539893e-8
0.2711472360850044	1.97353384718827e-8
0.27320297226542956	1.9797024254005143e-8
0.2752689871267568	1.985931088640239e-8
0.2773453320623904	1.9922206182873772e-8
0.27943205872270227	1.998571808815663e-8
0.2815292190163157	2.0049854680621037e-8
0.28363686511139713	2.011462417503281e-8
0.2857550494369543	2.018003492538215e-8
0.287883824684139	2.0246095427784873e-8
0.2900232438075598	2.0312814323451656e-8
0.29217336002659744	2.038020040173389e-8
0.2943342268267306	2.044826260324385e-8
0.2965058979608642	2.0517010023053366e-8
0.2986884274506685	2.0586451913972057e-8
0.3008818695879217	2.0656597689909733e-8
0.3030862789358613	2.0727456929321755e-8
0.3053017103305407	2.079903937874319e-8
0.30752821888219345	2.087135495641277e-8
0.3097658599766045	2.0944413755989093e-8
0.31201468927648746	2.101822605036264e-8
0.3142747627228697	2.109280229556657e-8
0.31654613653648417	2.1168153134787483e-8
0.31882886721916665	2.1244289402481632e-8
0.32112301155526257	2.132122212859795e-8
0.3234286266130387	2.1398962542911683e-8
0.325745769746104	2.1477522079472488e-8
0.3280744985948343	2.1556912381169565e-8
0.33041487108780826	2.1637145304417742e-8
0.3327669454432473	2.171823292396934e-8
0.3351307801704635	2.180018753785317e-8
0.3375064340713156	2.1883021672447547e-8
0.33989396624167195	2.1966748087689297e-8
0.3422934360728803	2.2051379782424323e-8
0.3447049032532445	2.2136929999902604e-8
0.34712842776951053	2.222341223342486e-8
0.3495640699083581	2.2310840232142815e-8
0.3520118902578999	2.2399228007019363e-8
0.35447194970918944	2.248858983695381e-8
0.35694430945773536	2.257894027507752e-8
0.35942903100502394	2.2670294155224146e-8
0.36192617616004885	2.2762666598582338e-8
0.36443580704084905	2.2856073020534805e-8
0.3669579860760533	2.2950529137690907e-8
0.3694927760064337	2.3046050975119145e-8
0.3720402398864656	2.314265487378493e-8
0.37460044108589774	2.3240357498202118e-8
0.37717344329132724	2.333917584430534e-8
0.37975931050778367	2.343912724754748e-8
0.38235810706032236	2.354022939123477e-8
0.3849698975956241	2.3642500315102525e-8
0.38759474708360203	2.374595842414411e-8
0.39023272081902005	2.385062249769837e-8
0.39288388442311495	2.3956511698805785e-8
0.3955483038452304	2.406364558384246e-8
0.39822604536445655	2.417204411244218e-8
0.40091717559127893	2.428172765771458e-8
0.4036217614692354	2.4392717016772087e-8
0.4063398702765814	2.4505033421573804e-8
0.40907156962796437	2.4618698550101623e-8
0.4118169274761041	2.473373453787402e-8
0.41457601211348477	2.4850163989816242e-8
0.41734889217405197	2.4968009992494552e-8
0.42013563663492237	2.5087296126731088e-8
0.4229363148180968	2.5208046480609007e-8
0.4257509963921872	2.5330285662886804e-8
0.4285797513741481	2.5454038816833314e-8
0.431422650131019	2.557933163449934e-8
0.4342797633816742	2.570619037144326e-8
0.4371511621985827	2.583464186192503e-8
0.4400369180095757	2.5964713534590186e-8
0.4429371025996235	2.6096433428654708e-8
0.44585178811262155	2.6229830210618983e-8
0.44878104705318456	2.6364933191522434e-8
0.4517249522884503	2.650177234476376e-8
0.4546835770498925	2.6640378324508467e-8
0.4576569949351417	2.6780782484702435e-8
0.4606452799098173	2.692301689872007e-8
0.46364850630936627	2.706711437966618e-8
0.46666674884091325	2.7213108501362026e-8
0.46970008258511775	2.7361033620038493e-8
0.4727485829980431	2.751092489676502e-8
0.47581232591303324	2.766281832064596e-8
0.47889138754259847	2.7816750732810134e-8
0.4819858444803113	2.797275985122996e-8
0.48509577370271284	2.8130884296400153e-8
0.48822125257122634	2.8291163617912273e-8
0.4913623588340824	2.8453638321961063e-8
0.49451917062825274	2.8618349899820792e-8
0.49769176648139396	2.878534085733068e-8
0.5008802253138008	2.8954654745433326e-8
0.50408462644037	2.9126336191805916e-8
0.5073050495725719	2.930043093363374e-8
0.5105415748204347	2.9476985851572893e-8
0.513794282694537	2.965604900495027e-8
0.5170632541080095	2.983766966825675e-8
0.5203485703785496	3.002189836898665e-8
0.5236503132304423	3.020878692688208e-8
0.5269685647965943	3.039838849464347e-8
0.530303407620577	3.059075760016875e-8
0.5336549246586798	3.078595019039004e-8
0.5370231992819733	3.098402367677734e-8
0.5404083152783831	3.11850369825818e-8
0.5438103568547752	3.1389050591899e-8
0.5472294086390488	3.159612660063338e-8
0.5506655556822441	3.1806328769446125e-8
0.5541188834606553	3.201972257878356e-8
0.5575894778779587	3.2236375286073806e-8
0.5610774252673482	3.24563559851985e-8
0.5645828123936848	3.2679735668340505e-8
0.5681057264556529	3.290658729031963e-8
0.5716462550879313	3.313698583553656e-8
0.575204486363371	3.337100838764226e-8
0.5787805087951877	3.360873420207054e-8
0.5823744113391636	3.3850244781563965e-8
0.5859862833958592	3.4095623954843074e-8
0.5896162148128385	3.43449579585698e-8
0.5932642958869029	3.4598335522765105e-8
0.5969306173663373	3.4855847959857265e-8
0.6006152704531689	3.5117589257533295e-8
0.6043183468054348	3.5383656175590966e-8
0.6080399385394619	3.565414834699072e-8
0.6117801382321592	3.5929168383319835e-8
0.6155390389233196	3.6208821984900254e-8
0.6193167341179363	3.6493218055772704e-8
0.623113317788526	3.6782468823817966e-8
0.6269288843774687	3.70766899662812e-8
0.6307635287993559	3.7376000740987245e-8
0.6346173464433525	3.7680524123549376e-8
0.6384904331755692	3.7990386950895587e-8
0.642382885341447	3.830572007145586e-8
0.6462947997681542	3.862665850237198e-8
0.6502262737669948	3.8953341594125596e-8
0.6541774051358298	3.9285913202988614e-8
0.6581482921615086	3.962452187174649e-8
0.6621390336223161	3.996932101915739e-8
0.6661497287904276	4.0320469138656025e-8
0.6701804774343794	4.067813000683027e-8
0.6742313798215511	4.104247290225506e-8
0.678302536720659	4.14136728352861e-8
0.6823940494042624	4.179191078948147e-8
0.6865060196512838	4.2177373975349006e-8
0.6906385497495403	4.2570256097182524e-8
0.694791742498288	4.297075763379694e-8
0.6989657012107795	4.337908613404213e-8
0.7031605297168335	4.3795456528037874e-8
0.7073763323654175	4.422009145515242e-8
0.7116132140272448	4.465322160982361e-8
0.7158712800973807	4.5095086106421784e-8
0.7201506364978674	4.554593286444198e-8
0.7244513896803564	4.6006019015445425e-8
0.728773646628758	4.647561133326943e-8
0.7331175148619017	4.695498668919691e-8
0.7374831024362114	4.7444432533904636e-8
0.7418705179483922	4.794424740821125e-8
0.7462798705381343	4.8454741484832996e-8
0.750711269890825	4.8976237143593466e-8
0.7551648262402791	4.950906958278823e-8
0.7596406503714807	5.005358746971194e-8
0.7641388536233382	5.061015363369345e-8
0.7686595478914547	5.117914580538247e-8
0.773202845630912	5.176095740650504e-8
0.7777688598590664	5.235599839481795e-8
0.7823577041583616	5.296469616964602e-8
0.7869694926791535	5.358749654410919e-8
0.7916043401425493	5.4224864791017785e-8
0.796262361843262	5.487728677044656e-8
0.8009436736524783	5.5545270148223955e-8
0.8056483920207407	5.622934571602444e-8
0.8103766339808444	5.693006882550699e-8
0.8151285171507487	5.764802095103876e-8
0.8199041597365022	5.838381139807143e-8
0.8247036805351848	5.913807917729925e-8
0.8295271989378608	5.991149506843807e-8
0.8343748349325502	6.070476390197991e-8
0.8392467091072129	6.151862709278051e-8
0.844142942652749	6.235386546607825e-8
0.8490636573660127	6.321130242479816e-8
0.8540089756528428	6.409180751714353e-8
0.8589790205311072	6.499630047598587e-8
0.8639739156337627	6.59257558169932e-8
0.8689739156337625	6.68773830837547e-8
0.8739739156337623	6.785098487348072e-8
0.878973915633762	6.884734768178293e-8
0.8839739156337618	6.986730751374211e-8
0.8889739156337617	7.091175563249229e-8
0.8939739156337615	7.198164527250672e-8
0.8989739156337613	7.307799950413773e-8
0.9039739156337611	7.420192047342209e-8
0.9089739156337608	7.53546002866181e-8
0.9139739156337606	7.653733386373298e-8
0.9189739156337604	7.775153415140854e-8
0.9239739156337602	7.899875016525463e-8
0.9289739156337601	8.028068842791197e-8
0.9339739156337599	8.15992384852002e-8
0.9389739156337596	8.295650332274564e-8
0.9439739156337594	8.435483567452541e-8
0.9489739156337592	8.579688141876854e-8
0.953973915633759	8.728563150288775e-8
0.9589739156337588	8.882448413636097e-8
0.9639739156337586	9.041731934931226e-8
0.9689739156337585	9.206858844769686e-8
0.9739739156337582	9.378342141896802e-8
0.978973915633758	9.55677559734407e-8
0.9839739156337578	9.742849266881047e-8
0.9889739156337576	9.937368148548349e-8
0.9939739156337574	1.014127463313438e-7
0.9989739156337571	1.0355675529577082e-7
1.003973915633757	1.0581874609171491e-7
1.0089739156337567	1.0821411807904048e-7
1.0139739156337566	1.1076110462122687e-7
1.0189739156337563	1.1348134237449904e-7
1.0239739156337562	1.1640055754407402e-7
1.028973915633756	1.195493932875138e-7
1.0339739156337557	1.2296440744603594e-7
1.0389739156337556	1.2668927581632996e-7
1.0439739156337553	1.3077624344879335e-7
1.0489739156337552	1.3528787522629733e-7
1.0539739156337549	1.4029916754445634e-7
1.0589739156337548	1.459000956441555e-7
1.0639739156337544	1.5219868647571152e-7
1.0689739156337543	1.5932472542296605e-7
1.0739739156337542	1.6743422740678756e-7
1.0789739156337539	1.7671482956197006e-7
1.0839739156337538	1.8739229471982863e-7
1.0889739156337535	1.9973835337427836e-7
1.0939739156337533	2.140801578941286e-7
1.098973915633753	2.308116779185278e-7
1.103973915633753	2.5040743183398327e-7
1.1089739156337528	2.7343902795662176e-7
1.1139739156337525	3.0059508281972797e-7
1.1189739156337524	3.327051954157952e-7
1.123973915633752	3.7076878834160847e-7
1.128973915633752	4.159897828788749e-7
1.1339739156337516	4.698182587841839e-7
1.1389739156337515	5.340004649167741e-7
1.1439739156337512	6.106387979278096e-7
1.148973915633751	7.022636571892609e-7
1.153973915633751	8.119194187641134e-7
1.1589739156337506	9.432671525906167e-7
1.1639739156337505	1.1007071368780258e-6
1.1689739156337502	1.2895247014663033e-6
1.17397391563375	1.5160634536459158e-6
1.1789739156337498	1.787930496762424e-6
1.1839739156337497	2.114238828004798e-6
1.1889739156337495	2.50589267188192e-6
1.1939739156337492	2.975922032581599e-6
1.197980436725312	3.4195009168582455e-6
1.2019869578168745	3.932682359016648e-6
1.2059934789084372	4.52620902477358e-6
1.21	5.212408473578277e-6
