0.0006999999999999628	1.776207922407777e-8
0.001403500000000035	1.7779012405150083e-8
0.0021105174999999296	1.779605524247353e-8
0.0028210700874998964	1.7813208104643263e-8
0.003535175437937438	1.7830471831870273e-8
0.004252851315127062	1.7847847278987473e-8
0.004974115571702636	1.7865335309067062e-8
0.005698986149561044	1.7882936793422788e-8
0.006427481080308875	1.7900652611705586e-8
0.007159618485710418	1.7918483652000756e-8
0.007895416578138905	1.7936430810927652e-8
0.008634893661029494	1.795449499373998e-8
0.00937806812933463	1.7972677114427896e-8
0.010124958469981361	1.7990978095821792e-8
0.010875583262331262	1.8009398869696624e-8
0.01162996117864295	1.8027940376878626e-8
0.012388110984536127	1.804660356735297e-8
0.013150051539458866	1.806538940037362e-8
0.013915801797156208	1.8084298844574015e-8
0.014685380806142003	1.8103332878079104e-8
0.015458807710172712	1.812249248862056e-8
0.01623610174872358	1.8141778673651838e-8
0.017017282257467212	1.8161192440465634e-8
0.017802368668754516	1.818073480631315e-8
0.01859138051209827	1.8200406798525052e-8
0.019384337414658823	1.82202094546338e-8
0.020181259101732015	1.8240143822498343e-8
0.020982165397240727	1.8260210960429437e-8
0.02178707622422691	1.8280411937319156e-8
0.02259601160534814	1.8300747832768878e-8
0.02340899166337483	1.8321219737222547e-8
0.024226036621691812	1.8341828752099587e-8
0.02504716680480027	1.836257598993035e-8
0.025872402638824326	1.8383462574494586e-8
0.02670176465201842	1.8404489640959854e-8
0.02753527347527842	1.8425658336024395e-8
0.028372949842654864	1.8446969818060132e-8
0.0292148145918682	1.8468425257258693e-8
0.03006088866482743	1.8490025835779863e-8
0.03091119310815165	1.851177274790157e-8
0.0317657490736924	1.8533667200172264e-8
0.03262457781906081	1.8555710411565938e-8
0.03348770070815601	1.8577903613639108e-8
0.034355139211696875	1.8600248050690578e-8
0.035226914907755424	1.8622744979922658e-8
0.03610304948229413	1.86453956716062e-8
0.03698356472970569	1.866820140924694e-8
0.03786848255335419	1.869116348975479e-8
0.038757824966120964	1.871428322361606e-8
0.03965161409095162	1.873756193506746e-8
0.04054987216140643	1.8761000962273886e-8
0.04145262152221345	1.878460165750762e-8
0.04235988462982453	1.8808365387331388e-8
0.04327168405297366	1.8832293532783545e-8
0.0441880424732386	1.885638748956659e-8
0.04510898268560485	1.888064866823813e-8
0.046034527599032954	1.8905078494404937e-8
0.04696470023702812	1.8929678408920526e-8
0.04789952373821329	1.8954449868084548e-8
0.048839021356904266	1.8979394343847526e-8
0.04978321646368884	1.9004513324015415e-8
0.05073213254600732	1.9029808312460906e-8
0.05168579320873729	1.9055280829335902e-8
0.052644222174780875	1.9080932411287656e-8
0.05360744328565471	1.9106764611678938e-8
0.054575480502083065	1.913277900081087e-8
0.055548357904593434	1.9158977166149743e-8
0.056526099694116344	1.9185360712558058e-8
0.0575087301925869	1.921193126252755e-8
0.05849627384354973	1.9238690456417564e-8
0.05948875521276744	1.926563995269666e-8
0.06048619898883127	1.929278142818742e-8
0.061488629983775384	1.9320116578316616e-8
0.06249607313369419	1.9347647117368064e-8
0.06350855349936275	1.9375374778740357e-8
0.06452609626685958	1.9403301315208255e-8
0.06554872674819387	1.9431428499188767e-8
0.06657647038193484	1.9459758123011103e-8
0.06760935273384447	1.9488291999191718e-8
0.06864739949751365	1.9517031960713e-8
0.0696906364950013	1.9545979861306936e-8
0.07073908967747639	1.9575137575743748e-8
0.07179278512586384	1.9604507000124233e-8
0.07285174905149322	1.9634090052178478e-8
0.0739160077967507	1.966388867156831e-8
0.07498558783573436	1.9693904820194983e-8
0.07606051577491299	1.9724140482512183e-8
0.07714081835378758	1.9754597665844256e-8
0.07822652244555647	1.9785278400709666e-8
0.07931765505778425	1.9816184741149805e-8
0.0804142433330731	1.9847318765063393e-8
0.08151631454973848	1.9878682574546508e-8
0.08262389612248718	1.9910278296238408e-8
0.0837370156030995	1.9942108081672934e-8
0.0848557006811149	1.9974174107636335e-8
0.0859799791845205	2.0006478576530432e-8
0.08710987908044313	2.0039023716743364e-8
0.08824542847584534	2.0071811783024317e-8
0.08938665561822454	2.0104845056867642e-8
0.09053358889631567	2.0138125846900702e-8
0.09168625684079722	2.017165648928077e-8
0.09284468812500112	2.0205439348096818e-8
0.09400891156562617	2.0239476815779794e-8
0.0951789561234543	2.027377131351905e-8
0.09635485090407148	2.030832529168641e-8
0.09753662515859184	2.0343141230267496e-8
0.0987243082843847	2.03782216393007e-8
0.09991792982580656	2.0413569059323863e-8
0.10111751947493569	2.0449186061828756e-8
0.10232310707231031	2.0485075249723063e-8
0.1035347226076718	2.052123925780203e-8
0.10475239622071016	2.0557680753226042e-8
0.10597615820181366	2.0594402436009394e-8
0.10720603899282274	2.063140703951571e-8
0.10844206918778684	2.066869733096299e-8
0.10968427953372567	2.0706276111937944e-8
0.1109327009313943	2.074414621891893e-8
0.11218736443605135	2.0782310523808808e-8
0.11344830125823162	2.08207719344772e-8
0.11471554276452282	2.0859533395312387e-8
0.11598912047834534	2.089859788778369e-8
0.11726906608073695	2.0937968431013647e-8
0.11855541141114062	2.0977648082360737e-8
0.11984818846819621	2.101763993801271e-8
0.12114742941053713	2.1057947133591137e-8
0.12245316655758978	2.1098572844766603e-8
0.1237654323903777	2.1139520287885252e-8
0.12508425955232963	2.1180792720607476e-8
0.12640968085009122	2.1222393442558157e-8
0.1277417292543416	2.126432579598788e-8
0.1290804379006133	2.130659316644899e-8
0.13042584009011637	2.1349198983481476e-8
0.1317779692905669	2.1392146721313863e-8
0.13313685913701961	2.143543989957569e-8
0.13450254343270476	2.147908208402473e-8
0.13587505614986833	2.152307688728723e-8
0.13725443143061763	2.1567427969611798e-8
0.13864070358777073	2.1612139039638872e-8
0.14003390710570945	2.1657213855183143e-8
0.14143407664123803	2.1702656224032977e-8
0.1428412470244442	2.174847000476297e-8
0.1442554532595664	2.1794659107564097e-8
0.14567673052586416	2.184122749508788e-8
0.1471051141784935	2.1888179183309224e-8
0.14854063974938603	2.1935518242403466e-8
0.149983342948133	2.1983248797642147e-8
0.15143325966287374	2.2031375030306274e-8
0.15289042596118813	2.207990117861592e-8
0.15435487809099402	2.2128831538679753e-8
0.15582665248144906	2.217817046546245e-8
0.1573057857438562	2.2227922373770543e-8
0.15879231467257537	2.227809173925959e-8
0.16028627624593816	2.2328683099459227e-8
0.16178770762716785	2.2379701054820042e-8
0.16329664616530362	2.243115026978038e-8
0.16481312939613008	2.248303547385591e-8
0.1663371950431107	2.2535361462748385e-8
0.16786888101832628	2.2588133099480406e-8
0.1694082254234178	2.2641355315549364e-8
0.1709552665505349	2.2695033112107523e-8
0.17251004288328747	2.2749171561164326e-8
0.17407259309770393	2.2803775806814157e-8
0.17564295606319252	2.2858851066488895e-8
0.17722117084350858	2.2914402632235525e-8
0.17880727669772617	2.2970435872021322e-8
0.18040131308121476	2.3026956231064097e-8
0.18200331964662084	2.308396923319223e-8
0.18361333624485401	2.3141480482230468e-8
0.18523140292607826	2.319949566341627e-8
0.18685755994070874	2.3258020544844674e-8
0.1884918477404122	2.3317060978944563e-8
0.19013430697911424	2.3376622903984048e-8
0.1917849785140098	2.3436712345609534e-8
0.19344390340657974	2.349733541841593e-8
0.19511112292361268	2.3558498327550415e-8
0.1967866785382308	2.3620207370351033e-8
0.19847061193092203	2.368246893801844e-8
0.20016296499057665	2.3745289517325503e-8
0.20186377981552947	2.380867569236166e-8
0.2035730987146071	2.3872634146316545e-8
0.20529096420818022	2.3937171663300284e-8
0.20701741902922113	2.4002295130204833e-8
0.20875250612436722	2.4068011538604194e-8
0.210496268654989	2.4134327986697445e-8
0.21224874999826396	2.4201251681293336e-8
0.21400999374825516	2.426878993983791e-8
0.21578004371699644	2.43369501924887e-8
0.21755894393558148	2.4405739984232058e-8
0.2193467386552594	2.4475166977049122e-8
0.22114347234853576	2.4545238952129512e-8
0.22294918971027836	2.46159638121334e-8
0.2247639356588297	2.4687349583506072e-8
0.2265877553371239	2.4759404418841285e-8
0.2284206941138094	2.483213659930153e-8
0.23026279758437848	2.4905554537089763e-8
0.23211411157230027	2.4979666777978254e-8
0.23397468213016168	2.505448200389563e-8
0.23584455554081238	2.5130009035570917e-8
0.23772377831851643	2.52062568352402e-8
0.23961239721010893	2.5283234509413447e-8
0.24151045919615952	2.536095131170672e-8
0.24341801149214037	2.5439416645737848e-8
0.24533510154960114	2.5518640068090834e-8
0.24726177705734917	2.5598631291348157e-8
0.24919808594263598	2.5679400187194327e-8
0.2511440763723492	2.57609567895916e-8
0.2530997967542111	2.5843311298030304e-8
0.25506529573798215	2.592647408085584e-8
0.2570406222166721	2.6010455678674944e-8
0.25902582532775553	2.609526680784096e-8
0.2610209544543945	2.6180918364023836e-8
0.2630260592266663	2.6267421425864305e-8
0.2650411895227997	2.6354787258716177e-8
0.26706639547041383	2.644302731847836e-8
0.2691017274477658	2.6532153255518836e-8
0.2711472360850044	2.662217691869425e-8
0.27320297226542956	2.6713110359467638e-8
0.2752689871267568	2.6804965836124502e-8
0.2773453320623904	2.6897755818094565e-8
0.27943205872270227	2.699149299037772e-8
0.2815292190163157	2.7086190258079517e-8
0.28363686511139713	2.718186075105963e-8
0.2857550494369543	2.727851782869412e-8
0.287883824684139	2.7376175084757107e-8
0.2900232438075598	2.7474846352425012e-8
0.29217336002659744	2.7574545709404646e-8
0.2943342268267306	2.7675287483192026e-8
0.2965058979608642	2.77770862564627e-8
0.2986884274506685	2.7879956872599983e-8
0.3008818695879217	2.7983914441361724e-8
0.3030862789358613	2.8088974344694783e-8
0.3053017103305407	2.8195152242695716e-8
0.30752821888219345	2.830246407972594e-8
0.3097658599766045	2.8410926090685e-8
0.31201468927648746	2.8520554807445967e-8
0.3142747627228697	2.863136706545808e-8
0.31654613653648417	2.8743380010521744e-8
0.31882886721916665	2.8856611105741724e-8
0.32112301155526257	2.8971078138661997e-8
0.3234286266130387	2.908679922859002e-8
0.325745769746104	2.92037928341139e-8
0.3280744985948343	2.9322077760821088e-8
0.33041487108780826	2.9441673169221925e-8
0.3327669454432473	2.956259858288491e-8
0.3351307801704635	2.9684873896793023e-8
0.3375064340713156	2.980851938592312e-8
0.33989396624167195	2.9933555714060854e-8
0.3422934360728803	3.006000394285173e-8
0.3447049032532445	3.0187885541102876e-8
0.34712842776951053	3.031722239433797e-8
0.3495640699083581	3.0448036814616395e-8
0.3520118902578999	3.0580351550621896e-8
0.35447194970918944	3.0714189798033835e-8
0.35694430945773536	3.084957521018489e-8
0.35942903100502394	3.0986531909019074e-8
0.36192617616004885	3.1125084496355314e-8
0.36443580704084905	3.1265258065470464e-8
0.3669579860760533	3.140707821300871e-8
0.3694927760064337	3.1550571051230374e-8
0.3720402398864656	3.16957632206102e-8
0.37460044108589774	3.1842681902796405e-8
0.37717344329132724	3.199135483394197e-8
0.37975931050778367	3.214181031842236e-8
0.38235810706032236	3.2294077242949364e-8
0.3849698975956241	3.2448185091098906e-8
0.38759474708360203	3.260416395825948e-8
0.39023272081902005	3.2762044567023965e-8
0.39288388442311495	3.2921858283032396e-8
0.3955483038452304	3.308363713128543e-8
0.39822604536445655	3.324741381294216e-8
0.40091717559127893	3.3413221722619514e-8
0.4036217614692354	3.358109496621283e-8
0.4063398702765814	3.375106837924872e-8
0.40907156962796437	3.392317754579822e-8
0.4118169274761041	3.409745881796015e-8
0.41457601211348477	3.427394933594265e-8
0.41734889217405197	3.445268704875694e-8
0.42013563663492237	3.4633710735550684e-8
0.4229363148180968	3.481706002759915e-8
0.4257509963921872	3.500277543098008e-8
0.4285797513741481	3.5190898349954793e-8
0.431422650131019	3.538147111108492e-8
0.4342797633816742	3.5574536988102225e-8
0.4371511621985827	3.57701402275707e-8
0.4400369180095757	3.5968326075360104e-8
0.4429371025996235	3.6169140803964183e-8
0.44585178811262155	3.6372631740695864e-8
0.44878104705318456	3.657884729678835e-8
0.4517249522884503	3.678783699743814e-8
0.4546835770498925	3.699965151282363e-8
0.4576569949351417	3.72143426901377e-8
0.4606452799098173	3.74319635866684e-8
0.46364850630936627	3.765256850397145e-8
0.46666674884091325	3.78762130231733e-8
0.46970008258511775	3.8102954041448636e-8
0.4727485829980431	3.833284980971686e-8
0.47581232591303324	3.856595997160448e-8
0.47889138754259847	3.8802345603722786e-8
0.4819858444803113	3.9042069257310906e-8
0.48509577370271284	3.9285195001298214e-8
0.48822125257122634	3.953178846684081e-8
0.4913623588340824	3.978191689339208e-8
0.49451917062825274	4.003564917636462e-8
0.49769176648139396	4.0293055916451946e-8
0.5008802253138008	4.0554209470669095e-8
0.50408462644037	4.08191840051909e-8
0.5073050495725719	4.1088055550049555e-8
0.5105415748204347	4.136090205577785e-8
0.513794282694537	4.163780345206964e-8
0.5170632541080095	4.191884170854176e-8
0.5203485703785496	4.22041008976912e-8
0.5236503132304423	4.249366726012629e-8
0.5269685647965943	4.278762927217979e-8
0.530303407620577	4.308607771599458e-8
0.5336549246586798	4.338910575219147e-8
0.5370231992819733	4.369680899522657e-8
0.5404083152783831	4.400928559155398e-8
0.5438103568547752	4.432663630071615e-8
0.5472294086390488	4.4648964579484e-8
0.5506655556822441	4.497637666918591e-8
0.5541188834606553	4.53089816863588e-8
0.5575894778779587	4.564689171687429e-8
0.5610774252673482	4.599022191368702e-8
0.5645828123936848	4.633909059837376e-8
0.5681057264556529	4.669361936662923e-8
0.5716462550879313	4.705393319789873e-8
0.575204486363371	4.7420160569336764e-8
0.5787805087951877	4.779243357429097e-8
0.5823744113391636	4.817088804551635e-8
0.5859862833958592	4.855566368334558e-8
0.5896162148128385	4.8946904189043034e-8
0.5932642958869029	4.934475740358994e-8
0.5969306173663373	4.974937545215941e-8
0.6006152704531689	5.016091489455196e-8
0.6043183468054348	5.0579536881880867e-8
0.6080399385394619	5.100540731981393e-8
0.6117801382321592	5.143869703869264e-8
0.6155390389233196	5.1879581970866855e-8
0.6193167341179363	5.23282433356141e-8
0.623113317788526	5.2784867832018375e-8
0.6269288843774687	5.3249647840220506e-8
0.6307635287993559	5.372278163146828e-8
0.6346173464433525	5.420447358742624e-8
0.6384904331755692	5.4694934429234555e-8
0.642382885341447	5.519438145683244e-8
0.6462947997681542	5.570303879910302e-8
0.6502262737669948	5.622113767542982e-8
0.6541774051358298	5.674891666929303e-8
0.6581482921615086	5.7286622014589084e-8
0.6621390336223161	5.7834507895386584e-8
0.6661497287904276	5.8392836759905517e-8
0.6701804774343794	5.896187964954942e-8
0.6742313798215511	5.9541916543893194e-8
0.678302536720659	6.013323672259491e-8
0.6823940494042624	6.073613914528878e-8
0.6865060196512838	6.135093285058998e-8
0.6906385497495403	6.197793737545733e-8
0.694791742498288	6.261748319625718e-8
0.6989657012107795	6.326991219300737e-8
0.7031605297168335	6.393557813841514e-8
0.7073763323654175	6.461484721349103e-8
0.7116132140272448	6.530809855169141e-8
0.7158712800973807	6.601572481377408e-8
0.7201506364978674	6.673813279577394e-8
0.7244513896803564	6.747574407279758e-8
0.728773646628758	6.822899568165599e-8
0.7331175148619017	6.899834084573628e-8
0.7374831024362114	6.978424974595693e-8
0.7418705179483922	7.058721034216406e-8
0.7462798705381343	7.140772924995191e-8
0.750711269890825	7.224633267859762e-8
0.7551648262402791	7.310356743668533e-8
0.7596406503714807	7.398000201299028e-8
0.7641388536233382	7.487622774143883e-8
0.7686595478914547	7.579286006042053e-8
0.773202845630912	7.6730539878485e-8
0.7777688598590664	7.768993506058666e-8
0.7823577041583616	7.86717420516048e-8
0.7869694926791535	7.967668765697449e-8
0.7916043401425493	8.070553100403902e-8
0.796262361843262	8.175906571233048e-8
0.8009436736524783	8.283812230659011e-8
0.8056483920207407	8.394357091318417e-8
0.8103766339808444	8.507632428897155e-8
0.8151285171507487	8.623734124195201e-8
0.8199041597365022	8.74276305156954e-8
0.8247036805351848	8.86482552251066e-8
0.8295271989378608	8.990033795029476e-8
0.8343748349325502	9.11850666190394e-8
0.8392467091072129	9.250370133767329e-8
0.844142942652749	9.38575823665669e-8
0.8490636573660127	9.524813948147693e-8
0.8540089756528428	9.66769030180424e-8
0.8589790205311072	9.814551696637404e-8
0.8639739156337627	9.965575456948198e-8
0.8689739156337625	1.0120331377548044e-7
0.8739739156337623	1.0278815217787899e-7
0.878973915633762	1.0441189240666966e-7
0.8839739156337618	1.0607631915802924e-7
0.8889739156337617	1.077834063500103e-7
0.8939739156337615	1.0953534961092487e-7
0.8989739156337613	1.1133460519231788e-7
0.9039739156337611	1.1318393662429806e-7
0.9089739156337608	1.1508647070426041e-7
0.9139739156337606	1.1704576474031297e-7
0.9189739156337604	1.1906588736975531e-7
0.9239739156337602	1.21151515755191e-7
0.9289739156337601	1.233080525436066e-7
0.9339739156337599	1.2554176667801766e-7
0.9389739156337596	1.2785996300243703e-7
0.9439739156337594	1.3027118662962577e-7
0.9489739156337592	1.3278546928438879e-7
0.953973915633759	1.3541462633790433e-7
0.9589739156337588	1.3817261506484996e-7
0.9639739156337586	1.4107596685037917e-7
0.9689739156337585	1.4414430872738232e-7
0.9739739156337582	1.4740099283149316e-7
0.978973915633758	1.5087385623753224e-7
0.9839739156337578	1.5459613832593824e-7
0.9889739156337576	1.586075884899087e-7
0.9939739156337574	1.629558038369343e-7
0.9989739156337571	1.6769784480818366e-7
1.003973915633757	1.7290218663258216e-7
1.0089739156337567	1.786510766078867e-7
1.0139739156337566	1.8504338179125663e-7
1.0189739156337563	1.921980293084927e-7
1.0239739156337562	2.0025816278401338e-7
1.028973915633756	2.0939616411156431e-7
1.0339739156337557	2.1981972084337144e-7
1.0389739156337556	2.3177915697463762e-7
1.0439739156337553	2.4557629016714315e-7
1.0489739156337552	2.615751330855855e-7
1.0539739156337549	2.8021482243054136e-7
1.0589739156337548	3.02025238745444e-7
1.0639739156337544	3.27645875912981e-7
1.0689739156337543	3.57848634748454e-7
1.0739739156337542	3.9356535420085796e-7
1.0789739156337539	4.359210611133203e-7
1.0839739156337538	4.862741209050272e-7
1.0889739156337535	5.462647136120179e-7
1.0939739156337533	6.178733504012913e-7
1.098973915633753	7.034914943283293e-7
1.103973915633753	8.060067667775407e-7
1.1089739156337528	9.289057206272876e-7
1.1139739156337525	1.0763977577636157e-6
1.1189739156337524	1.253564479516442e-6
1.123973915633752	1.4665396038404407e-6
1.128973915633752	1.722725585197329e-6
1.1339739156337516	2.0310542573659207e-6
1.1389739156337515	2.4023002135276123e-6
1.1439739156337512	2.849457271634536e-6
1.148973915633751	3.388190277001848e-6
1.153973915633751	4.0373766984648445e-6
1.1589739156337506	4.819755006561489e-6
1.1639739156337505	5.7626997026328605e-6
1.1689739156337502	6.8991461052452215e-6
1.17397391563375	8.268691584464434e-6
1.1789739156337498	9.918903825652518e-6
1.1839739156337497	1.1906870820650457e-5
1.1889739156337495	1.4301031484180373e-5
1.1939739156337492	1.7183329855279495e-5
1.197980436725312	1.9910619760362555e-5
1.2019869578168745	2.3072938901520657e-5
1.2059934789084372	2.6738248386145504e-5
1.21	3.098468361021535e-5
