0.0006999999999999628	6.961315788357806e-9
0.001403500000000035	6.968353593627264e-9
0.0021105174999999296	6.975437288303996e-9
0.0028210700874998964	6.982567137475851e-9
0.003535175437937438	6.9897435000009605e-9
0.004252851315127062	6.996966739519156e-9
0.004974115571702636	7.004237223213759e-9
0.005698986149561044	7.011555321834401e-9
0.006427481080308875	7.018921409738979e-9
0.007159618485710418	7.026335864936897e-9
0.007895416578138905	7.033799069132706e-9
0.008634893661029494	7.041311407770772e-9
0.00937806812933463	7.048873270079823e-9
0.010124958469981361	7.056485049119098e-9
0.010875583262331262	7.064147141824296e-9
0.01162996117864295	7.071859949054764e-9
0.012388110984536127	7.079623875641075e-9
0.013150051539458866	7.087439330433356e-9
0.013915801797156208	7.095306726350407e-9
0.014685380806142003	7.103226480429356e-9
0.015458807710172712	7.111199013876325e-9
0.01623610174872358	7.11922475211736e-9
0.017017282257467212	7.127304124850713e-9
0.017802368668754516	7.135437566099298e-9
0.01859138051209827	7.1436255142644326e-9
0.019384337414658823	7.1518684121799826e-9
0.020181259101732015	7.1601667071674144e-9
0.020982165397240727	7.168520851091876e-9
0.02178707622422691	7.176931300418805e-9
0.02259601160534814	7.185398516271455e-9
0.02340899166337483	7.193922964489478e-9
0.024226036621691812	7.202505115688101e-9
0.02504716680480027	7.21114544531843e-9
0.025872402638824326	7.219844433728457e-9
0.02670176465201842	7.228602566225102e-9
0.02753527347527842	7.2374203331370875e-9
0.028372949842654864	7.246298229878988e-9
0.0292148145918682	7.255236757016006e-9
0.03006088866482743	7.264236420329704e-9
0.03091119310815165	7.273297730885095e-9
0.0317657490736924	7.282421205098291e-9
0.03262457781906081	7.291607364805492e-9
0.03348770070815601	7.300856737332974e-9
0.034355139211696875	7.310169855568012e-9
0.035226914907755424	7.319547258031062e-9
0.03610304948229413	7.328989488949065e-9
0.03698356472970569	7.338497098329592e-9
0.03786848255335419	7.348070642036622e-9
0.038757824966120964	7.357710681867071e-9
0.03965161409095162	7.367417785628627e-9
0.04054987216140643	7.3771925272190255e-9
0.04145262152221345	7.387035486706169e-9
0.04235988462982453	7.396947250409844e-9
0.04327168405297366	7.406928410984573e-9
0.0441880424732386	7.416979567503759e-9
0.04510898268560485	7.427101325545258e-9
0.046034527599032954	7.437294297278032e-9
0.04696470023702812	7.4475591015506915e-9
0.04789952373821329	7.457896363980863e-9
0.048839021356904266	7.46830671704637e-9
0.04978321646368884	7.478790800177756e-9
0.05073213254600732	7.48934925985225e-9
0.05168579320873729	7.499982749689337e-9
0.052644222174780875	7.510691930547652e-9
0.05360744328565471	7.521477470623753e-9
0.054575480502083065	7.532340045552338e-9
0.055548357904593434	7.543280338507873e-9
0.056526099694116344	7.554299040308277e-9
0.0575087301925869	7.565396849520065e-9
0.05849627384354973	7.576574472565096e-9
0.05948875521276744	7.587832623829468e-9
0.06048619898883127	7.599172025773622e-9
0.061488629983775384	7.610593409044858e-9
0.06249607313369419	7.622097512591282e-9
0.06350855349936275	7.633685083777788e-9
0.06452609626685958	7.645356878504118e-9
0.06554872674819387	7.657113661324391e-9
0.06657647038193484	7.668956205569347e-9
0.06760935273384447	7.680885293469996e-9
0.06864739949751365	7.692901716283677e-9
0.0696906364950013	7.705006274422006e-9
0.07073908967747639	7.717199777581418e-9
0.07179278512586384	7.72948304487521e-9
0.07285174905149322	7.741856904968647e-9
0.0739160077967507	7.754322196215511e-9
0.07498558783573436	7.766879766797748e-9
0.07606051577491299	7.779530474866852e-9
0.07714081835378758	7.792275188688258e-9
0.07822652244555647	7.805114786787571e-9
0.07931765505778425	7.818050158099932e-9
0.0804142433330731	7.831082202121441e-9
0.08151631454973848	7.844211829063643e-9
0.08262389612248718	7.85743996001032e-9
0.0837370156030995	7.870767527077164e-9
0.0848557006811149	7.884195473574325e-9
0.0859799791845205	7.897724754171625e-9
0.08710987908044313	7.911356335066654e-9
0.08824542847584534	7.925091194156138e-9
0.08938665561822454	7.938930321209826e-9
0.09053358889631567	7.952874718047853e-9
0.09168625684079722	7.966925398720977e-9
0.09284468812500112	7.98108338969438e-9
0.09400891156562617	7.995349730034063e-9
0.0951789561234543	8.009725471597409e-9
0.09635485090407148	8.02421167922645e-9
0.09753662515859184	8.038809430945013e-9
0.0987243082843847	8.053519818159293e-9
0.09991792982580656	8.068343945861898e-9
0.10111751947493569	8.083282932839902e-9
0.10232310707231031	8.098337911886318e-9
0.1035347226076718	8.11351003001566e-9
0.10475239622071016	8.128800448683462e-9
0.10597615820181366	8.144210344009305e-9
0.10720603899282274	8.159740907004908e-9
0.10844206918778684	8.17539334380538e-9
0.10968427953372567	8.191168875905347e-9
0.1109327009313943	8.20706874039933e-9
0.11218736443605135	8.223094190226418e-9
0.11344830125823162	8.239246494419725e-9
0.11471554276452282	8.255526938360212e-9
0.11598912047834534	8.271936824035694e-9
0.11726906608073695	8.288477470304063e-9
0.11855541141114062	8.305150213162166e-9
0.11984818846819621	8.321956406019067e-9
0.12114742941053713	8.338897419975151e-9
0.12245316655758978	8.355974644105863e-9
0.1237654323903777	8.373189485751472e-9
0.12508425955232963	8.39054337081177e-9
0.12640968085009122	8.40803774404688e-9
0.1277417292543416	8.42567406938353e-9
0.1290804379006133	8.44345383022727e-9
0.13042584009011637	8.461378529780951e-9
0.1317779692905669	8.479449691369097e-9
0.13313685913701961	8.497668858768492e-9
0.13450254343270476	8.516037596545638e-9
0.13587505614986833	8.534557490400244e-9
0.13725443143061763	8.553230147515917e-9
0.13864070358777073	8.572057196917474e-9
0.14003390710570945	8.59104028983521e-9
0.14143407664123803	8.610181100076728e-9
0.1428412470244442	8.629481324405748e-9
0.1442554532595664	8.648942682928577e-9
0.14567673052586416	8.668566919488374e-9
0.1471051141784935	8.688355802067175e-9
0.14854063974938603	8.708311123196e-9
0.149983342948133	8.72843470037323e-9
0.15143325966287374	8.748728376491413e-9
0.15289042596118813	8.769194020272593e-9
0.15435487809099402	8.789833526712821e-9
0.15582665248144906	8.810648817535107e-9
0.1573057857438562	8.83164184165233e-9
0.15879231467257537	8.852814575638843e-9
0.16028627624593816	8.874169024212817e-9
0.16178770762716785	8.895707220727143e-9
0.16329664616530362	8.917431227671574e-9
0.16481312939613008	8.939343137185114e-9
0.1663371950431107	8.961445071578534e-9
0.16786888101832628	8.983739183868348e-9
0.1694082254234178	9.006227658321312e-9
0.1709552665505349	9.02891271101142e-9
0.17251004288328747	9.051796590387324e-9
0.17407259309770393	9.074881577852825e-9
0.17564295606319252	9.098169988358928e-9
0.17722117084350858	9.121664171008902e-9
0.17880727669772617	9.145366509676128e-9
0.18040131308121476	9.169279423634964e-9
0.18200331964662084	9.193405368205489e-9
0.18361333624485401	9.217746835411798e-9
0.18523140292607826	9.242306354654789e-9
0.18685755994070874	9.267086493399252e-9
0.1884918477404122	9.292089857876167e-9
0.19013430697911424	9.317319093800006e-9
0.1917849785140098	9.342776887102078e-9
0.19344390340657974	9.36846596467961e-9
0.19511112292361268	9.394389095161628e-9
0.1967866785382308	9.420549089691434e-9
0.19847061193092203	9.446948802726767e-9
0.20016296499057665	9.473591132857579e-9
0.20186377981552947	9.500479023641869e-9
0.2035730987146071	9.52761546446058e-9
0.20529096420818022	9.555003491391589e-9
0.20701741902922113	9.582646188103202e-9
0.20875250612436722	9.610546686767824e-9
0.210496268654989	9.638708168996724e-9
0.21224874999826396	9.667133866796063e-9
0.21400999374825516	9.69582706354375e-9
0.21578004371699644	9.72479109499031e-9
0.21755894393558148	9.754029350281489e-9
0.2193467386552594	9.783545273004823e-9
0.22114347234853576	9.813342362260612e-9
0.22294918971027836	9.8434241737577e-9
0.2247639356588297	9.873794320934497e-9
0.2265877553371239	9.904456476106697e-9
0.2284206941138094	9.935414371641563e-9
0.23026279758437848	9.966671801159837e-9
0.23211411157230027	9.998232620766299e-9
0.23397468213016168	1.0030100750309588e-8
0.23584455554081238	1.0062280174671608e-8
0.23772377831851643	1.0094774945087807e-8
0.23961239721010893	1.0127589180499468e-8
0.24151045919615952	1.016072706893825e-8
0.24341801149214037	1.0194192868943858e-8
0.24533510154960114	1.0227990911016766e-8
0.24726177705734917	1.0262125599105426e-8
0.24919808594263598	1.0296601412130529e-8
0.2511440763723492	1.0331422905546055e-8
0.2530997967542111	1.0366594712938588e-8
0.25506529573798215	1.0402121547666788e-8
0.2570406222166721	1.0438008204540608e-8
0.25902582532775553	1.0474259561542774e-8
0.2610209544543945	1.0510880581592696e-8
0.2630260592266663	1.0547876314355097e-8
0.2650411895227997	1.0585251898093636e-8
0.26706639547041383	1.0623012561571355e-8
0.2691017274477658	1.0661163625999198e-8
0.2711472360850044	1.0699710507033954e-8
0.27320297226542956	1.0738658716827414e-8
0.2752689871267568	1.0778013866127545e-8
0.2773453320623904	1.0817781666433708e-8
0.27943205872270227	1.0857967932207834e-8
0.2815292190163157	1.0898578583142152e-8
0.28363686511139713	1.0939619646486267e-8
0.2857550494369543	1.0981097259434726e-8
0.287883824684139	1.1023017671577435e-8
0.2900232438075598	1.1065387247413522e-8
0.29217336002659744	1.1108212468932487e-8
0.2943342268267306	1.1151499938263344e-8
0.2965058979608642	1.1195256380393637e-8
0.2986884274506685	1.1239488645962038e-8
0.3008818695879217	1.1284203714124748e-8
0.3030862789358613	1.1329408695499307e-8
0.3053017103305407	1.1375110835188218e-8
0.30752821888219345	1.1421317515883817e-8
0.3097658599766045	1.146803626105838e-8
0.31201468927648746	1.1515274738240408e-8
0.3142747627228697	1.1563040762382013e-8
0.31654613653648417	1.1611342299317538e-8
0.31882886721916665	1.1660187469319095e-8
0.32112301155526257	1.1709584550750047e-8
0.3234286266130387	1.1759541983820214e-8
0.325745769746104	1.1810068374446692e-8
0.3280744985948343	1.1861172498222912e-8
0.33041487108780826	1.1912863304499002e-8
0.3327669454432473	1.1965149920578874e-8
0.3351307801704635	1.2018041656035738e-8
0.3375064340713156	1.2071548007151134e-8
0.33989396624167195	1.2125678661481684e-8
0.3422934360728803	1.218044350255629e-8
0.3447049032532445	1.2235852614710468e-8
0.34712842776951053	1.229191628805978e-8
0.3495640699083581	1.2348645023619485e-8
0.3520118902578999	1.2406049538572897e-8
0.35447194970918944	1.2464140771695733e-8
0.35694430945773536	1.2522929888939842e-8
0.35942903100502394	1.2582428289183e-8
0.36192617616004885	1.2642647610149984e-8
0.36443580704084905	1.2703599734510305e-8
0.3669579860760533	1.2765296796159352e-8
0.3694927760064337	1.282775118668978e-8
0.3720402398864656	1.2890975562057404e-8
0.37460044108589774	1.2954982849451963e-8
0.37717344329132724	1.3019786254376251e-8
0.37975931050778367	1.3085399267943257e-8
0.38235810706032236	1.3151835674399074e-8
0.3849698975956241	1.3219109558877595e-8
0.38759474708360203	1.328723531539747e-8
0.39023272081902005	1.335622765510866e-8
0.39288388442311495	1.3426101614798028e-8
0.3955483038452304	1.349687256566323e-8
0.39822604536445655	1.3568556222364626e-8
0.40091717559127893	1.3641168652365422e-8
0.4036217614692354	1.371472628557009e-8
0.4063398702765814	1.3789245924273083e-8
0.40907156962796437	1.3864744753428241e-8
0.4118169274761041	1.3941240351250845e-8
0.41457601211348477	1.4018750700166058e-8
0.41734889217405197	1.4097294198114713e-8
0.42013563663492237	1.417688967023126e-8
0.4229363148180968	1.4257556380907626e-8
0.4257509963921872	1.4339314046257752e-8
0.4285797513741481	1.442218284699714e-8
0.431422650131019	1.4506183441755106e-8
0.4342797633816742	1.4591336980834514e-8
0.4371511621985827	1.4677665120437643e-8
0.4400369180095757	1.4765190037375803e-8
0.4429371025996235	1.485393444428128e-8
0.44585178811262155	1.4943921605342448e-8
0.44878104705318456	1.5035175352580824e-8
0.4517249522884503	1.5127720102693757e-8
0.4546835770498925	1.5221580874483443e-8
0.4576569949351417	1.531678330689721e-8
0.4606452799098173	1.541335367770212e-8
0.46364850630936627	1.5511318922821003e-8
0.46666674884091325	1.561070665635636e-8
0.46970008258511775	1.571154519132969e-8
0.4727485829980431	1.5813863561166138e-8
0.47581232591303324	1.5917691541955507e-8
0.47889138754259847	1.6023059675521418e-8
0.4819858444803113	1.6129999293331936e-8
0.48509577370271284	1.623854254128848e-8
0.48822125257122634	1.634872240542829e-8
0.4913623588340824	1.6460572738580182e-8
0.49451917062825274	1.6574128288014192e-8
0.49769176648139396	1.6689424724127647e-8
0.5008802253138008	1.680649867021158e-8
0.50408462644037	1.6925387733345606e-8
0.5073050495725719	1.7046130536469946e-8
0.5105415748204347	1.716876675168527e-8
0.513794282694537	1.7293337134835972e-8
0.5170632541080095	1.7419883561432412e-8
0.5203485703785496	1.7548449063972958e-8
0.5236503132304423	1.7679077870727682e-8
0.5269685647965943	1.781181544604997e-8
0.530303407620577	1.7946708532285875e-8
0.5336549246586798	1.808380519335241e-8
0.5370231992819733	1.8223154860064486e-8
0.5404083152783831	1.8364808377286733e-8
0.5438103568547752	1.85088180530006e-8
0.5472294086390488	1.8655237709370317e-8
0.5506655556822441	1.8804122735907386e-8
0.5541188834606553	1.895553014482841e-8
0.5575894778779587	1.9109518628713294e-8
0.5610774252673482	1.9266148620574135e-8
0.5645828123936848	1.942548235644939e-8
0.5681057264556529	1.95875839406491e-8
0.5716462550879313	1.975251941377685e-8
0.575204486363371	1.992035682367017e-8
0.5787805087951877	2.0091166299399976e-8
0.5823744113391636	2.0265020128484518e-8
0.5859862833958592	2.044199283747934e-8
0.5896162148128385	2.0622161276114125e-8
0.5932642958869029	2.080560470515853e-8
0.5969306173663373	2.0992404888209277e-8
0.6006152704531689	2.1182646187602463e-8
0.6043183468054348	2.1376415664667143e-8
0.6080399385394619	2.157380318455023e-8
0.6117801382321592	2.1774901525858137e-8
0.6155390389233196	2.197980649537242e-8
0.6193167341179363	2.2188617048118484e-8
0.623113317788526	2.2401435413079323e-8
0.6269288843774687	2.2618367224871103e-8
0.6307635287993559	2.283952166171313e-8
0.6346173464433525	2.3065011590052666e-8
0.6384904331755692	2.3294953716226827e-8
0.642382885341447	2.3529468745571978e-8
0.6462947997681542	2.3768681549423107e-8
0.6502262737669948	2.4012721340474345e-8
0.6541774051358298	2.4261721857012543e-8
0.6581482921615086	2.4515821556571316e-8
0.6621390336223161	2.4775163819600585e-8
0.6661497287904276	2.5039897163794445e-8
0.6701804774343794	2.5310175469771933e-8
0.6742313798215511	2.5586158218870633e-8
0.678302536720659	2.5868010743878334e-8
0.6823940494042624	2.6155904493604905e-8
0.6865060196512838	2.6450017312283965e-8
0.6906385497495403	2.675053373489166e-8
0.694791742498288	2.7057645299581408e-8
0.6989657012107795	2.7371550878561205e-8
0.7031605297168335	2.7692457028888175e-8
0.7073763323654175	2.8020578364818663e-8
0.7116132140272448	2.8356137953552657e-8
0.7158712800973807	2.869936773643501e-8
0.7201506364978674	2.9050508977934844e-8
0.7244513896803564	2.940981274503969e-8
0.728773646628758	2.977754042005305e-8
0.7331175148619017	3.0153964250212886e-8
0.7374831024362114	3.0539367938046566e-8
0.7418705179483922	3.093404727697293e-8
0.7462798705381343	3.133831083735949e-8
0.750711269890825	3.175248070908965e-8
0.7551648262402791	3.217689330768871e-8
0.7596406503714807	3.2611900252260926e-8
0.7641388536233382	3.3057869324929096e-8
0.7686595478914547	3.351518552320223e-8
0.773202845630912	3.398425221878653e-8
0.7777688598590664	3.446549243888619e-8
0.7823577041583616	3.495935028910431e-8
0.7869694926791535	3.546629254077302e-8
0.7916043401425493	3.598681041006622e-8
0.796262361843262	3.6521421561761355e-8
0.8009436736524783	3.707067237724641e-8
0.8056483920207407	3.763514053459235e-8
0.8103766339808444	3.821543795858486e-8
0.8151285171507487	3.881221421096194e-8
0.8199041597365022	3.94261604062764e-8
0.8247036805351848	4.0058013757453987e-8
0.8295271989378608	4.070856287810797e-8
0.8343748349325502	4.137865399699627e-8
0.8392467091072129	4.206919827500473e-8
0.844142942652749	4.278118045829774e-8
0.8490636573660127	4.351566915482845e-8
0.8540089756528428	4.4273829087769996e-8
0.8589790205311072	4.5056935761775905e-8
0.8639739156337627	4.586639308029348e-8
0.8689739156337625	4.670039129540706e-8
0.8739739156337623	4.7559438383472e-8
0.878973915633762	4.844501272814543e-8
0.8839739156337618	4.93587743668568e-8
0.8889739156337617	5.0302597058860006e-8
0.8939739156337615	5.1278606640140914e-8
0.8989739156337613	5.228922693329557e-8
0.9039739156337611	5.333723473814975e-8
0.9089739156337608	5.442582573953345e-8
0.9139739156337606	5.5558693542764054e-8
0.9189739156337604	5.6740124498012575e-8
0.9239739156337602	5.7975111517514274e-8
0.9289739156337601	5.926949074339113e-8
0.9339739156337599	6.06301057114805e-8
0.9389739156337596	6.206500460542043e-8
0.9439739156337594	6.358367733839774e-8
0.9489739156337592	6.519734057729278e-8
0.953973915633759	6.691928048348346e-8
0.9589739156337588	6.876526494421227e-8
0.9639739156337586	7.075403947801662e-8
0.9689739156337585	7.29079239013773e-8
0.9739739156337582	7.525353034295269e-8
0.978973915633758	7.782262740876024e-8
0.9839739156337578	8.065318038392527e-8
0.9889739156337576	8.379060348173036e-8
0.9939739156337574	8.728926753295342e-8
0.9989739156337571	9.121431540591198e-8
1.003973915633757	9.564384817150719e-8
1.0089739156337567	1.0067155795272283e-7
1.0139739156337566	1.0640989897650087e-7
1.0189739156337563	1.1299390712198408e-7
1.0239739156337562	1.2058580088894986e-7
1.028973915633756	1.2938052398377506e-7
1.0339739156337557	1.396124225892434e-7
1.0389739156337556	1.5156328999453218e-7
1.0439739156337553	1.6557205899198272e-7
1.0489739156337552	1.8204647995722553e-7
1.0539739156337549	2.0147719181482812e-7
1.0589739156337548	2.244546765529124e-7
1.0639739156337544	2.516896884699663e-7
1.0689739156337543	2.8403787037873977e-7
1.0739739156337542	3.2252941470932065e-7
1.0789739156337539	3.684048028273984e-7
1.0839739156337538	4.231578668783528e-7
1.0889739156337535	4.885876722167055e-7
1.0939739156337533	5.6686102350337e-7
1.098973915633753	6.605877640060154e-7
1.103973915633753	7.729114776068704e-7
1.1089739156337528	9.076187308463218e-7
1.1139739156337525	1.0692706249873114e-6
1.1189739156337524	1.2633611855874571e-6
1.123973915633752	1.496508022927436e-6
1.128973915633752	1.776681778338735e-6
1.1339739156337516	2.1134821609222277e-6
1.1389739156337515	2.518469913157899e-6
1.1439739156337512	3.005565864536777e-6
1.148973915633751	3.591530387136286e-6
1.153973915633751	4.296539108926127e-6
1.1589739156337506	5.144873727419508e-6
1.1639739156337505	6.165750259713485e-6
1.1689739156337502	7.394311128433745e-6
1.17397391563375	8.87281217841516e-6
1.1789739156337498	1.0652041101139291e-5
1.1839739156337497	1.2793009853608648e-5
1.1889739156337495	1.5368970510731817e-5
1.1939739156337492	1.846781156032977e-5
1.197980436725312	2.1398619872777732e-5
1.2019869578168745	2.479611890999408e-5
1.2059934789084372	2.8733860942147412e-5
1.21	3.329673057624563e-5
