0.0006999999999999628	8.290475173318584e-9
0.001403500000000035	8.298067792242407e-9
0.0021105174999999296	8.305709239097393e-9
0.0028210700874998964	8.313399626490307e-9
0.003535175437937438	8.321139323478271e-9
0.004252851315127062	8.32892870616381e-9
0.004974115571702636	8.336768154242097e-9
0.005698986149561044	8.344658050993162e-9
0.006427481080308875	8.352598783322882e-9
0.007159618485710418	8.360590741805093e-9
0.007895416578138905	8.368634320724325e-9
0.008634893661029494	8.376729918119141e-9
0.00937806812933463	8.384877935826097e-9
0.010124958469981361	8.393078779524333e-9
0.010875583262331262	8.401332858780603e-9
0.01162996117864295	8.409640587095268e-9
0.012388110984536127	8.418002381948491e-9
0.013150051539458866	8.426418664847832e-9
0.013915801797156208	8.434889861375465e-9
0.014685380806142003	8.443416401236872e-9
0.015458807710172712	8.451998718310045e-9
0.01623610174872358	8.460637250695257e-9
0.017017282257467212	8.469332440765493e-9
0.017802368668754516	8.47808473521787e-9
0.01859138051209827	8.486894585125525e-9
0.019384337414658823	8.495762445990508e-9
0.020181259101732015	8.504688777797107e-9
0.020982165397240727	8.513674045066067e-9
0.02178707622422691	8.52271871690998e-9
0.02259601160534814	8.531823267088705e-9
0.02340899166337483	8.54098817406626e-9
0.024226036621691812	8.5502139210684e-9
0.02504716680480027	8.559500996140595e-9
0.025872402638824326	8.568849892207645e-9
0.02670176465201842	8.578261107133183e-9
0.02753527347527842	8.587735143781087e-9
0.028372949842654864	8.597272510076967e-9
0.0292148145918682	8.60687371907101e-9
0.03006088866482743	8.616539289001513e-9
0.03091119310815165	8.626269743359673e-9
0.0317657490736924	8.636065610954885e-9
0.03262457781906081	8.645927425981442e-9
0.03348770070815601	8.6558557280859e-9
0.034355139211696875	8.665851062435717e-9
0.035226914907755424	8.675913979788654e-9
0.03610304948229413	8.686045036563519e-9
0.03698356472970569	8.696244794911659e-9
0.03786848255335419	8.706513822789685e-9
0.038757824966120964	8.716852694033411e-9
0.03965161409095162	8.727261988432751e-9
0.04054987216140643	8.737742291807665e-9
0.04145262152221345	8.748294196085543e-9
0.04235988462982453	8.75891829937953e-9
0.04327168405297366	8.769615206068126e-9
0.0441880424732386	8.78038552687606e-9
0.04510898268560485	8.791229878956407e-9
0.046034527599032954	8.802148885973615e-9
0.04696470023702812	8.813143178188553e-9
0.04789952373821329	8.824213392544135e-9
0.048839021356904266	8.835360172752614e-9
0.04978321646368884	8.846584169384351e-9
0.05073213254600732	8.857886039957442e-9
0.05168579320873729	8.869266449029647e-9
0.052644222174780875	8.88072606829066e-9
0.05360744328565471	8.89226557665679e-9
0.054575480502083065	8.903885660366504e-9
0.055548357904593434	8.915587013077788e-9
0.056526099694116344	8.927370335966978e-9
0.0575087301925869	8.93923633782891e-9
0.05849627384354973	8.951185735179316e-9
0.05948875521276744	8.9632192523579e-9
0.06048619898883127	8.975337621634139e-9
0.061488629983775384	8.987541583313516e-9
0.06249607313369419	8.999831885846909e-9
0.06350855349936275	9.012209285940415e-9
0.06452609626685958	9.024674548667804e-9
0.06554872674819387	9.037228447584405e-9
0.06657647038193484	9.049871764842816e-9
0.06760935273384447	9.062605291310952e-9
0.06864739949751365	9.075429826691143e-9
0.0696906364950013	9.088346179642267e-9
0.07073908967747639	9.101355167902903e-9
0.07179278512586384	9.114457618417014e-9
0.07285174905149322	9.127654367461798e-9
0.0739160077967507	9.14094626077712e-9
0.07498558783573436	9.154334153697632e-9
0.07606051577491299	9.167818911286792e-9
0.07714081835378758	9.181401408473174e-9
0.07822652244555647	9.195082530188993e-9
0.07931765505778425	9.20886317151116e-9
0.0804142433330731	9.222744237804368e-9
0.08151631454973848	9.236726644866795e-9
0.08262389612248718	9.250811319078159e-9
0.0837370156030995	9.264999197550492e-9
0.0848557006811149	9.279291228281178e-9
0.0859799791845205	9.29368837030858e-9
0.08710987908044313	9.308191593870647e-9
0.08824542847584534	9.322801880565896e-9
0.08938665561822454	9.337520223517221e-9
0.09053358889631567	9.352347627538634e-9
0.09168625684079722	9.367285109304752e-9
0.09284468812500112	9.382333697523274e-9
0.09400891156562617	9.397494433110156e-9
0.0951789561234543	9.4127683693684e-9
0.09635485090407148	9.428156572169467e-9
0.09753662515859184	9.443660120137842e-9
0.0987243082843847	9.459280104839245e-9
0.09991792982580656	9.475017630971503e-9
0.10111751947493569	9.490873816559502e-9
0.10232310707231031	9.50684979315286e-9
0.1035347226076718	9.522946706027625e-9
0.10475239622071016	9.539165714391247e-9
0.10597615820181366	9.555507991591297e-9
0.10720603899282274	9.571974725327815e-9
0.10844206918778684	9.58856711786967e-9
0.10968427953372567	9.60528638627441e-9
0.1109327009313943	9.622133762612359e-9
0.11218736443605135	9.639110494194628e-9
0.11344830125823162	9.656217843805376e-9
0.11471554276452282	9.673457089938015e-9
0.11598912047834534	9.690829527035863e-9
0.11726906608073695	9.708336465737151e-9
0.11855541141114062	9.725979233124607e-9
0.11984818846819621	9.743759172979269e-9
0.12114742941053713	9.761677646039423e-9
0.12245316655758978	9.779736030263835e-9
0.1237654323903777	9.797935721100127e-9
0.12508425955232963	9.816278131758128e-9
0.12640968085009122	9.834764693488086e-9
0.1277417292543416	9.853396855864263e-9
0.1290804379006133	9.872176087073672e-9
0.13042584009011637	9.891103874210233e-9
0.1317779692905669	9.910181723574642e-9
0.13313685913701961	9.929411160979533e-9
0.13450254343270476	9.948793732060725e-9
0.13587505614986833	9.968331002594184e-9
0.13725443143061763	9.988024558818958e-9
0.13864070358777073	1.0007876007766458e-8
0.14003390710570945	1.0027886977595761e-8
0.14143407664123803	1.0048059117935583e-8
0.1428412470244442	1.006839410023271e-8
0.1442554532595664	1.0088893618106869e-8
0.14567673052586416	1.0109559387713191e-8
0.1471051141784935	1.0130393148110727e-8
0.14854063974938603	1.0151396661638836e-8
0.149983342948133	1.0172571714300722e-8
0.15143325966287374	1.0193920116154205e-8
0.15289042596118813	1.0215443701710702e-8
0.15435487809099402	1.0237144330341323e-8
0.15582665248144906	1.0259023886691617e-8
0.1573057857438562	1.028108428110423e-8
0.15879231467257537	1.0303327450049818e-8
0.16028627624593816	1.032575535656701e-8
0.16178770762716785	1.0348369990710426e-8
0.16329664616530362	1.0371173370008423e-8
0.16481312939613008	1.039416753992951e-8
0.1663371950431107	1.041735457435843e-8
0.16786888101832628	1.044073657608139e-8
0.1694082254234178	1.0464315677282328e-8
0.1709552665505349	1.0488094040047276e-8
0.17251004288328747	1.051207385688117e-8
0.17407259309770393	1.0536257351233686e-8
0.17564295606319252	1.0560646778036425e-8
0.17722117084350858	1.0585244424251341e-8
0.17880727669772617	1.0610052609430136e-8
0.18040131308121476	1.0635073686285381e-8
0.18200331964662084	1.0660310041273428e-8
0.18361333624485401	1.0685764095189817e-8
0.18523140292607826	1.0711438303776513e-8
0.18685755994070874	1.0737335158342426e-8
0.1884918477404122	1.0763457186396835e-8
0.19013430697911424	1.078980695229596e-8
0.1917849785140098	1.08163870579035e-8
0.19344390340657974	1.0843200143265256e-8
0.19511112292361268	1.087024888729769e-8
0.1967866785382308	1.0897536008491661e-8
0.19847061193092203	1.0925064265631204e-8
0.20016296499057665	1.0952836458527533e-8
0.20186377981552947	1.0980855428769075e-8
0.2035730987146071	1.1009124060487782e-8
0.20529096420818022	1.1037645281142061e-8
0.20701741902922113	1.1066422062316537e-8
0.20875250612436722	1.1095457420539923e-8
0.210496268654989	1.1124754418120149e-8
0.21224874999826396	1.1154316163998382e-8
0.21400999374825516	1.1184145814621732e-8
0.21578004371699644	1.1214246574835124e-8
0.21755894393558148	1.124462169879361e-8
0.2193467386552594	1.1275274490894326e-8
0.22114347234853576	1.1306208306729917e-8
0.22294918971027836	1.1337426554062978e-8
0.2247639356588297	1.1368932693822618e-8
0.2265877553371239	1.1400730241123857e-8
0.2284206941138094	1.1432822766309847e-8
0.23026279758437848	1.1465213896017616e-8
0.23211411157230027	1.1497907314269066e-8
0.23397468213016168	1.1530906763585988e-8
0.23584455554081238	1.1564216046131566e-8
0.23772377831851643	1.1597839024877668e-8
0.23961239721010893	1.1631779624799626e-8
0.24151045919615952	1.1666041834098718e-8
0.24341801149214037	1.1700629705453009e-8
0.24533510154960114	1.1735547357297621e-8
0.24726177705734917	1.1770798975135641e-8
0.24919808594263598	1.1806388812878754e-8
0.2511440763723492	1.1842321194221167e-8
0.2530997967542111	1.1878600514044935e-8
0.25506529573798215	1.1915231239859498e-8
0.2570406222166721	1.1952217913275706e-8
0.25902582532775553	1.1989565151514731e-8
0.2610209544543945	1.202727764895424e-8
0.2630260592266663	1.2065360178711069e-8
0.2650411895227997	1.210381759426349e-8
0.26706639547041383	1.2142654831111706e-8
0.2691017274477658	1.2181876908480234e-8
0.2711472360850044	1.2221488931061394e-8
0.27320297226542956	1.2261496090802126e-8
0.2752689871267568	1.2301903668735128e-8
0.2773453320623904	1.2342717036855e-8
0.27943205872270227	1.2383941660041917e-8
0.2815292190163157	1.2425583098033025e-8
0.28363686511139713	1.2467647007443404e-8
0.2857550494369543	1.2510139143838338e-8
0.287883824684139	1.2553065363857808e-8
0.2900232438075598	1.2596431627395311e-8
0.29217336002659744	1.2640243999831628e-8
0.2943342268267306	1.2684508654327073e-8
0.2965058979608642	1.2729231874171307e-8
0.2986884274506685	1.2774420055195061e-8
0.3008818695879217	1.2820079708243477e-8
0.3030862789358613	1.2866217461714697e-8
0.3053017103305407	1.2912840064164089e-8
0.30752821888219345	1.2959954386977228e-8
0.3097658599766045	1.3007567427113064e-8
0.31201468927648746	1.3055686309920158e-8
0.3142747627228697	1.310431829202688e-8
0.31654613653648417	1.3153470764309514e-8
0.31882886721916665	1.3203151254939539e-8
0.32112301155526257	1.325336743251255e-8
0.3234286266130387	1.3304127109262021e-8
0.325745769746104	1.335543824436029e-8
0.3280744985948343	1.3407308947308927e-8
0.33041487108780826	1.3459747481422145e-8
0.3327669454432473	1.3512762267405767e-8
0.3351307801704635	1.3566361887034672e-8
0.3375064340713156	1.3620555086932211e-8
0.33989396624167195	1.3675350782454752e-8
0.3422934360728803	1.373075806168416e-8
0.3447049032532445	1.3786786189532932e-8
0.34712842776951053	1.3843444611964026e-8
0.3495640699083581	1.3900742960331112e-8
0.3520118902578999	1.3958691055840659e-8
0.35447194970918944	1.4017298914142712e-8
0.35694430945773536	1.407657675005203e-8
0.35942903100502394	1.4136534982405513e-8
0.36192617616004885	1.419718423906017e-8
0.36443580704084905	1.4258535362035497e-8
0.3669579860760533	1.4320599412806408e-8
0.3694927760064337	1.4383387677750592e-8
0.3720402398864656	1.4446911673756451e-8
0.37460044108589774	1.4511183153996554e-8
0.37717344329132724	1.4576214113872343e-8
0.37975931050778367	1.4642016797135953e-8
0.38235810706032236	1.4708603702195629e-8
0.3849698975956241	1.4775987588610691e-8
0.38759474708360203	1.48441814837823e-8
0.39023272081902005	1.491319868984826e-8
0.39288388442311495	1.4983052790787007e-8
0.3955483038452304	1.5053757659740366e-8
0.39822604536445655	1.5125327466560613e-8
0.40091717559127893	1.5197776685591882e-8
0.4036217614692354	1.527112010369257e-8
0.4063398702765814	1.534537282850901e-8
0.40907156962796437	1.5420550297007942e-8
0.4118169274761041	1.5496668284278246e-8
0.41457601211348477	1.5573742912611586e-8
0.41734889217405197	1.565179066087167e-8
0.42013563663492237	1.5730828374163502e-8
0.4229363148180968	1.5810873273812877e-8
0.4257509963921872	1.589194296766861e-8
0.4285797513741481	1.5974055460738892e-8
0.431422650131019	1.605722916617468e-8
0.4342797633816742	1.614148291661239e-8
0.4371511621985827	1.622683597589132e-8
0.4400369180095757	1.6313308051158253e-8
0.4429371025996235	1.64009193053747e-8
0.44585178811262155	1.6489690370243056e-8
0.44878104705318456	1.6579642359566587e-8
0.4517249522884503	1.6670796883061195e-8
0.4546835770498925	1.6763176060636365e-8
0.4576569949351417	1.6856802537162884e-8
0.4606452799098173	1.695169949774842e-8
0.46364850630936627	1.7047890683539054e-8
0.46666674884091325	1.714540040806953e-8
0.46970008258511775	1.724425357418303e-8
0.4727485829980431	1.7344475691544332e-8
0.47581232591303324	1.7446092894769692e-8
0.47889138754259847	1.754913196219951e-8
0.4819858444803113	1.76536203353394e-8
0.48509577370271284	1.7759586138997493e-8
0.48822125257122634	1.786705820214732e-8
0.4913623588340824	1.7976066079545532e-8
0.49451917062825274	1.80866400741376e-8
0.49769176648139396	1.8198811260283258e-8
0.5008802253138008	1.831261150783734e-8
0.50408462644037	1.8428073507122826e-8
0.5073050495725719	1.8545230794833197e-8
0.5105415748204347	1.866411778090571e-8
0.513794282694537	1.878476977640666e-8
0.5170632541080095	1.890722302247305e-8
0.5203485703785496	1.903151472035793e-8
0.5236503132304423	1.915768306262699e-8
0.5269685647965943	1.9285767265558395e-8
0.530303407620577	1.9415807602799644e-8
0.5336549246586798	1.9547845440337507e-8
0.5370231992819733	1.9681923272841428e-8
0.5404083152783831	1.981808476144197e-8
0.5438103568547752	1.9956374773010996e-8
0.5472294086390488	2.0096839421012134e-8
0.5506655556822441	2.0239526107995244e-8
0.5541188834606553	2.0384483569810708e-8
0.5575894778779587	2.0531761921625304e-8
0.5610774252673482	2.0681412705824525e-8
0.5645828123936848	2.0833488941891722e-8
0.5681057264556529	2.0988045178357322e-8
0.5716462550879313	2.1145137546920226e-8
0.575204486363371	2.130482381884537e-8
0.5787805087951877	2.146716346374948e-8
0.5823744113391636	2.1632217710891986e-8
0.5859862833958592	2.1800049613096793e-8
0.5896162148128385	2.197072411343374e-8
0.5932642958869029	2.2144308114801636e-8
0.5969306173663373	2.2320870552557212e-8
0.6006152704531689	2.2500482470346944e-8
0.6043183468054348	2.2683217099305344e-8
0.6080399385394619	2.2869149940794474e-8
0.6117801382321592	2.3058358852869522e-8
0.6155390389233196	2.3250924140665726e-8
0.6193167341179363	2.3446928650913703e-8
0.623113317788526	2.3646457870805617e-8
0.6269288843774687	2.3849600031443438e-8
0.6307635287993559	2.405644621611901e-8
0.6346173464433525	2.4267090473690398e-8
0.6384904331755692	2.4481629937335333e-8
0.642382885341447	2.4700164948977957e-8
0.6462947997681542	2.492279918971118e-8
0.6502262737669948	2.5149639816551366e-8
0.6541774051358298	2.5380797605884823e-8
0.6581482921615086	2.5616387103996614e-8
0.6621390336223161	2.5856526785088153e-8
0.6661497287904276	2.610133921722724e-8
0.6701804774343794	2.6350951236698086e-8
0.6742313798215511	2.660549413125845e-8
0.678302536720659	2.6865103832838802e-8
0.6823940494042624	2.7129921120265586e-8
0.6865060196512838	2.7400091832630055e-8
0.6906385497495403	2.7675767093966074e-8
0.694791742498288	2.7957103549960453e-8
0.6989657012107795	2.8244263617466643e-8
0.7031605297168335	2.8537415747657996e-8
0.7073763323654175	2.8836734703722837e-8
0.7116132140272448	2.9142401854078917e-8
0.7158712800973807	2.9454605482164364e-8
0.7201506364978674	2.9773541113957263e-8
0.7244513896803564	3.0099411864474625e-8
0.728773646628758	3.043242880461494e-8
0.7331175148619017	3.0772811349838097e-8
0.7374831024362114	3.1120787672316414e-8
0.7418705179483922	3.147659513835274e-8
0.7462798705381343	3.184048077304597e-8
0.750711269890825	3.2212701754387567e-8
0.7551648262402791	3.2593525939216567e-8
0.7596406503714807	3.298323242372375e-8
0.7641388536233382	3.3382112141519224e-8
0.7686595478914547	3.37904685026272e-8
0.773202845630912	3.4208618077204164e-8
0.7777688598590664	3.4636891328255346e-8
0.7823577041583616	3.50756333982079e-8
0.7869694926791535	3.5525204954862664e-8
0.7916043401425493	3.598598310304971e-8
0.796262361843262	3.645836236925121e-8
0.8009436736524783	3.694275576757677e-8
0.8056483920207407	3.743959595681443e-8
0.8103766339808444	3.7949336499880675e-8
0.8151285171507487	3.847245323892824e-8
0.8199041597365022	3.90094458016823e-8
0.8247036805351848	3.956083925740256e-8
0.8295271989378608	4.012718594427338e-8
0.8343748349325502	4.0709067494185963e-8
0.8392467091072129	4.130709708594661e-8
0.844142942652749	4.192192196415765e-8
0.8490636573660127	4.255422626863249e-8
0.8540089756528428	4.3204734228570646e-8
0.8589790205311072	4.3874213787268405e-8
0.8639739156337627	4.4563480737393725e-8
0.8689739156337625	4.527055861657073e-8
0.8739739156337623	4.599538948474425e-8
0.878973915633762	4.6738651327661173e-8
0.8839739156337618	4.750106666351814e-8
0.8889739156337617	4.8283407814141126e-8
0.8939739156337615	4.908650306671319e-8
0.8989739156337613	4.9911243898701974e-8
0.9039739156337611	5.075859347340502e-8
0.9089739156337608	5.162959665567008e-8
0.9139739156337606	5.252539184817379e-8
0.9189739156337604	5.344722500994942e-8
0.9239739156337602	5.4396466292816937e-8
0.9289739156337601	5.5374629820620106e-8
0.9339739156337599	5.638339724387328e-8
0.9389739156337596	5.7424645832394903e-8
0.9439739156337594	5.850048202539826e-8
0.9489739156337592	5.961328154786462e-8
0.953973915633759	6.076573743063445e-8
0.9589739156337588	6.196091754761438e-8
0.9639739156337586	6.320233361666208e-8
0.9689739156337585	6.449402401295749e-8
0.9739739156337582	6.584065322930226e-8
0.978973915633758	6.724763140411817e-8
0.9839739156337578	6.872125804583115e-8
0.9889739156337576	7.026889493699963e-8
0.9939739156337574	7.189917423339404e-8
0.9989739156337571	7.362224901891648e-8
1.003973915633757	7.545009508102461e-8
1.0089739156337567	7.739687448644423e-8
1.0139739156337566	7.947937372783276e-8
1.0189739156337563	8.171753185591917e-8
1.0239739156337562	8.413507720200973e-8
1.028973915633756	8.676029514464256e-8
1.0339739156337557	8.962695401677292e-8
1.0389739156337556	9.277542184848933e-8
1.0439739156337553	9.62540133898588e-8
1.0489739156337552	1.0012061499316462e-7
1.0539739156337549	1.0444464473397673e-7
1.0589739156337548	1.0930941695221006e-7
1.0639739156337544	1.1481499459893316e-7
1.0689739156337543	1.2108162986170584e-7
1.0739739156337542	1.2825391408127547e-7
1.0789739156337539	1.365057826440871e-7
1.0839739156337538	1.4604655014204546e-7
1.0889739156337535	1.571281865829017e-7
1.0939739156337533	1.7005408792864951e-7
1.098973915633753	1.8518964504368124e-7
1.103973915633753	2.0297497577297113e-7
1.1089739156337528	2.2394025710495523e-7
1.1139739156337525	2.4872418022593777e-7
1.1189739156337524	2.780961530364296e-7
1.123973915633752	3.1298299494559084e-7
1.128973915633752	3.5450101031856535e-7
1.1339739156337516	4.0399449287130536e-7
1.1389739156337515	4.6308190676948954e-7
1.1439739156337512	5.337112143619137e-7
1.148973915633751	6.182260782980686e-7
1.153973915633751	7.194449595991623e-7
1.1589739156337506	8.407554643693306e-7
1.1639739156337505	9.862266597983413e-7
1.1689739156337502	1.1607424818135281e-6
1.17397391563375	1.3701597852071867e-6
1.1789739156337498	1.6214950299069168e-6
1.1839739156337497	1.923144034567539e-6
1.1889739156337495	2.2851396315809463e-6
1.1939739156337492	2.71945238459956e-6
1.197980436725312	3.1291796704553164e-6
1.2019869578168745	3.603007017684127e-6
1.2059934789084372	4.150752135369924e-6
1.21	4.783659156233538e-6
