0.0006999999999999628	1.0103343850359307e-8
0.001403500000000035	1.0112489754678315e-8
0.0021105174999999296	1.012169417312973e-8
0.0028210700874998964	1.013095732986108e-8
0.003535175437937438	1.0140279666710743e-8
0.004252851315127062	1.0149661632658898e-8
0.004974115571702636	1.0159103680928655e-8
0.005698986149561044	1.0168606268993898e-8
0.006427481080308875	1.0178169858627211e-8
0.007159618485710418	1.018779491595012e-8
0.007895416578138905	1.0197481911482933e-8
0.008634893661029494	1.0207231320195892e-8
0.00937806812933463	1.0217043621561093e-8
0.010124958469981361	1.0226919299604527e-8
0.010875583262331262	1.0236858842959604e-8
0.01162996117864295	1.0246862744920852e-8
0.012388110984536127	1.025693150349877e-8
0.013150051539458866	1.0267065621474996e-8
0.013915801797156208	1.0277265606458575e-8
0.014685380806142003	1.0287531970943172e-8
0.015458807710172712	1.0297865232364546e-8
0.01623610174872358	1.030826591315938e-8
0.017017282257467212	1.0318734540824605e-8
0.017802368668754516	1.0329271647977577e-8
0.01859138051209827	1.0339877772417501e-8
0.019384337414658823	1.0350553457187133e-8
0.020181259101732015	1.0361299250635828e-8
0.020982165397240727	1.0372115706483315e-8
0.02178707622422691	1.038300338388413e-8
0.02259601160534814	1.0393962847493677e-8
0.02340899166337483	1.0404994667534598e-8
0.024226036621691812	1.0416099419864045e-8
0.02504716680480027	1.0427277686042603e-8
0.025872402638824326	1.0438530053403583e-8
0.02670176465201842	1.044985711512339e-8
0.02753527347527842	1.0461259470293402e-8
0.028372949842654864	1.047273772399218e-8
0.0292148145918682	1.04842924873593e-8
0.03006088866482743	1.049592437767004e-8
0.03091119310815165	1.0507634018411149e-8
0.0317657490736924	1.051942203935788e-8
0.03262457781906081	1.053128907665174e-8
0.03348770070815601	1.0543235772880139e-8
0.034355139211696875	1.0555262777156516e-8
0.035226914907755424	1.0567370745201839e-8
0.03610304948229413	1.0579560339427589e-8
0.03698356472970569	1.0591832229019768e-8
0.03786848255335419	1.060418709002397e-8
0.038757824966120964	1.0616625605432272e-8
0.03965161409095162	1.0629148465270931e-8
0.04054987216140643	1.0641756366689343e-8
0.04145262152221345	1.065445001405112e-8
0.04235988462982453	1.0667230119025344e-8
0.04327168405297366	1.0680097400680472e-8
0.0441880424732386	1.0693052585578487e-8
0.04510898268560485	1.0706096407871569e-8
0.046034527599032954	1.0719229609399378e-8
0.04696470023702812	1.0732452939788188e-8
0.04789952373821329	1.0745767156551878e-8
0.048839021356904266	1.0759173025193489e-8
0.04978321646368884	1.0772671319309583e-8
0.05073213254600732	1.0786262820695352e-8
0.05168579320873729	1.0799948319451593e-8
0.052644222174780875	1.0813728614093407e-8
0.05360744328565471	1.0827604511660506e-8
0.054575480502083065	1.0841576827829449e-8
0.055548357904593434	1.0855646387027228e-8
0.056526099694116344	1.0869814022547049e-8
0.0575087301925869	1.0884080576665706e-8
0.05849627384354973	1.0898446900762711e-8
0.05948875521276744	1.0912913855441869e-8
0.06048619898883127	1.0927482310653768e-8
0.061488629983775384	1.0942153145821333e-8
0.06249607313369419	1.0956927249966575e-8
0.06350855349936275	1.097180552183947e-8
0.06452609626685958	1.0986788870049615e-8
0.06554872674819387	1.1001878213198854e-8
0.06657647038193484	1.101707448001689e-8
0.06760935273384447	1.1032378609498952e-8
0.06864739949751365	1.1047791551045137e-8
0.0696906364950013	1.1063314264602864e-8
0.07073908967747639	1.1078947720810848e-8
0.07179278512586384	1.1094692901145858e-8
0.07285174905149322	1.111055079807185e-8
0.0739160077967507	1.1126522415191548e-8
0.07498558783573436	1.1142608767400045e-8
0.07606051577491299	1.1158810881041542e-8
0.07714081835378758	1.1175129794068557e-8
0.07822652244555647	1.1191566556203344e-8
0.07931765505778425	1.120812222910238e-8
0.0804142433330731	1.1224797886523666e-8
0.08151631454973848	1.1241594614496303e-8
0.08262389612248718	1.1258513511493444e-8
0.0837370156030995	1.1275555688607738e-8
0.0848557006811149	1.1292722269730048e-8
0.0859799791845205	1.1310014391730931e-8
0.08710987908044313	1.132743320464524e-8
0.08824542847584534	1.134497987185991e-8
0.08938665561822454	1.136265557030482e-8
0.09053358889631567	1.1380461490647003e-8
0.09168625684079722	1.139839883748812e-8
0.09284468812500112	1.1416468829565326e-8
0.09400891156562617	1.1434672699955378e-8
0.0951789561234543	1.1453011696282672e-8
0.09635485090407148	1.1471487080930407e-8
0.09753662515859184	1.1490100131255735e-8
0.0987243082843847	1.1508852139808515e-8
0.09991792982580656	1.1527744414553567e-8
0.10111751947493569	1.1546778279097313e-8
0.10232310707231031	1.1565955072918219e-8
0.1035347226076718	1.158527615160081e-8
0.10475239622071016	1.160474288707443e-8
0.10597615820181366	1.162435666785594e-8
0.10720603899282274	1.164411889929653e-8
0.10844206918778684	1.1664031003832994e-8
0.10968427953372567	1.1684094421243756e-8
0.1109327009313943	1.170431060890902e-8
0.11218736443605135	1.1724681042075498e-8
0.11344830125823162	1.1745207214126718e-8
0.11471554276452282	1.176589063685692e-8
0.11598912047834534	1.1786732840751014e-8
0.11726906608073695	1.1807735375268627e-8
0.11855541141114062	1.1828899809134144e-8
0.11984818846819621	1.185022773063125e-8
0.12114742941053713	1.1871720747903575e-8
0.12245316655758978	1.1893380489259907e-8
0.1237654323903777	1.191520860348589e-8
0.12508425955232963	1.193720676016106e-8
0.12640968085009122	1.1959376649981284e-8
0.1277417292543416	1.1981719985087764e-8
0.1290804379006133	1.2004238499402133e-8
0.13042584009011637	1.2026933948967024e-8
0.1317779692905669	1.2049808112293719e-8
0.13313685913701961	1.2072862790716346e-8
0.13450254343270476	1.2096099808751644e-8
0.13587505614986833	1.2119521014466747e-8
0.13725443143061763	1.2143128279853157e-8
0.13864070358777073	1.216692350120798e-8
0.14003390710570945	1.2190908599522279e-8
0.14143407664123803	1.2215085520876874e-8
0.1428412470244442	1.2239456236845542e-8
0.1442554532595664	1.2264022744906157e-8
0.14567673052586416	1.2288787068859444e-8
0.1471051141784935	1.231375125925589e-8
0.14854063974938603	1.2338917393830782e-8
0.149983342948133	1.2364287577947573e-8
0.15143325966287374	1.2389863945050418e-8
0.15289042596118813	1.2415648657124473e-8
0.15435487809099402	1.2441643905165874e-8
0.15582665248144906	1.2467851909661025e-8
0.1573057857438562	1.2494274921074545e-8
0.15879231467257537	1.2520915220347458e-8
0.16028627624593816	1.2547775119404996e-8
0.16178770762716785	1.2574856961674126e-8
0.16329664616530362	1.2602163122611966e-8
0.16481312939613008	1.2629696010244232e-8
0.1663371950431107	1.2657458065714575e-8
0.16786888101832628	1.268545176384465e-8
0.1694082254234178	1.2713679613705952e-8
0.1709552665505349	1.2742144159202784e-8
0.17251004288328747	1.2770847979666974e-8
0.17407259309770393	1.2799793690464731e-8
0.17564295606319252	1.2828983943616084e-8
0.17722117084350858	1.2858421428426181e-8
0.17880727669772617	1.2888108872130619e-8
0.18040131308121476	1.2918049040553038e-8
0.18200331964662084	1.2948244738776318e-8
0.18361333624485401	1.297869881182865e-8
0.18523140292607826	1.300941414538225e-8
0.18685755994070874	1.3040393666468036e-8
0.1884918477404122	1.3071640344203871e-8
0.19013430697911424	1.310315719053954e-8
0.1917849785140098	1.3134947261015637e-8
0.19344390340657974	1.3167013655539901e-8
0.19511112292361268	1.3199359519178848e-8
0.1967866785382308	1.3231988042967009e-8
0.19847061193092203	1.3264902464732607e-8
0.20016296499057665	1.329810606994153e-8
0.20186377981552947	1.333160219255857e-8
0.2035730987146071	1.3365394215927873e-8
0.20529096420818022	1.339948557367196e-8
0.20701741902922113	1.3433879750609874e-8
0.20875250612436722	1.3468580283696002e-8
0.210496268654989	1.35035907629786e-8
0.21224874999826396	1.3538914832579204e-8
0.21400999374825516	1.357455619169412e-8
0.21578004371699644	1.361051859561724e-8
0.21755894393558148	1.364680585678566e-8
0.2193467386552594	1.3683421845848125e-8
0.22114347234853576	1.3720370492757776e-8
0.22294918971027836	1.3757655787888614e-8
0.2247639356588297	1.379528178317691e-8
0.2265877553371239	1.383325259328859e-8
0.2284206941138094	1.3871572396812494e-8
0.23026279758437848	1.3910245437480692e-8
0.23211411157230027	1.3949276025416205e-8
0.23397468213016168	1.3988668538409603e-8
0.23584455554081238	1.4028427423223852e-8
0.23772377831851643	1.4068557196929805e-8
0.23961239721010893	1.410906244827172e-8
0.24151045919615952	1.414994783906464e-8
0.24341801149214037	1.4191218105623906e-8
0.24533510154960114	1.4232878060227642e-8
0.24726177705734917	1.4274932592613599e-8
0.24919808594263598	1.4317386671510716e-8
0.2511440763723492	1.436024534620657e-8
0.2530997967542111	1.4403513748151978e-8
0.25506529573798215	1.4447197092602964e-8
0.2570406222166721	1.449130068030225e-8
0.25902582532775553	1.4535829899200023e-8
0.2610209544543945	1.4580790226216471e-8
0.2630260592266663	1.4626187229045871e-8
0.2650411895227997	1.4672026568004645e-8
0.26706639547041383	1.4718313997923633e-8
0.2691017274477658	1.4765055370085984e-8
0.2711472360850044	1.4812256634212873e-8
0.27320297226542956	1.4859923840496881e-8
0.2752689871267568	1.4908063141685508e-8
0.2773453320623904	1.4956680795216024e-8
0.27943205872270227	1.5005783165402677e-8
0.2815292190163157	1.5055376725678308e-8
0.28363686511139713	1.5105468060891556e-8
0.2857550494369543	1.515606386966126e-8
0.287883824684139	1.520717096679033e-8
0.2900232438075598	1.5258796285739384e-8
0.29217336002659744	1.531094688116401e-8
0.2943342268267306	1.5363629931515287e-8
0.2965058979608642	1.5416852741706823e-8
0.2986884274506685	1.5470622745850202e-8
0.3008818695879217	1.5524947510059896e-8
0.3030862789358613	1.557983473533097e-8
0.3053017103305407	1.5635292260490806e-8
0.30752821888219345	1.569132806522728e-8
0.3097658599766045	1.5747950273196313e-8
0.31201468927648746	1.5805167155209925e-8
0.3142747627228697	1.5862987132508756e-8
0.31654613653648417	1.5921418780119933e-8
0.31882886721916665	1.5980470830304823e-8
0.32112301155526257	1.6040152176097487e-8
0.3234286266130387	1.6100471874938084e-8
0.325745769746104	1.616143915240308e-8
0.3280744985948343	1.6223063406036598e-8
0.33041487108780826	1.6285354209284146e-8
0.3327669454432473	1.6348321315534167e-8
0.3351307801704635	1.6411974662268698e-8
0.3375064340713156	1.647632437532775e-8
0.33989396624167195	1.6541380773291547e-8
0.3422934360728803	1.6607154371982285e-8
0.3447049032532445	1.6673655889091505e-8
0.34712842776951053	1.6740896248936297e-8
0.3495640699083581	1.6808886587346895e-8
0.3520118902578999	1.6877638256693293e-8
0.35447194970918944	1.6947162831052097e-8
0.35694430945773536	1.701747211151987e-8
0.35942903100502394	1.708857813167777e-8
0.36192617616004885	1.7160493163211564e-8
0.36443580704084905	1.723322972169329e-8
0.3669579860760533	1.7306800572528733e-8
0.3694927760064337	1.7381218737077442e-8
0.3720402398864656	1.7456497498949993e-8
0.37460044108589774	1.7532650410489656e-8
0.37717344329132724	1.760969129944269e-8
0.37975931050778367	1.7687634275826762e-8
0.38235810706032236	1.7766493739000492e-8
0.3849698975956241	1.784628438494484e-8
0.38759474708360203	1.7927021213760013e-8
0.39023272081902005	1.80087195373886e-8
0.39288388442311495	1.809139498757024e-8
0.3955483038452304	1.8175063524037297e-8
0.39822604536445655	1.825974144295954e-8
0.40091717559127893	1.834544538564692e-8
0.4036217614692354	1.843219234751872e-8
0.4063398702765814	1.8519999687349945e-8
0.40907156962796437	1.860888513680361e-8
0.4118169274761041	1.8698866810259248e-8
0.41457601211348477	1.8789963214949916e-8
0.41734889217405197	1.8882193261416134e-8
0.42013563663492237	1.897557627429109e-8
0.4229363148180968	1.907013200342726e-8
0.4257509963921872	1.916588063537789e-8
0.4285797513741481	1.92628428052465e-8
0.431422650131019	1.9361039608917612e-8
0.4342797633816742	1.946049261568291e-8
0.4371511621985827	1.9561223881278616e-8
0.4400369180095757	1.9663255961347998e-8
0.4429371025996235	1.9766611925347085e-8
0.44585178811262155	1.987131537090832e-8
0.44878104705318456	1.9977390438681083e-8
0.4517249522884503	2.0084861827668007e-8
0.4546835770498925	2.0193754811073487e-8
0.4576569949351417	2.0304095252688157e-8
0.4606452799098173	2.0415909623826908e-8
0.46364850630936627	2.052922502084398e-8
0.46666674884091325	2.0644069183247748e-8
0.46970008258511775	2.0760470512438617e-8
0.4727485829980431	2.08784580910951e-8
0.47581232591303324	2.099806170323384e-8
0.47889138754259847	2.111931185497108e-8
0.4819858444803113	2.1242239796014653e-8
0.48509577370271284	2.1366877541914106e-8
0.48822125257122634	2.1493257897103697e-8
0.4913623588340824	2.162141447876664e-8
0.49451917062825274	2.1751381741558396e-8
0.49769176648139396	2.1883195003222945e-8
0.5008802253138008	2.201689047113979e-8
0.50408462644037	2.2152505269840958e-8
0.5073050495725719	2.229007746953997e-8
0.5105415748204347	2.2429646115714394e-8
0.513794282694537	2.2571251259789304e-8
0.5170632541080095	2.2714933990967026e-8
0.5203485703785496	2.2860736469254417e-8
0.5236503132304423	2.3008701959740023e-8
0.5269685647965943	2.315887486817517e-8
0.530303407620577	2.3311300777917255e-8
0.5336549246586798	2.3466026488295752e-8
0.5370231992819733	2.3623100054465927e-8
0.5404083152783831	2.3782570828813388e-8
0.5438103568547752	2.3944489503985636e-8
0.5472294086390488	2.410890815761916e-8
0.5506655556822441	2.4275880298844718e-8
0.5541188834606553	2.444546091664821e-8
0.5575894778779587	2.4617706530178086e-8
0.5610774252673482	2.4792675241087634e-8
0.5645828123936848	2.4970426788008305e-8
0.5681057264556529	2.5151022603255583e-8
0.5716462550879313	2.5334525871874722e-8
0.575204486363371	2.552100159313721e-8
0.5787805087951877	2.5710516644607378e-8
0.5823744113391636	2.5903139848905094e-8
0.5859862833958592	2.6098942043295258e-8
0.5896162148128385	2.629799615224512e-8
0.5932642958869029	2.6500377263096725e-8
0.5969306173663373	2.670616270500964e-8
0.6006152704531689	2.691543213134083e-8
0.6043183468054348	2.7128267605634783e-8
0.6080399385394619	2.7344753691409084e-8
0.6117801382321592	2.7564977545933217e-8
0.6155390389233196	2.778902901820499e-8
0.6193167341179363	2.8017000751347078e-8
0.623113317788526	2.8248988289656148e-8
0.6269288843774687	2.8485090190552842e-8
0.6307635287993559	2.872540814169435e-8
0.6346173464433525	2.8970047083530262e-8
0.6384904331755692	2.9219115337598453e-8
0.642382885341447	2.9472724740876068e-8
0.6462947997681542	2.9730990786522727e-8
0.6502262737669948	2.9994032771373166e-8
0.6541774051358298	3.0261973950562004e-8
0.6581482921615086	3.053494169968565e-8
0.6621390336223161	3.081306768493783e-8
0.6661497287904276	3.109648804168026e-8
0.6701804774343794	3.138534356194658e-8
0.6742313798215511	3.16797798914077e-8
0.678302536720659	3.1979947736368714e-8
0.6823940494042624	3.228600308140413e-8
0.6865060196512838	3.259810741828753e-8
0.6906385497495403	3.2916427986915345e-8
0.694791742498288	3.324113802898124e-8
0.6989657012107795	3.357241705521412e-8
0.7031605297168335	3.391045112705524e-8
0.7073763323654175	3.425543315372591e-8
0.7116132140272448	3.460756320570563e-8
0.7158712800973807	3.496704884573403e-8
0.7201506364978674	3.533410547854189e-8
0.7244513896803564	3.570895672062296e-8
0.728773646628758	3.6091834791473293e-8
0.7331175148619017	3.648298092786604e-8
0.7374831024362114	3.6882645822863685e-8
0.7418705179483922	3.729109009145493e-8
0.7462798705381343	3.770858476487745e-8
0.750711269890825	3.813541181591493e-8
0.7551648262402791	3.857186471769648e-8
0.7596406503714807	3.901824903881342e-8
0.7641388536233382	3.947488307789018e-8
0.7686595478914547	3.994209854112309e-8
0.773202845630912	4.0420241266737214e-8
0.7777688598590664	4.090967200081814e-8
0.7823577041583616	4.141076722957098e-8
0.7869694926791535	4.1923920073755897e-8
0.7916043401425493	4.244954125187353e-8
0.796262361843262	4.298806011965403e-8
0.8009436736524783	4.353992579455573e-8
0.8056483920207407	4.410560837536914e-8
0.8103766339808444	4.468560026868412e-8
0.8151285171507487	4.528041763596253e-8
0.8199041597365022	4.5890601977376064e-8
0.8247036805351848	4.651672187145893e-8
0.8295271989378608	4.7159374893178825e-8
0.8343748349325502	4.7819189737305265e-8
0.8392467091072129	4.84968285792033e-8
0.844142942652749	4.919298971160223e-8
0.8490636573660127	4.990841050374023e-8
0.8540089756528428	5.064387073897459e-8
0.8589790205311072	5.140019639885738e-8
0.8639739156337627	5.217826397639202e-8
0.8689739156337625	5.297579793097612e-8
0.8739739156337623	5.3792690340746384e-8
0.878973915633762	5.462966093433469e-8
0.8839739156337618	5.548747588756872e-8
0.8889739156337617	5.636695327943945e-8
0.8939739156337615	5.7268969467560355e-8
0.8989739156337613	5.819446656121176e-8
0.9039739156337611	5.914446120589372e-8
0.9089739156337608	6.012005493675564e-8
0.9139739156337606	6.112244641064892e-8
0.9189739156337604	6.215294588973722e-8
0.9239739156337602	6.32129924258389e-8
0.9289739156337601	6.43041742866355e-8
0.9339739156337599	6.542825327587714e-8
0.9389739156337596	6.658719373364608e-8
0.9439739156337594	6.77831971643921e-8
0.9489739156337592	6.901874363557558e-8
0.953973915633759	7.029664132528154e-8
0.9589739156337588	7.162008588147997e-8
0.9639739156337586	7.299273159887769e-8
0.9689739156337585	7.441877683366429e-8
0.9739739156337582	7.590306657678488e-8
0.978973915633758	7.74512157103626e-8
0.9839739156337578	7.906975720115244e-8
0.9889739156337576	8.076632036533703e-8
0.9939739156337574	8.254984540188249e-8
0.9989739156337571	8.443084167489706e-8
1.003973915633757	8.642169877445457e-8
1.0089739156337567	8.853706125520222e-8
1.0139739156337566	9.079428020894307e-8
1.0189739156337563	9.321395755105951e-8
1.0239739156337562	9.582060218735986e-8
1.028973915633756	9.864342119329899e-8
1.0339739156337557	1.0171727392089055e-7
1.0389739156337556	1.050838227174413e-7
1.0439739156337553	1.0879292089565173e-7
1.0489739156337552	1.1290428697829957e-7
1.0539739156337549	1.1748952434222009e-7
1.0589739156337548	1.2263455755284082e-7
1.0639739156337544	1.2844257132696752e-7
1.0689739156337543	1.3503755568402214e-7
1.0739739156337542	1.4256858203519176e-7
1.0789739156337539	1.5121496041924482e-7
1.0839739156337538	1.611924586570262e-7
1.0889739156337535	1.7276080085045891e-7
1.0939739156337533	1.8623270655870372e-7
1.098973915633753	2.0198478450810434e-7
1.103973915633753	2.2047065742609195e-7
1.1089739156337528	2.422367693787815e-7
1.1139739156337525	2.6794141596412345e-7
1.1189739156337524	2.983776432901706e-7
1.123973915633752	3.3450078658224344e-7
1.128973915633752	3.7746156654279714e-7
1.1339739156337516	4.286458345277124e-7
1.1389739156337515	4.897222596883336e-7
1.1439739156337512	5.626994860056227e-7
1.148973915633751	6.499945580095729e-7
1.153973915633751	7.54514723856968e-7
1.1589739156337506	8.797550753256549e-7
1.1639739156337505	1.0299148765593427e-6
1.1689739156337502	1.2100358649540686e-6
1.17397391563375	1.4261662725986903e-6
1.1789739156337498	1.685554804095578e-6
1.1839739156337497	1.9968792981296786e-6
1.1889739156337495	2.3705152680285085e-6
1.1939739156337492	2.8188499207764195e-6
1.197980436725312	3.241869742113556e-6
1.2019869578168745	3.7311528909843806e-6
1.2059934789084372	4.296880782351105e-6
1.21	4.950723504822961e-6
