0.0006999999999999628	1.9368922714358674e-8
0.001403500000000035	1.9387438553038297e-8
0.0021105174999999296	1.940607423514316e-8
0.0028210700874998964	1.9424830121984006e-8
0.003535175437937438	1.9443707129678383e-8
0.004252851315127062	1.946270619077209e-8
0.004974115571702636	1.948182824678625e-8
0.005698986149561044	1.950107424821461e-8
0.006427481080308875	1.9520445154625754e-8
0.007159618485710418	1.9539941934770912e-8
0.007895416578138905	1.955956556669015e-8
0.008634893661029494	1.9579317037822825e-8
0.00937806812933463	1.959919734511706e-8
0.010124958469981361	1.9619207495143434e-8
0.010875583262331262	1.9639348504207955e-8
0.01162996117864295	1.9659621398467486e-8
0.012388110984536127	1.968002721404764e-8
0.013150051539458866	1.970056699716051e-8
0.013915801797156208	1.972124180422607e-8
0.014685380806142003	1.9742052701993735e-8
0.015458807710172712	1.976300076766623e-8
0.01623610174872358	1.9784087089025735e-8
0.017017282257467212	1.9805312764560695e-8
0.017802368668754516	1.9826678903595633e-8
0.01859138051209827	1.984818662642189e-8
0.019384337414658823	1.9869837064431036e-8
0.020181259101732015	1.9891631360249305e-8
0.020982165397240727	1.9913570667874634e-8
0.02178707622422691	1.9935656152815782e-8
0.02259601160534814	1.995788899223303e-8
0.02340899166337483	1.9980270375080788e-8
0.024226036621691812	2.0002801502253103e-8
0.02504716680480027	2.0025483586730198e-8
0.025872402638824326	2.004831785372847e-8
0.02670176465201842	2.0071305540850938e-8
0.02753527347527842	2.0094447898242092e-8
0.028372949842654864	2.0117746188742734e-8
0.0292148145918682	2.0141201688048912e-8
0.03006088866482743	2.0164815684871927e-8
0.03091119310815165	2.0188589481102056e-8
0.0317657490736924	2.02125243919732e-8
0.03262457781906081	2.0236621746231093e-8
0.03348770070815601	2.026088288630351e-8
0.034355139211696875	2.0285309168472956e-8
0.035226914907755424	2.0309901963052823e-8
0.03610304948229413	2.033466265456468e-8
0.03698356472970569	2.0359592641919258e-8
0.03786848255335419	2.0384693338600787e-8
0.038757824966120964	2.0409966172852023e-8
0.03965161409095162	2.043541258786415e-8
0.04054987216140643	2.0461034041968823e-8
0.04145262152221345	2.0486832008832406e-8
0.04235988462982453	2.051280797765478e-8
0.04327168405297366	2.0538963453369552e-8
0.0441880424732386	2.0565299956848395e-8
0.04510898268560485	2.0591819025108156e-8
0.046034527599032954	2.0618522211520655e-8
0.04696470023702812	2.0645411086027597e-8
0.04789952373821329	2.0672487235355507e-8
0.048839021356904266	2.0699752263237895e-8
0.04978321646368884	2.0727207790637498e-8
0.05073213254600732	2.0754855455974488e-8
0.05168579320873729	2.0782696915356214e-8
0.052644222174780875	2.0810733842812107e-8
0.05360744328565471	2.083896793053162e-8
0.054575480502083065	2.0867400889105784e-8
0.055548357904593434	2.0896034447772743e-8
0.056526099694116344	2.09248703546676e-8
0.0575087301925869	2.0953910377075167e-8
0.05849627384354973	2.09831563016875e-8
0.05948875521276744	2.1012609934866064e-8
0.06048619898883127	2.1042273102906273e-8
0.061488629983775384	2.1072147652308512e-8
0.06249607313369419	2.1102235450051493e-8
0.06350855349936275	2.113253838387175e-8
0.06452609626685958	2.116305836254588e-8
0.06554872674819387	2.119379731617877e-8
0.06657647038193484	2.1224757196496187e-8
0.06760935273384447	2.125593997714118e-8
0.06864739949751365	2.128734765397675e-8
0.0696906364950013	2.1318982245392226e-8
0.07073908967747639	2.135084579261545e-8
0.07179278512586384	2.1382940360029403e-8
0.07285174905149322	2.1415268035494948e-8
0.0739160077967507	2.144783093067797e-8
0.07498558783573436	2.1480631181382008e-8
0.07606051577491299	2.151367094788733e-8
0.07714081835378758	2.1546952415294413e-8
0.07822652244555647	2.1580477793874306e-8
0.07931765505778425	2.161424931942331e-8
0.0804142433330731	2.1648269253625295e-8
0.08151631454973848	2.168253988441894e-8
0.08262389612248718	2.1717063526371362e-8
0.0837370156030995	2.1751842521058562e-8
0.0848557006811149	2.1786879237451624e-8
0.0859799791845205	2.1822176072309315e-8
0.08710987908044313	2.1857735450578675e-8
0.08824542847584534	2.189355982580062e-8
0.08938665561822454	2.1929651680523627e-8
0.09053358889631567	2.196601352672446e-8
0.09168625684079722	2.2002647906235255e-8
0.09284468812500112	2.2039557391179087e-8
0.09400891156562617	2.207674458441192e-8
0.0951789561234543	2.2114212119973168e-8
0.09635485090407148	2.2151962663543485e-8
0.09753662515859184	2.2189998912910483e-8
0.0987243082843847	2.222832359844302e-8
0.09991792982580656	2.2266939483572864e-8
0.10111751947493569	2.230584936528619e-8
0.10232310707231031	2.234505607462218e-8
0.1035347226076718	2.238456247718105e-8
0.10475239622071016	2.2424371473641735e-8
0.10597615820181366	2.2464486000287245e-8
0.10720603899282274	2.2504909029541084e-8
0.10844206918778684	2.2545643570510886e-8
0.10968427953372567	2.2586692669543923e-8
0.1109327009313943	2.26280594107922e-8
0.11218736443605135	2.2669746916785924e-8
0.11344830125823162	2.2711758349019334e-8
0.11471554276452282	2.2754096908546383e-8
0.11598912047834534	2.2796765836586096e-8
0.11726906608073695	2.283976841514091e-8
0.11855541141114062	2.2883107967624163e-8
0.11984818846819621	2.2926787859501007e-8
0.12114742941053713	2.297081149893894e-8
0.12245316655758978	2.3015182337472067e-8
0.1237654323903777	2.305990387067626e-8
0.12508425955232963	2.3104979638857402e-8
0.12640968085009122	2.3150413227752252e-8
0.1277417292543416	2.319620826924196e-8
0.1290804379006133	2.3242368442079156e-8
0.13042584009011637	2.3288897472628117e-8
0.1317779692905669	2.3335799135619438e-8
0.13313685913701961	2.338307725491832e-8
0.13450254343270476	2.343073570430677e-8
0.13587505614986833	2.3478778408281706e-8
0.13725443143061763	2.35272093428674e-8
0.13864070358777073	2.3576032536442746e-8
0.14003390710570945	2.362525207058532e-8
0.14143407664123803	2.3674872080930958e-8
0.1428412470244442	2.3724896758049508e-8
0.1442554532595664	2.377533034833728e-8
0.14567673052586416	2.3826177154927446e-8
0.1471051141784935	2.3877441538616748e-8
0.14854063974938603	2.3929127918810803e-8
0.149983342948133	2.398124077448743e-8
0.15143325966287374	2.4033784645179238e-8
0.15289042596118813	2.4086764131974165e-8
0.15435487809099402	2.4140183898536126e-8
0.15582665248144906	2.419404867214595e-8
0.1573057857438562	2.4248363244762402e-8
0.15879231467257537	2.4303132474104125e-8
0.16028627624593816	2.4358361284752166e-8
0.16178770762716785	2.4414054669275946e-8
0.16329664616530362	2.447021768937973e-8
0.16481312939613008	2.45268554770733e-8
0.1663371950431107	2.4583973235865355e-8
0.16786888101832628	2.464157624198052e-8
0.1694082254234178	2.4699669845601306e-8
0.1709552665505349	2.475825947213525e-8
0.17251004288328747	2.481735062350629e-8
0.17407259309770393	2.4876948879474006e-8
0.17564295606319252	2.4937059898978552e-8
0.17722117084350858	2.4997689421512946e-8
0.17880727669772617	2.5058843268524303e-8
0.18040131308121476	2.5120527344842755e-8
0.18200331964662084	2.5182747640139863e-8
0.18361333624485401	2.524551023041784e-8
0.18523140292607826	2.5308821279528583e-8
0.18685755994070874	2.537268704072472e-8
0.1884918477404122	2.5437113858242867e-8
0.19013430697911424	2.5502108168919615e-8
0.1917849785140098	2.5567676503841922e-8
0.19344390340657974	2.5633825490031294e-8
0.19511112292361268	2.5700561852163616e-8
0.1967866785382308	2.5767892414326283e-8
0.19847061193092203	2.583582410181052e-8
0.20016296499057665	2.5904363942944342e-8
0.20186377981552947	2.5973519070961827e-8
0.2035730987146071	2.6043296725914878e-8
0.20529096420818022	2.6113704256623653e-8
0.20701741902922113	2.618474912267053e-8
0.20875250612436722	2.62564388964363e-8
0.210496268654989	2.632878126518154e-8
0.21224874999826396	2.6401784033170443e-8
0.21400999374825516	2.6475455123844462e-8
0.21578004371699644	2.6549802582041018e-8
0.21755894393558148	2.6624834576260574e-8
0.2193467386552594	2.6700559400985957e-8
0.22114347234853576	2.6776985479049728e-8
0.22294918971027836	2.685412136405656e-8
0.2247639356588297	2.6931975742857547e-8
0.2265877553371239	2.7010557438079975e-8
0.2284206941138094	2.708987541071496e-8
0.23026279758437848	2.716993876276012e-8
0.23211411157230027	2.7250756739925332e-8
0.23397468213016168	2.73323387343964e-8
0.23584455554081238	2.7414694287662288e-8
0.23772377831851643	2.7497833093407795e-8
0.23961239721010893	2.7581765000469133e-8
0.24151045919615952	2.7666500015860406e-8
0.24341801149214037	2.7752048307867007e-8
0.24533510154960114	2.783842020921076e-8
0.24726177705734917	2.792562622028876e-8
0.24919808594263598	2.8013677012486372e-8
0.2511440763723492	2.8102583431567694e-8
0.2530997967542111	2.8192356501143976e-8
0.25506529573798215	2.828300742622491e-8
0.2570406222166721	2.8374547596851432e-8
0.25902582532775553	2.8466988591815355e-8
0.2610209544543945	2.856034218246561e-8
0.2630260592266663	2.8654620336605353e-8
0.2650411895227997	2.8749835222482696e-8
0.26706639547041383	2.8845999212874178e-8
0.2691017274477658	2.8943124889268097e-8
0.2711472360850044	2.9041225046147537e-8
0.27320297226542956	2.9140312695376792e-8
0.2752689871267568	2.9240401070693887e-8
0.2773453320623904	2.934150363231077e-8
0.27943205872270227	2.9443634071628896e-8
0.2815292190163157	2.9546806316066196e-8
0.28363686511139713	2.9651034534004778e-8
0.2857550494369543	2.9756333139859465e-8
0.287883824684139	2.986271679927215e-8
0.2900232438075598	2.997020043443423e-8
0.29217336002659744	3.007879922954165e-8
0.2943342268267306	3.0188528636385616e-8
0.2965058979608642	3.0299404380085675e-8
0.2986884274506685	3.041144246496221e-8
0.3008818695879217	3.052465918056263e-8
0.3030862789358613	3.063907110783573e-8
0.3053017103305407	3.0754695125465635e-8
0.30752821888219345	3.0871548416365333e-8
0.3097658599766045	3.098964847433849e-8
0.31201468927648746	3.110901311091057e-8
0.3142747627228697	3.1229660462336384e-8
0.31654613653648417	3.135160899679096e-8
0.31882886721916665	3.147487752174343e-8
0.32112301155526257	3.1599485191527215e-8
0.3234286266130387	3.172545151510558e-8
0.325745769746104	3.1852796364041514e-8
0.3280744985948343	3.198153998067944e-8
0.33041487108780826	3.21117029865402e-8
0.3327669454432473	3.2243306390943284e-8
0.3351307801704635	3.237637159985503e-8
0.3375064340713156	3.251092042497533e-8
0.33989396624167195	3.264697509306907e-8
0.3422934360728803	3.278455825554789e-8
0.3447049032532445	3.292369299831244e-8
0.34712842776951053	3.306440285186077e-8
0.3495640699083581	3.320671180167396e-8
0.3520118902578999	3.335064429888552e-8
0.35447194970918944	3.349622527124447e-8
0.35694430945773536	3.364348013437959e-8
0.35942903100502394	3.379243480337759e-8
0.36192617616004885	3.394311570468387e-8
0.36443580704084905	3.4095549788332063e-8
0.3669579860760533	3.4249764540520804e-8
0.3694927760064337	3.440578799654216e-8
0.3720402398864656	3.4563648754075884e-8
0.37460044108589774	3.472337598686193e-8
0.37717344329132724	3.488499945876013e-8
0.37975931050778367	3.5048549538215683e-8
0.38235810706032236	3.521405721313598e-8
0.3849698975956241	3.538155410620162e-8
0.38759474708360203	3.555107249061565e-8
0.39023272081902005	3.57226453063139e-8
0.39288388442311495	3.5896306176649096e-8
0.3955483038452304	3.6072089425561653e-8
0.39822604536445655	3.625003009525859e-8
0.40091717559127893	3.6430163964414493e-8
0.4036217614692354	3.661252756691109e-8
0.4063398702765814	3.679715821113982e-8
0.40907156962796437	3.698409399987831e-8
0.4118169274761041	3.717337385076715e-8
0.41457601211348477	3.73650375174034e-8
0.41734889217405197	3.755912561107672e-8
0.42013563663492237	3.775567962316482e-8
0.4229363148180968	3.7954741948216034e-8
0.4257509963921872	3.815635590774094e-8
0.4285797513741481	3.836056577473786e-8
0.431422650131019	3.85674167989801e-8
0.4342797633816742	3.877695523308963e-8
0.4371511621985827	3.898922835942627e-8
0.4400369180095757	3.920428451782438e-8
0.4429371025996235	3.9422173134200915e-8
0.44585178811262155	3.9642944750074735e-8
0.44878104705318456	3.9866651053024044e-8
0.4517249522884503	4.0093344908118374e-8
0.4546835770498925	4.032308039036279e-8
0.4576569949351417	4.055591281818848e-8
0.4606452799098173	4.079189878803101e-8
0.46364850630936627	4.103109621003441e-8
0.46666674884091325	4.127356434492744e-8
0.46970008258511775	4.151936384211093e-8
0.4727485829980431	4.176855677900647e-8
0.47581232591303324	4.202120670171088e-8
0.47889138754259847	4.227737866700964e-8
0.4819858444803113	4.253713928579886e-8
0.48509577370271284	4.280055676797291e-8
0.48822125257122634	4.3067700968830226e-8
0.4913623588340824	4.3338643437061315e-8
0.49451917062825274	4.361345746437876e-8
0.49769176648139396	4.3892218136853456e-8
0.5008802253138008	4.417500238802558e-8
0.50408462644037	4.4461889053860515e-8
0.5073050495725719	4.47529589296254e-8
0.5105415748204347	4.504829482875996e-8
0.513794282694537	4.5347981643826707e-8
0.5170632541080095	4.565210640962115e-8
0.5203485703785496	4.5960758368534506e-8
0.5236503132304423	4.62740290382568e-8
0.5269685647965943	4.6592012281924304e-8
0.530303407620577	4.691480438080468e-8
0.5336549246586798	4.72425041096326e-8
0.5370231992819733	4.757521281470562e-8
0.5404083152783831	4.7913034494856194e-8
0.5438103568547752	4.8256075885424934e-8
0.5472294086390488	4.860444654535914e-8
0.5506655556822441	4.895825894758223e-8
0.5541188834606553	4.9317628572760045e-8
0.5575894778779587	4.968267400662734e-8
0.5610774252673482	5.00535170410264e-8
0.5645828123936848	5.043028277881757e-8
0.5681057264556529	5.081309974284077e-8
0.5716462550879313	5.1202099989107814e-8
0.575204486363371	5.159741922441633e-8
0.5787805087951877	5.199919692858838e-8
0.5823744113391636	5.240757648154284e-8
0.5859862833958592	5.2822705295430095e-8
0.5896162148128385	5.324473495205909e-8
0.5932642958869029	5.36738213458719e-8
0.5969306173663373	5.4110124832719956e-8
0.6006152704531689	5.4553810384727797e-8
0.6043183468054348	5.5005047751529625e-8
0.6080399385394619	5.546401162819229e-8
0.6117801382321592	5.5930881830150136e-8
0.6155390389233196	5.640584347549779e-8
0.6193167341179363	5.6889087175010327e-8
0.623113317788526	5.738080923027405e-8
0.6269288843774687	5.788121184034641e-8
0.6307635287993559	5.839050331737916e-8
0.6346173464433525	5.8908898311670374e-8
0.6384904331755692	5.9436618046642804e-8
0.642382885341447	5.99738905642715e-8
0.6462947997681542	6.052095098152552e-8
0.6502262737669948	6.10780417584238e-8
0.6541774051358298	6.164541297834314e-8
0.6581482921615086	6.222332264126439e-8
0.6621390336223161	6.281203697069566e-8
0.6661497287904276	6.341183073505518e-8
0.6701804774343794	6.402298758436522e-8
0.6742313798215511	6.464580040316943e-8
0.678302536720659	6.528057168066224e-8
0.6823940494042624	6.592761389908649e-8
0.6865060196512838	6.658724994157158e-8
0.6906385497495403	6.725981352065101e-8
0.694791742498288	6.794564962883844e-8
0.6989657012107795	6.864511501275185e-8
0.7031605297168335	6.935857867243085e-8
0.7073763323654175	7.00864223876353e-8
0.7116132140272448	7.082904127313047e-8
0.7158712800973807	7.158684436513732e-8
0.7201506364978674	7.236025524141193e-8
0.7244513896803564	7.314971267766169e-8
0.728773646628758	7.395567134336171e-8
0.7331175148619017	7.477860254040174e-8
0.7374831024362114	7.561899498844014e-8
0.7418705179483922	7.647735566136029e-8
0.7462798705381343	7.735421067985188e-8
0.750711269890825	7.825010626583944e-8
0.7551648262402791	7.916560976537007e-8
0.7596406503714807	8.010131074757039e-8
0.7641388536233382	8.105782218852125e-8
0.7686595478914547	8.203578175034855e-8
0.773202845630912	8.303585316759353e-8
0.7777688598590664	8.405872775503899e-8
0.7823577041583616	8.510512605372005e-8
0.7869694926791535	8.61757996349416e-8
0.7916043401425493	8.727153308588161e-8
0.796262361843262	8.839314620492656e-8
0.8009436736524783	8.954149644044773e-8
0.8056483920207407	9.071748161354044e-8
0.8103766339808444	9.192204297356445e-8
0.8151285171507487	9.315616864556215e-8
0.8199041597365022	9.442089754115529e-8
0.8247036805351848	9.571732382000255e-8
0.8295271989378608	9.704660200794266e-8
0.8343748349325502	9.840995290147696e-8
0.8392467091072129	9.980867041735738e-8
0.844142942652749	1.0124412958210491e-7
0.8490636573660127	1.0271779590099087e-7
0.8540089756528428	1.0423123640159975e-7
0.8589790205311072	1.0578613271617851e-7
0.8639739156337627	1.0738429665307439e-7
0.8689739156337625	1.0902110842761589e-7
0.8739739156337623	1.1069645538741733e-7
0.878973915633762	1.1241197905259494e-7
0.8839739156337618	1.1416948276818656e-7
0.8889739156337617	1.1597095868583627e-7
0.8939739156337615	1.1781862003661622e-7
0.8989739156337613	1.197149397785893e-7
0.9039739156337611	1.2166269692694074e-7
0.9089739156337608	1.2366503214598896e-7
0.9139739156337606	1.2572551451047196e-7
0.9189739156337604	1.2784822174000973e-7
0.9239739156337602	1.300378366899085e-7
0.9289739156337601	1.322997634607083e-7
0.9339739156337599	1.3464026718903108e-7
0.9389739156337596	1.3706664242863606e-7
0.9439739156337594	1.3958741605361977e-7
0.9489739156337592	1.422125918523931e-7
0.953973915633759	1.4495394547602447e-7
0.9589739156337588	1.478253802117133e-7
0.9639739156337586	1.5084335623682267e-7
0.9689739156337585	1.5402740864975871e-7
0.9739739156337582	1.5740077276642422e-7
0.978973915633758	1.609911390300358e-7
0.9839739156337578	1.648315645468139e-7
0.9889739156337576	1.6896157389858362e-7
0.9939739156337574	1.734284886984301e-7
0.9989739156337571	1.782890335924907e-7
1.003973915633757	1.8361127636552615e-7
1.0089739156337567	1.8947697183730395e-7
1.0139739156337566	1.9598439377227444e-7
1.0189739156337563	2.0325175658605075e-7
1.0239739156337562	2.1142134984651363e-7
1.028973915633756	2.206645341900121e-7
1.0339739156337557	2.3118777821522962e-7
1.0389739156337556	2.432399532746924e-7
1.0439739156337553	2.5712114817585875e-7
1.0489739156337552	2.7319332021594464e-7
1.0539739156337549	2.9189316461176896e-7
1.0589739156337548	3.1374766353375507e-7
1.0639739156337544	3.3939287134994145e-7
1.0689739156337543	3.695966076100204e-7
1.0739739156337542	4.0528586766538174e-7
1.0789739156337539	4.475799272982885e-7
1.0839739156337538	4.978303178746009e-7
1.0889739156337535	5.576690889282423e-7
1.0939739156337533	6.290670635222298e-7
1.098973915633753	7.144041373870258e-7
1.103973915633753	8.165540864738233e-7
1.1089739156337528	9.389868417224235e-7
1.1139739156337525	1.0858917790675077e-6
1.1189739156337524	1.2623262736819918e-6
1.123973915633752	1.4743945991638884e-6
1.128973915633752	1.7294632361078817e-6
1.1339739156337516	2.0364198137620225e-6
1.1389739156337515	2.4059842685998954e-6
1.1439739156337512	2.8510823911329074e-6
1.148973915633751	3.3872937736020726e-6
1.153973915633751	4.0333882908013295e-6
1.1589739156337506	4.8119676638818375e-6
1.1639739156337505	5.750231383209741e-6
1.1689739156337502	6.880889296997063e-6
1.17397391563375	8.243246480346982e-6
1.1789739156337498	9.884489523754188e-6
1.1839739156337497	1.1861207012599115e-5
1.1889739156337495	1.4241180536274742e-5
1.1939739156337492	1.7105485807398927e-5
1.197980436725312	1.981484660221623e-5
1.2019869578168745	2.2955301157957665e-5
1.2059934789084372	2.659385413582014e-5
1.21	3.080744028549891e-5
