0.0006999999999999628	3.8080590244522094e-7
0.001403500000000035	3.8095742448929395e-7
0.0021105174999999296	3.811098200395354e-7
0.0028210700874998964	3.812630962136146e-7
0.003535175437937438	3.814172587587723e-7
0.004252851315127062	3.8157231345916546e-7
0.004974115571702636	3.8172826614390807e-7
0.005698986149561044	3.818851226875558e-7
0.006427481080308875	3.8204288901051565e-7
0.007159618485710418	3.822015710794906e-7
0.007895416578138905	3.823611749079455e-7
0.008634893661029494	3.8252170655652257e-7
0.00937806812933463	3.826831721335298e-7
0.010124958469981361	3.8284557779538274e-7
0.010875583262331262	3.830089297470781e-7
0.01162996117864295	3.831732342426679e-7
0.012388110984536127	3.833384975857382e-7
0.013150051539458866	3.835047261298606e-7
0.013915801797156208	3.8367192627915473e-7
0.014685380806142003	3.8384010448869797e-7
0.015458807710172712	3.840092672650863e-7
0.01623610174872358	3.8417942116691637e-7
0.017017282257467212	3.8435057280530115e-7
0.017802368668754516	3.845227288443948e-7
0.01859138051209827	3.8469589600190565e-7
0.019384337414658823	3.8487008104965244e-7
0.020181259101732015	3.850452908140622e-7
0.020982165397240727	3.852215321767597e-7
0.02178707622422691	3.853988120750971e-7
0.02259601160534814	3.8557713750268973e-7
0.02340899166337483	3.8575651551004284e-7
0.024226036621691812	3.859369532050419e-7
0.02504716680480027	3.861184577536143e-7
0.025872402638824326	3.863010363802453e-7
0.02670176465201842	3.8648469636860724e-7
0.02753527347527842	3.86669445062166e-7
0.028372949842654864	3.868552898647594e-7
0.0292148145918682	3.870422382412526e-7
0.03006088866482743	3.872302977181072e-7
0.03091119310815165	3.8741947588406545e-7
0.0317657490736924	3.876097803907496e-7
0.03262457781906081	3.8780121895334717e-7
0.03348770070815601	3.879937993512291e-7
0.034355139211696875	3.881875294286152e-7
0.035226914907755424	3.8838241709528043e-7
0.03610304948229413	3.8857847032719767e-7
0.03698356472970569	3.8877569716725187e-7
0.03786848255335419	3.889741057259055e-7
0.038757824966120964	3.891737041819392e-7
0.03965161409095162	3.8937450078315805e-7
0.04054987216140643	3.895765038470908e-7
0.04145262152221345	3.897797217617559e-7
0.04235988462982453	3.8998416298636903e-7
0.04327168405297366	3.901898360521554e-7
0.0441880424732386	3.9039674956303907e-7
0.04510898268560485	3.906049121964578e-7
0.046034527599032954	3.9081433270414133e-7
0.04696470023702812	3.910250199128936e-7
0.04789952373821329	3.912369827253962e-7
0.048839021356904266	3.914502301210378e-7
0.04978321646368884	3.916647711567004e-7
0.05073213254600732	3.9188061496763793e-7
0.05168579320873729	3.920977707682849e-7
0.052644222174780875	3.9231624785314847e-7
0.05360744328565471	3.925360555976344e-7
0.054575480502083065	3.9275720345895723e-7
0.055548357904593434	3.9297970097701607e-7
0.056526099694116344	3.932035577753135e-7
0.0575087301925869	3.9342878356184466e-7
0.05849627384354973	3.936553881300463e-7
0.05948875521276744	3.938833813597231e-7
0.06048619898883127	3.941127732180087e-7
0.061488629983775384	3.943435737603191e-7
0.06249607313369419	3.945757931313419e-7
0.06350855349936275	3.94809441566019e-7
0.06452609626685958	3.95044529390555e-7
0.06554872674819387	3.9528106702343643e-7
0.06657647038193484	3.9551906497644474e-7
0.06760935273384447	3.957585338557284e-7
0.06864739949751365	3.959994843628703e-7
0.0696906364950013	3.9624192729590875e-7
0.07073908967747639	3.964858735504909e-7
0.07179278512586384	3.9673133412092973e-7
0.07285174905149322	3.96978320101356e-7
0.0739160077967507	3.9722684268683064e-7
0.07498558783573436	3.974769131745076e-7
0.07606051577491299	3.977285429647961e-7
0.07714081835378758	3.97981743562555e-7
0.07822652244555647	3.9823652657826865e-7
0.07931765505778425	3.984929037292854e-7
0.0804142433330731	3.9875088684105017e-7
0.08151631454973848	3.9901048784832996e-7
0.08262389612248718	3.99271718796523e-7
0.0837370156030995	3.995345918429174e-7
0.0848557006811149	3.997991192579948e-7
0.0859799791845205	4.0006531342676696e-7
0.08710987908044313	4.003331868501151e-7
0.08824542847584534	4.0060275214615596e-7
0.08938665561822454	4.0087402205159674e-7
0.09053358889631567	4.0114700942317376e-7
0.09168625684079722	4.0142172723905554e-7
0.09284468812500112	4.0169818860027695e-7
0.09400891156562617	4.019764067322174e-7
0.0951789561234543	4.022563949860687e-7
0.09635485090407148	4.0253816684035845e-7
0.09753662515859184	4.028217359024679e-7
0.0987243082843847	4.0310711591017907e-7
0.09991792982580656	4.0339432073325457e-7
0.10111751947493569	4.0368336437502474e-7
0.10232310707231031	4.0397426097402625e-7
0.1035347226076718	4.0426702480560595e-7
0.10475239622071016	4.045616702836534e-7
0.10597615820181366	4.048582119622209e-7
0.10720603899282274	4.051566645372822e-7
0.10844206918778684	4.054570428484845e-7
0.10968427953372567	4.057593618808945e-7
0.1109327009313943	4.060636367668061e-7
0.11218736443605135	4.063698827875469e-7
0.11344830125823162	4.0667811537536866e-7
0.11471554276452282	4.069883501152871e-7
0.11598912047834534	4.073006027470001e-7
0.11726906608073695	4.0761488916684747e-7
0.11855541141114062	4.07931225429746e-7
0.11984818846819621	4.0824962775119137e-7
0.12114742941053713	4.08570112509312e-7
0.12245316655758978	4.088926962469026e-7
0.1237654323903777	4.0921739567351685e-7
0.12508425955232963	4.095442276675929e-7
0.12640968085009122	4.098732092786287e-7
0.1277417292543416	4.102043577293218e-7
0.1290804379006133	4.1053769041786545e-7
0.13042584009011637	4.108732249201316e-7
0.1317779692905669	4.1121097899203206e-7
0.13313685913701961	4.1155097057178544e-7
0.13450254343270476	4.1189321778234323e-7
0.13587505614986833	4.1223773893375524e-7
0.13725443143061763	4.1258455252562534e-7
0.13864070358777073	4.129336772495961e-7
0.14003390710570945	4.1328513199187096e-7
0.14143407664123803	4.136389358357653e-7
0.1428412470244442	4.139951080643263e-7
0.1442554532595664	4.143536681629647e-7
0.14567673052586416	4.14714635822141e-7
0.1471051141784935	4.150780309401308e-7
0.14854063974938603	4.1544387362573827e-7
0.149983342948133	4.1581218420118266e-7
0.15143325966287374	4.1618298320492435e-7
0.15289042596118813	4.1655629139460185e-7
0.15435487809099402	4.169321297499753e-7
0.15582665248144906	4.1731051947595263e-7
0.1573057857438562	4.1769148200565623e-7
0.15879231467257537	4.1807503900351736e-7
0.16028627624593816	4.184612123684598e-7
0.16178770762716785	4.1885002423709506e-7
0.16329664616530362	4.192414969870287e-7
0.16481312939613008	4.1963565324013455e-7
0.1663371950431107	4.200325158659989e-7
0.16786888101832628	4.204321079853122e-7
0.1694082254234178	4.208344529733869e-7
0.1709552665505349	4.212395744637161e-7
0.17251004288328747	4.2164749635158997e-7
0.17407259309770393	4.2205824279777627e-7
0.17564295606319252	4.224718382322541e-7
0.17722117084350858	4.228883073580488e-7
0.17880727669772617	4.233076751550657e-7
0.18040131308121476	4.2372996688407664e-7
0.18200331964662084	4.241552080907034e-7
0.18361333624485401	4.2458342460949705e-7
0.18523140292607826	4.2501464256810677e-7
0.18685755994070874	4.2544888839147293e-7
0.1884918477404122	4.258861888061631e-7
0.19013430697911424	4.2632657084473233e-7
0.1917849785140098	4.2677006185016725e-7
0.19344390340657974	4.272166894804177e-7
0.19511112292361268	4.2766648171303065e-7
0.1967866785382308	4.28119466849825e-7
0.19847061193092203	4.285756735216771e-7
0.20016296499057665	4.290351306933849e-7
0.20186377981552947	4.294978676686263e-7
0.2035730987146071	4.2996391409500224e-7
0.20529096420818022	4.3043329996917645e-7
0.20701741902922113	4.309060556420846e-7
0.20875250612436722	4.313822118243064e-7
0.210496268654989	4.3186179959140356e-7
0.21224874999826396	4.3234485038955287e-7
0.21400999374825516	4.3283139604108594e-7
0.21578004371699644	4.3332146875025975e-7
0.21755894393558148	4.3381510110908013e-7
0.2193467386552594	4.3431232610325067e-7
0.22114347234853576	4.3481317711823563e-7
0.22294918971027836	4.3531768794541665e-7
0.2247639356588297	4.358258927884191e-7
0.2265877553371239	4.3633782626946284e-7
0.2284206941138094	4.368535234359363e-7
0.23026279758437848	4.3737301976703884e-7
0.23211411157230027	4.3789635118055754e-7
0.23397468213016168	4.3842355403977556e-7
0.23584455554081238	4.3895466516053744e-7
0.23772377831851643	4.394897218184162e-7
0.23961239721010893	4.400287617560257e-7
0.24151045919615952	4.405718231905173e-7
0.24341801149214037	4.4111894482115493e-7
0.24533510154960114	4.416701658371005e-7
0.24726177705734917	4.422255259253105e-7
0.24919808594263598	4.4278506527860947e-7
0.2511440763723492	4.4334882460394405e-7
0.2530997967542111	4.439168451307337e-7
0.25506529573798215	4.4448916861947027e-7
0.2570406222166721	4.450658373704181e-7
0.25902582532775553	4.456468942325711e-7
0.2610209544543945	4.462323826126887e-7
0.2630260592266663	4.468223464846161e-7
0.2650411895227997	4.47416830398714e-7
0.26706639547041383	4.4801587949153745e-7
0.2691017274477658	4.486195394956907e-7
0.2711472360850044	4.492278567498617e-7
0.27320297226542956	4.4984087820912324e-7
0.2752689871267568	4.504586514553965e-7
0.2773453320623904	4.510812247081363e-7
0.27943205872270227	4.517086468352834e-7
0.2815292190163157	4.52340967364386e-7
0.28363686511139713	4.529782364940237e-7
0.2857550494369543	4.5362050510538243e-7
0.287883824684139	4.542678247741834e-7
0.2900232438075598	4.549202477827885e-7
0.29217336002659744	4.5557782713258206e-7
0.2943342268267306	4.562406165566408e-7
0.2965058979608642	4.569086705326583e-7
0.2986884274506685	4.575820442961457e-7
0.3008818695879217	4.5826079385394425e-7
0.3030862789358613	4.589449759979943e-7
0.3053017103305407	4.596346483194683e-7
0.30752821888219345	4.60329869223121e-7
0.3097658599766045	4.6103069794206537e-7
0.31201468927648746	4.6173719455279815e-7
0.3142747627228697	4.624494199905775e-7
0.31654613653648417	4.631674360651916e-7
0.31882886721916665	4.638913054769963e-7
0.32112301155526257	4.646210918334066e-7
0.3234286266130387	4.65356859665695e-7
0.325745769746104	4.660986744461965e-7
0.3280744985948343	4.6684660260592707e-7
0.33041487108780826	4.6760071155257467e-7
0.3327669454432473	4.683610696889127e-7
0.3351307801704635	4.691277464316525e-7
0.3375064340713156	4.699008122307311e-7
0.33989396624167195	4.706803385890587e-7
0.3422934360728803	4.71466398082693e-7
0.3447049032532445	4.722590643815244e-7
0.34712842776951053	4.730584122704665e-7
0.3495640699083581	4.7386451767108023e-7
0.3520118902578999	4.7467745766380643e-7
0.35447194970918944	4.754973105106563e-7
0.35694430945773536	4.76324155678508e-7
0.35942903100502394	4.771580738629132e-7
0.36192617616004885	4.779991470125038e-7
0.36443580704084905	4.788474583540556e-7
0.3669579860760533	4.797030924180479e-7
0.3694927760064337	4.805661350649584e-7
0.3720402398864656	4.814366735121621e-7
0.37460044108589774	4.823147963615153e-7
0.37717344329132724	4.832005936275955e-7
0.37975931050778367	4.840941567667384e-7
0.38235810706032236	4.84995578706692e-7
0.3849698975956241	4.859049538771182e-7
0.38759474708360203	4.868223782408177e-7
0.39023272081902005	4.877479493257915e-7
0.39288388442311495	4.886817662581052e-7
0.3955483038452304	4.896239297955912e-7
0.39822604536445655	4.905745423624829e-7
0.40091717559127893	4.915337080848943e-7
0.4036217614692354	4.925015328272543e-7
0.4063398702765814	4.934781242297182e-7
0.40907156962796437	4.944635917465456e-7
0.4118169274761041	4.954580466855255e-7
0.41457601211348477	4.964616022484285e-7
0.41734889217405197	4.974743735726033e-7
0.42013563663492237	4.984964777736256e-7
0.4229363148180968	4.995280339891644e-7
0.4257509963921872	5.005691634240439e-7
0.4285797513741481	5.016199893965e-7
0.431422650131019	5.026806373857771e-7
0.4342797633816742	5.037512350810028e-7
0.4371511621985827	5.048319124314425e-7
0.4400369180095757	5.059228016981932e-7
0.4429371025996235	5.070240375072745e-7
0.44585178811262155	5.081357569042996e-7
0.44878104705318456	5.092580994106444e-7
0.4517249522884503	5.103912070812794e-7
0.4546835770498925	5.115352245642425e-7
0.4576569949351417	5.126902991618298e-7
0.4606452799098173	5.138565808936319e-7
0.46364850630936627	5.150342225613096e-7
0.46666674884091325	5.162233798154202e-7
0.46970008258511775	5.174242112241038e-7
0.4727485829980431	5.18636878343913e-7
0.47581232591303324	5.198615457926893e-7
0.47889138754259847	5.210983813247312e-7
0.4819858444803113	5.223475559081303e-7
0.48509577370271284	5.236092438046221e-7
0.48822125257122634	5.248836226517416e-7
0.4913623588340824	5.261708735475915e-7
0.49451917062825274	5.274711811382645e-7
0.49769176648139396	5.287847337079682e-7
0.5008802253138008	5.301117232719901e-7
0.50408462644037	5.314523456726112e-7
0.5073050495725719	5.328068006781035e-7
0.5105415748204347	5.341752920848316e-7
0.513794282694537	5.355580278227555e-7
0.5170632541080095	5.369552200642449e-7
0.5203485703785496	5.383670853365354e-7
0.5236503132304423	5.397938446378502e-7
0.5269685647965943	5.412357235573495e-7
0.530303407620577	5.426929523991027e-7
0.5336549246586798	5.441657663102088e-7
0.5370231992819733	5.456544054132428e-7
0.5404083152783831	5.471591149431573e-7
0.5438103568547752	5.486801453889804e-7
0.5472294086390488	5.502177526402371e-7
0.5506655556822441	5.517721981385849e-7
0.5541188834606553	5.533437490346497e-7
0.5575894778779587	5.549326783503976e-7
0.5610774252673482	5.565392651472864e-7
0.5645828123936848	5.581637947003646e-7
0.5681057264556529	5.598065586786101e-7
0.5716462550879313	5.614678553318623e-7
0.575204486363371	5.63147989684445e-7
0.5787805087951877	5.648472737359861e-7
0.5823744113391636	5.665660266695639e-7
0.5859862833958592	5.683045750677068e-7
0.5896162148128385	5.700632531363961e-7
0.5932642958869029	5.71842402937549e-7
0.5969306173663373	5.736423746303793e-7
0.6006152704531689	5.754635267219913e-7
0.6043183468054348	5.773062263276403e-7
0.6080399385394619	5.791708494411758e-7
0.6117801382321592	5.810577812160724e-7
0.6155390389233196	5.82967416257587e-7
0.6193167341179363	5.849001589265671e-7
0.623113317788526	5.868564236555226e-7
0.6269288843774687	5.888366352774727e-7
0.6307635287993559	5.908412293683162e-7
0.6346173464433525	5.928706526032367e-7
0.6384904331755692	5.949253631280442e-7
0.642382885341447	5.970058309461224e-7
0.6462947997681542	5.991125383216958e-7
0.6502262737669948	6.012459802004235e-7
0.6541774051358298	6.034066646481996e-7
0.6581482921615086	6.055951133090047e-7
0.6621390336223161	6.078118618829923e-7
0.6661497287904276	6.100574606258702e-7
0.6701804774343794	6.123324748706507e-7
0.6742313798215511	6.146374855732125e-7
0.678302536720659	6.169730898828285e-7
0.6823940494042624	6.193399017392954e-7
0.6865060196512838	6.217385524980027e-7
0.6906385497495403	6.2416969158483e-7
0.694791742498288	6.266339871824585e-7
0.6989657012107795	6.291321269501933e-7
0.7031605297168335	6.316648187793052e-7
0.7073763323654175	6.342327915861242e-7
0.7116132140272448	6.368367961454264e-7
0.7158712800973807	6.394776059667131e-7
0.7201506364978674	6.421560182162381e-7
0.7244513896803564	6.448728546880557e-7
0.728773646628758	6.476289628274783e-7
0.7331175148619017	6.504252168106494e-7
0.7374831024362114	6.532625186846925e-7
0.7418705179483922	6.561417995725865e-7
0.7462798705381343	6.590640209483282e-7
0.750711269890825	6.620301759876551e-7
0.7551648262402791	6.650412910008672e-7
0.7596406503714807	6.680984269545762e-7
0.7641388536233382	6.712026810904016e-7
0.7686595478914547	6.743551886494438e-7
0.773202845630912	6.775571247124443e-7
0.7777688598590664	6.808097061670953e-7
0.7823577041583616	6.841141938153488e-7
0.7869694926791535	6.874718946355318e-7
0.7916043401425493	6.90884164216144e-7
0.796262361843262	6.943524093808628e-7
0.8009436736524783	6.978780910273709e-7
0.8056483920207407	7.01462727206096e-7
0.8103766339808444	7.05107896469497e-7
0.8151285171507487	7.088152415275481e-7
0.8199041597365022	7.125864732514748e-7
0.8247036805351848	7.164233750751191e-7
0.8295271989378608	7.203278078525912e-7
0.8343748349325502	7.243017152417485e-7
0.8392467091072129	7.283471296960647e-7
0.844142942652749	7.324661791645239e-7
0.8490636573660127	7.36661094617481e-7
0.8540089756528428	7.409342185420802e-7
0.8589790205311072	7.452880145789774e-7
0.8639739156337627	7.497250785090589e-7
0.8689739156337625	7.542301191985998e-7
0.8739739156337623	7.58800427966761e-7
0.878973915633762	7.634379037916871e-7
0.8839739156337618	7.681445622273219e-7
0.8889739156337617	7.729225492007895e-7
0.8939739156337615	7.77774157073668e-7
0.8989739156337613	7.827018433904359e-7
0.9039739156337611	7.877082528154933e-7
0.9089739156337608	7.927962428576437e-7
0.9139739156337606	7.979689140974956e-7
0.9189739156337604	8.032296457737515e-7
0.9239739156337602	8.085821377518101e-7
0.9289739156337601	8.140304600998021e-7
0.9339739156337599	8.195791117388863e-7
0.9389739156337596	8.252330899242567e-7
0.9439739156337594	8.30997972661965e-7
0.9489739156337592	8.368800165840555e-7
0.953973915633759	8.428862733066081e-7
0.9589739156337588	8.490247278982691e-7
0.9639739156337586	8.553044638105016e-7
0.9689739156337585	8.617358594916331e-7
0.9739739156337582	8.683308229516098e-7
0.978973915633758	8.75103071802e-7
0.9839739156337578	8.820684678062211e-7
0.9889739156337576	8.89245416791598e-7
0.9939739156337574	8.966553469591817e-7
0.9989739156337571	9.043232812539866e-7
1.003973915633757	9.122785226175352e-7
1.0089739156337567	9.205554747443953e-7
1.0139739156337566	9.291946255354569e-7
1.0189739156337563	9.382437259395306e-7
1.0239739156337562	9.477592034898162e-7
1.028973915633756	9.578078578010606e-7
1.0339739156337557	9.684688948680463e-7
1.0389739156337556	9.798363685269489e-7
1.0439739156337553	9.92022111300982e-7
1.0489739156337552	1.0051592535266821e-6
1.0539739156337549	1.019406449717318e-6
1.0589739156337548	1.034952955249627e-6
1.0639739156337544	1.0520247254837687e-6
1.0689739156337543	1.0708917443295967e-6
1.0739739156337542	1.0918768312413707e-6
1.0789739156337539	1.1153662260747026e-6
1.0839739156337538	1.141822311876852e-6
1.0889739156337535	1.171798908534806e-6
1.0939739156337533	1.2059596577078577e-6
1.098973915633753	1.2451001245228368e-6
1.103973915633753	1.2901743675687215e-6
1.1089739156337528	1.3423268799078834e-6
1.1139739156337525	1.402930985009964e-6
1.1189739156337524	1.4736349885017847e-6
1.123973915633752	1.556417646254936e-6
1.128973915633752	1.6536548196637448e-6
1.1339739156337516	1.768199559465248e-6
1.1389739156337515	1.9034783011833812e-6
1.1439739156337512	2.0636063811131977e-6
1.148973915633751	2.2535267065863274e-6
1.153973915633751	2.4791761551634874e-6
1.1589739156337506	2.7476851538594634e-6
1.1639739156337505	3.0676169234439073e-6
1.1689739156337502	3.4492540886806685e-6
1.17397391563375	3.904941779746273e-6
1.1789739156337498	4.449498011545385e-6
1.1839739156337497	5.100704055820172e-6
1.1889739156337495	5.8798897451629376e-6
1.1939739156337492	6.812631195304168e-6
1.197980436725312	7.691316878946766e-6
1.2019869578168745	8.70670047835082e-6
1.2059934789084372	9.880180075528525e-6
1.21	1.123646940833607e-5
