0.0006999999999999628	8.698949247082359e-8
0.001403500000000035	8.704595004695014e-8
0.0021105174999999296	8.710274606160779e-8
0.0028210700874998964	8.715988377525587e-8
0.003535175437937438	8.721736556817352e-8
0.004252851315127062	8.72751938308268e-8
0.004974115571702636	8.733337097365807e-8
0.005698986149561044	8.73918994274272e-8
0.006427481080308875	8.74507816434144e-8
0.007159618485710418	8.751002009363814e-8
0.007895416578138905	8.756961727106903e-8
0.008634893661029494	8.762957568984669e-8
0.00937806812933463	8.768989788550538e-8
0.010124958469981361	8.775058641519244e-8
0.010875583262331262	8.781164385789718e-8
0.01162996117864295	8.787307281468012e-8
0.012388110984536127	8.793487590890592e-8
0.013150051539458866	8.7997055786476e-8
0.013915801797156208	8.805961511607212e-8
0.014685380806142003	8.81225565893905e-8
0.015458807710172712	8.818588292138997e-8
0.01623610174872358	8.824959685054243e-8
0.017017282257467212	8.83137011390766e-8
0.017802368668754516	8.837819857323777e-8
0.01859138051209827	8.844309196354026e-8
0.019384337414658823	8.850838414503245e-8
0.020181259101732015	8.857407797755675e-8
0.020982165397240727	8.864017634601781e-8
0.02178707622422691	8.870668216065541e-8
0.02259601160534814	8.877359835731302e-8
0.02340899166337483	8.884092789772315e-8
0.024226036621691812	8.890867376978088e-8
0.02504716680480027	8.897683898783547e-8
0.025872402638824326	8.904542659297588e-8
0.02670176465201842	8.911443965332184e-8
0.02753527347527842	8.918388126432268e-8
0.028372949842654864	8.925375454905788e-8
0.0292148145918682	8.932406265853994e-8
0.03006088866482743	8.939480877202259e-8
0.03091119310815165	8.946599609731278e-8
0.0317657490736924	8.95376278710915e-8
0.03262457781906081	8.960970735922735e-8
0.03348770070815601	8.968223785710743e-8
0.034355139211696875	8.975522268996277e-8
0.035226914907755424	8.982866521320857e-8
0.03610304948229413	8.990256881277082e-8
0.03698356472970569	8.997693690544268e-8
0.03786848255335419	9.005177293922066e-8
0.038757824966120964	9.012708039366582e-8
0.03965161409095162	9.020286278025547e-8
0.04054987216140643	9.027912364274294e-8
0.04145262152221345	9.035586655753286e-8
0.04235988462982453	9.043309513404278e-8
0.04327168405297366	9.051081301508818e-8
0.0441880424732386	9.058902387726073e-8
0.04510898268560485	9.066773143131458e-8
0.046034527599032954	9.074693942256151e-8
0.04696470023702812	9.082665163126881e-8
0.04789952373821329	9.090687187306165e-8
0.048839021356904266	9.098760399933042e-8
0.04978321646368884	9.106885189765194e-8
0.05073213254600732	9.115061949220289e-8
0.05168579320873729	9.1232910744191e-8
0.052644222174780875	9.131572965228597e-8
0.05360744328565471	9.139908025305689e-8
0.054575480502083065	9.148296662141943e-8
0.055548357904593434	9.156739287108798e-8
0.056526099694116344	9.16523631550272e-8
0.0575087301925869	9.173788166592056e-8
0.05849627384354973	9.182395263664009e-8
0.05948875521276744	9.191058034072731e-8
0.06048619898883127	9.19977690928664e-8
0.061488629983775384	9.208552324938687e-8
0.06249607313369419	9.21738472087549e-8
0.06350855349936275	9.226274541208358e-8
0.06452609626685958	9.235222234363739e-8
0.06554872674819387	9.244228253135938e-8
0.06657647038193484	9.253293054739655e-8
0.06760935273384447	9.262417100863413e-8
0.06864739949751365	9.271600857723643e-8
0.0696906364950013	9.280844796120187e-8
0.07073908967747639	9.290149391492065e-8
0.07179278512586384	9.299515123973555e-8
0.07285174905149322	9.308942478452968e-8
0.0739160077967507	9.318431944629753e-8
0.07498558783573436	9.327984017074403e-8
0.07606051577491299	9.337599195288602e-8
0.07714081835378758	9.347277983765902e-8
0.07822652244555647	9.357020892053795e-8
0.07931765505778425	9.366828434816952e-8
0.0804142433330731	9.376701131899966e-8
0.08151631454973848	9.386639508393418e-8
0.08262389612248718	9.396644094698534e-8
0.0837370156030995	9.406715426594194e-8
0.0848557006811149	9.416854045305016e-8
0.0859799791845205	9.427060497569464e-8
0.08710987908044313	9.437335335710219e-8
0.08824542847584534	9.447679117704462e-8
0.08938665561822454	9.458092407256116e-8
0.09053358889631567	9.468575773868817e-8
0.09168625684079722	9.479129792920084e-8
0.09284468812500112	9.489755045736243e-8
0.09400891156562617	9.500452119669579e-8
0.0951789561234543	9.511221608174997e-8
0.09635485090407148	9.522064110889758e-8
0.09753662515859184	9.532980233712706e-8
0.0987243082843847	9.543970588886458e-8
0.09991792982580656	9.555035795078844e-8
0.10111751947493569	9.566176477467605e-8
0.10232310707231031	9.577393267825411e-8
0.1035347226076718	9.588686804606045e-8
0.10475239622071016	9.600057733032468e-8
0.10597615820181366	9.611506705186045e-8
0.10720603899282274	9.623034380097161e-8
0.10844206918778684	9.634641423837469e-8
0.10968427953372567	9.646328509613347e-8
0.1109327009313943	9.658096317860936e-8
0.11218736443605135	9.66994553634264e-8
0.11344830125823162	9.681876860245584e-8
0.11471554276452282	9.693890992281047e-8
0.11598912047834534	9.705988642785966e-8
0.11726906608073695	9.71817052982571e-8
0.11855541141114062	9.730437379298852e-8
0.11984818846819621	9.74278992504366e-8
0.12114742941053713	9.755228908945789e-8
0.12245316655758978	9.767755081048553e-8
0.1237654323903777	9.780369199664419e-8
0.12508425955232963	9.793072031488203e-8
0.12640968085009122	9.805864351712949e-8
0.1277417292543416	9.818746944146836e-8
0.1290804379006133	9.831720601332555e-8
0.13042584009011637	9.844786124668573e-8
0.1317779692905669	9.857944324531962e-8
0.13313685913701961	9.871196020404294e-8
0.13450254343270476	9.884542040998336e-8
0.13587505614986833	9.89798322438845e-8
0.13725443143061763	9.911520418141342e-8
0.13864070358777073	9.925154479450611e-8
0.14003390710570945	9.938886275273001e-8
0.14143407664123803	9.952716682466612e-8
0.1428412470244442	9.966646587931906e-8
0.1442554532595664	9.980676888755087e-8
0.14567673052586416	9.994808492353789e-8
0.1471051141784935	1.0009042316625601e-7
0.14854063974938603	1.0023379290098554e-7
0.149983342948133	1.0037820352084494e-7
0.15143325966287374	1.0052366452835875e-7
0.15289042596118813	1.0067018553703704e-7
0.15435487809099402	1.0081777627299735e-7
0.15582665248144906	1.0096644657660735e-7
0.1573057857438562	1.0111620640415691e-7
0.15879231467257537	1.0126706582956258e-7
0.16028627624593816	1.0141903504609859e-7
0.16178770762716785	1.0157212436816171e-7
0.16329664616530362	1.0172634423306475e-7
0.16481312939613008	1.0188170520286508e-7
0.1663371950431107	1.0203821796621924e-7
0.16786888101832628	1.0219589334028485e-7
0.1694082254234178	1.0235474227263798e-7
0.1709552665505349	1.0251477584323809e-7
0.17251004288328747	1.0267600526642805e-7
0.17407259309770393	1.028384418929622e-7
0.17564295606319252	1.030020972120797e-7
0.17722117084350858	1.031669828536143e-7
0.17880727669772617	1.0333311059013538e-7
0.18040131308121476	1.0350049233913941e-7
0.18200331964662084	1.036691401652731e-7
0.18361333624485401	1.0383906628260359e-7
0.18523140292607826	1.0401028305692539e-7
0.18685755994070874	1.0418280300811291e-7
0.1884918477404122	1.043566388125214e-7
0.19013430697911424	1.0453180330542149e-7
0.1917849785140098	1.047083094834908e-7
0.19344390340657974	1.0488617050734764e-7
0.19511112292361268	1.0506539970412835e-7
0.1967866785382308	1.0524601057012727e-7
0.19847061193092203	1.0542801677346613e-7
0.20016296499057665	1.0561143215683549e-7
0.20186377981552947	1.0579627074027215e-7
0.2035730987146071	1.0598254672400218e-7
0.20529096420818022	1.0617027449132689e-7
0.20701741902922113	1.0635946861158e-7
0.20875250612436722	1.0655014384312367e-7
0.210496268654989	1.0674231513641755e-7
0.21224874999826396	1.0693599763714233e-7
0.21400999374825516	1.0713120668938029e-7
0.21578004371699644	1.0732795783886716e-7
0.21755894393558148	1.0752626683630189e-7
0.2193467386552594	1.0772614964072379e-7
0.22114347234853576	1.0792762242295448e-7
0.22294918971027836	1.0813070156911115e-7
0.2247639356588297	1.0833540368418793e-7
0.2265877553371239	1.0854174559571616e-7
0.2284206941138094	1.0874974435748099e-7
0.23026279758437848	1.0895941725333445e-7
0.23211411157230027	1.0917078180107259e-7
0.23397468213016168	1.0938385575638742e-7
0.23584455554081238	1.0959865711691654e-7
0.23772377831851643	1.0981520412636078e-7
0.23961239721010893	1.1003351527868733e-7
0.24151045919615952	1.1025360932242978e-7
0.24341801149214037	1.1047550526506585e-7
0.24533510154960114	1.106992223774898e-7
0.24726177705734917	1.1092478019858172e-7
0.24919808594263598	1.1115219853986694e-7
0.2511440763723492	1.1138149749027621e-7
0.2530997967542111	1.1161269742100327e-7
0.25506529573798215	1.1184581899046907e-7
0.2570406222166721	1.1208088314938697e-7
0.25902582532775553	1.1231791114593995e-7
0.2610209544543945	1.1255692453106166e-7
0.2630260592266663	1.1279794516384117e-7
0.2650411895227997	1.1304099521703028e-7
0.26706639547041383	1.1328609718268576e-7
0.2691017274477658	1.1353327387791537e-7
0.2711472360850044	1.1378254845076741e-7
0.27320297226542956	1.1403394438623422e-7
0.2752689871267568	1.1428748551239396e-7
0.2773453320623904	1.1454319600668818e-7
0.27943205872270227	1.1480110040233467e-7
0.2815292190163157	1.1506122359488495e-7
0.28363686511139713	1.1532359084892256e-7
0.2857550494369543	1.1558822780492092e-7
0.287883824684139	1.1585516048624216e-7
0.2900232438075598	1.1612441530630577e-7
0.29217336002659744	1.1639601907590673e-7
0.2943342268267306	1.1666999901071172e-7
0.2965058979608642	1.169463827389196e-7
0.2986884274506685	1.1722519830908994e-7
0.3008818695879217	1.175064741981703e-7
0.3030862789358613	1.1779023931968436e-7
0.3053017103305407	1.1807652303213371e-7
0.30752821888219345	1.1836535514757206e-7
0.3097658599766045	1.1865676594039599e-7
0.31201468927648746	1.1895078615633025e-7
0.3142747627228697	1.192474470216356e-7
0.31654613653648417	1.1954678025251995e-7
0.31882886721916665	1.198488180647829e-7
0.32112301155526257	1.201535931836883e-7
0.3234286266130387	1.204611388540645e-7
0.325745769746104	1.2077148885065797e-7
0.3280744985948343	1.2108467748872826e-7
0.33041487108780826	1.2140073963490408e-7
0.3327669454432473	1.2171971071829695e-7
0.3351307801704635	1.2204162674189138e-7
0.3375064340713156	1.2236652429421406e-7
0.33989396624167195	1.2269444056128348e-7
0.3422934360728803	1.2302541333886159e-7
0.3447049032532445	1.2335948104500658e-7
0.34712842776951053	1.2369668273293394e-7
0.3495640699083581	1.2403705810421495e-7
0.3520118902578999	1.2438064752227908e-7
0.35447194970918944	1.2472749202628665e-7
0.35694430945773536	1.2507763334533382e-7
0.35942903100502394	1.2543111391302544e-7
0.36192617616004885	1.2578797688242154e-7
0.36443580704084905	1.2614826614136465e-7
0.3669579860760533	1.2651202632820386e-7
0.3694927760064337	1.2687930284793024e-7
0.3720402398864656	1.2725014188872202e-7
0.37460044108589774	1.2762459043893854e-7
0.37717344329132724	1.2800269630454185e-7
0.37975931050778367	1.2838450812698997e-7
0.38235810706032236	1.287700754016071e-7
0.3849698975956241	1.29159448496433e-7
0.38759474708360203	1.295526786715809e-7
0.39023272081902005	1.2994981809912178e-7
0.39288388442311495	1.3035091988349766e-7
0.3955483038452304	1.307560380824936e-7
0.39822604536445655	1.3116522772877868e-7
0.40091717559127893	1.3157854485204426e-7
0.4036217614692354	1.319960465017369e-7
0.4063398702765814	1.3241779077044028e-7
0.40907156962796437	1.3284383681789264e-7
0.4118169274761041	1.3327424489568077e-7
0.41457601211348477	1.3370907637262576e-7
0.41734889217405197	1.3414839376088553e-7
0.42013563663492237	1.345922607428039e-7
0.4229363148180968	1.3504074219850947e-7
0.4257509963921872	1.3549390423432937e-7
0.4285797513741481	1.359518142119904e-7
0.431422650131019	1.3641454077869805e-7
0.4342797633816742	1.368821538980629e-7
0.4371511621985827	1.3735472488195218e-7
0.4400369180095757	1.3783232642326012e-7
0.4429371025996235	1.383150326296683e-7
0.44585178811262155	1.3880291905838037e-7
0.44878104705318456	1.3929606275192197e-7
0.4517249522884503	1.39794542275002e-7
0.4546835770498925	1.4029843775247998e-7
0.4576569949351417	1.4080783090850482e-7
0.4606452799098173	1.413228051068297e-7
0.46364850630936627	1.418434453923744e-7
0.46666674884091325	1.423698385340668e-7
0.46970008258511775	1.4290207306901348e-7
0.4727485829980431	1.4344023934804484e-7
0.47581232591303324	1.4398442958269373e-7
0.47889138754259847	1.4453473789366334e-7
0.4819858444803113	1.4509126036081232e-7
0.48509577370271284	1.4565409507475194e-7
0.48822125257122634	1.4622334219009375e-7
0.4913623588340824	1.4679910398042086e-7
0.49451917062825274	1.473814848950339e-7
0.49769176648139396	1.479705916175544e-7
0.5008802253138008	1.4856653312646957e-7
0.50408462644037	1.4916942075764722e-7
0.5073050495725719	1.497793682689497e-7
0.5105415748204347	1.5039649190701506e-7
0.513794282694537	1.5102091047626267e-7
0.5170632541080095	1.5165274541025958e-7
0.5203485703785496	1.522921208454963e-7
0.5236503132304423	1.529391636977079e-7
0.5269685647965943	1.5359400374082857e-7
0.530303407620577	1.5425677368866614e-7
0.5336549246586798	1.5492760927945238e-7
0.5370231992819733	1.5560664936336458e-7
0.5404083152783831	1.5629403599311832e-7
0.5438103568547752	1.569899145178247e-7
0.5472294086390488	1.576944336801805e-7
0.5506655556822441	1.5840774571718475e-7
0.5541188834606553	1.5913000646450037e-7
0.5575894778779587	1.598613754646428e-7
0.5610774252673482	1.606020160791466e-7
0.5645828123936848	1.6135209560489243e-7
0.5681057264556529	1.621117853947643e-7
0.5716462550879313	1.6288126098286511e-7
0.575204486363371	1.6366070221444365e-7
0.5787805087951877	1.6445029338078967e-7
0.5823744113391636	1.6525022335930708e-7
0.5859862833958592	1.6606068575898474e-7
0.5896162148128385	1.6688187907155997e-7
0.5932642958869029	1.677140068285753e-7
0.5969306173663373	1.6855727776467608e-7
0.6006152704531689	1.6941190598738465e-7
0.6043183468054348	1.7027811115368544e-7
0.6080399385394619	1.7115611865376317e-7
0.6117801382321592	1.720461598021891e-7
0.6155390389233196	1.729484720369931e-7
0.6193167341179363	1.738632991269357e-7
0.623113317788526	1.7479089138743567e-7
0.6269288843774687	1.7573150590556825e-7
0.6307635287993559	1.7668540677457964e-7
0.6346173464433525	1.7765286533845255e-7
0.6384904331755692	1.7863416044695327e-7
0.642382885341447	1.796295787217984e-7
0.6462947997681542	1.806394148344457e-7
0.6502262737669948	1.8166397179618006e-7
0.6541774051358298	1.8270356126109996e-7
0.6581482921615086	1.837585038427534e-7
0.6621390336223161	1.8482912944511381e-7
0.6661497287904276	1.859157776087238e-7
0.6701804774343794	1.8701879787283386e-7
0.6742313798215511	1.881385501544277e-7
0.678302536720659	1.8927540514511055e-7
0.6823940494042624	1.9042974472688438e-7
0.6865060196512838	1.9160196240789795e-7
0.6906385497495403	1.9279246377936392e-7
0.694791742498288	1.9400166699491e-7
0.6989657012107795	1.952300032737046e-7
0.7031605297168335	1.9647791742883776e-7
0.7073763323654175	1.9774586842253225e-7
0.7116132140272448	1.9903432994987075e-7
0.7158712800973807	2.003437910528918e-7
0.7201506364978674	2.016747567670429e-7
0.7244513896803564	2.030277488021309e-7
0.728773646628758	2.0440330626017004e-7
0.7331175148619017	2.058019863926039e-7
0.7374831024362114	2.0722436539978783e-7
0.7418705179483922	2.0867103927572946e-7
0.7462798705381343	2.1014262470146665e-7
0.750711269890825	2.116397599908053e-7
0.7551648262402791	2.1316310609248075e-7
0.7596406503714807	2.147133476532922e-7
0.7641388536233382	2.1629119414725496e-7
0.7686595478914547	2.178973810763946e-7
0.773202845630912	2.195326712495017e-7
0.7777688598590664	2.2119785614593266e-7
0.7823577041583616	2.2289375737250148e-7
0.7869694926791535	2.246212282225415e-7
0.7916043401425493	2.2638115534752348e-7
0.796262361843262	2.281744605531108e-7
0.8009436736524783	2.300021027332766e-7
0.8056483920207407	2.318650799583161e-7
0.8103766339808444	2.337644317349823e-7
0.8151285171507487	2.3570124146018522e-7
0.8199041597365022	2.3767663909317276e-7
0.8247036805351848	2.3969180407565887e-7
0.8295271989378608	2.417479685346008e-7
0.8343748349325502	2.438464208089234e-7
0.8392467091072129	2.4598850934922855e-7
0.844142942652749	2.4817564704933435e-7
0.8490636573660127	2.504093160801428e-7
0.8540089756528428	2.5269107331089084e-7
0.8589790205311072	2.550225564206146e-7
0.8639739156337627	2.574054908245798e-7
0.8689739156337625	2.598319712798195e-7
0.8739739156337623	2.62300803522234e-7
0.878973915633762	2.648132753082624e-7
0.8839739156337618	2.6737074876239403e-7
0.8889739156337617	2.6997466869554377e-7
0.8939739156337615	2.726265722959941e-7
0.8989739156337613	2.75328100456247e-7
0.9039739156337611	2.7808101105092423e-7
0.9089739156337608	2.808871945444533e-7
0.9139739156337606	2.837486923835275e-7
0.9189739156337604	2.8666771872159837e-7
0.9239739156337602	2.896466861335364e-7
0.9289739156337601	2.9268823611239314e-7
0.9339739156337599	2.957952753014731e-7
0.9389739156337596	2.989710186092051e-7
0.9439739156337594	3.0221904058884013e-7
0.9489739156337592	3.0554333674750795e-7
0.953973915633759	3.089483967901083e-7
0.9589739156337588	3.124392922145675e-7
0.9639739156337586	3.160217811709326e-7
0.9689739156337585	3.1970243409490536e-7
0.9739739156337582	3.2348878434803036e-7
0.978973915633758	3.2738950896739335e-7
0.9839739156337578	3.3141464567784075e-7
0.9889739156337576	3.3557585358709837e-7
0.9939739156337574	3.3988672651298257e-7
0.9989739156337571	3.443631697366098e-7
1.003973915633757	3.4902385320131505e-7
1.0089739156337567	3.53890756862312e-7
1.0139739156337566	3.589898271322266e-7
1.0189739156337563	3.6435176727648686e-7
1.0239739156337562	3.7001298932849717e-7
1.028973915633756	3.7601676078322574e-7
1.0339739156337557	3.8241458618998987e-7
1.0389739156337556	3.8926787204170944e-7
1.0439739156337553	3.966499333389309e-7
1.0489739156337552	4.046484122422212e-7
1.0539739156337549	4.133681937357806e-7
1.0589739156337548	4.229349207138628e-7
1.0639739156337544	4.334992319762571e-7
1.0689739156337543	4.4524187200771377e-7
1.0739739156337542	4.583798519924549e-7
1.0789739156337539	4.731738783240048e-7
1.0839739156337538	4.89937309164109e-7
1.0889739156337535	5.090469528768899e-7
1.0939739156337533	5.309560861976588e-7
1.098973915633753	5.562101469111581e-7
1.103973915633753	5.854656481295205e-7
1.1089739156337528	6.195129719576432e-7
1.1139739156337525	6.593038329315322e-7
1.1189739156337524	7.059843602508894e-7
1.123973915633752	7.609349373411424e-7
1.128973915633752	8.258181633073663e-7
1.1339739156337516	9.026365698962086e-7
1.1389739156337515	9.93802047133886e-7
1.1439739156337512	1.1022193093398528e-6
1.148973915633751	1.2313861802431226e-6
1.153973915633751	1.3855140019488524e-6
1.1589739156337506	1.569672088874959e-6
1.1639739156337505	1.7899608664299013e-6
1.1689739156337502	2.0537191671799404e-6
1.17397391563375	2.3697721159718466e-6
1.1789739156337498	2.748727129615212e-6
1.1839739156337497	3.203326792642821e-6
1.1889739156337495	3.7488687491459428e-6
1.1939739156337492	4.403704263944813e-6
1.197980436725312	5.021983227386757e-6
1.2019869578168745	5.737773799547714e-6
1.2059934789084372	6.56641852720376e-6
1.21	7.525619517120228e-6
