0.0006999999999999628	2.1307610003923787e-8
0.001403500000000035	2.1328178784059205e-8
0.0021105174999999296	2.1348880634374195e-8
0.0028210700874998964	2.1369715860754273e-8
0.003535175437937438	2.1390685476261836e-8
0.004252851315127062	2.1411790513326215e-8
0.004974115571702636	2.1433032014294946e-8
0.005698986149561044	2.1454411031415833e-8
0.006427481080308875	2.147592862694952e-8
0.007159618485710418	2.1497585873286507e-8
0.007895416578138905	2.151938385306512e-8
0.008634893661029494	2.1541323659291702e-8
0.00937806812933463	2.1563406395462434e-8
0.010124958469981361	2.1585633175686198e-8
0.010875583262331262	2.160800512480982e-8
0.01162996117864295	2.163052337854466e-8
0.012388110984536127	2.165318908359586e-8
0.013150051539458866	2.1676003397791765e-8
0.013915801797156208	2.1698967490216818e-8
0.014685380806142003	2.1722082541345024e-8
0.015458807710172712	2.174534974317665e-8
0.01623610174872358	2.1768770299375604e-8
0.017017282257467212	2.1792345425409098e-8
0.017802368668754516	2.1816076348690214e-8
0.01859138051209827	2.183996430872087e-8
0.019384337414658823	2.1864010557238607e-8
0.020181259101732015	2.1888216358363894e-8
0.020982165397240727	2.1912582988750372e-8
0.02178707622422691	2.193711173773745e-8
0.02259601160534814	2.1961803907504623e-8
0.02340899166337483	2.1986660813227923e-8
0.024226036621691812	2.2011683783239492e-8
0.02504716680480027	2.2036874159187978e-8
0.025872402638824326	2.206223329620326e-8
0.02670176465201842	2.2087762563061396e-8
0.02753527347527842	2.211346334235349e-8
0.028372949842654864	2.2139337030656983e-8
0.0292148145918682	2.2165385038708235e-8
0.03006088866482743	2.2191608791579383e-8
0.03091119310815165	2.221800972885611e-8
0.0317657490736924	2.224458930481931e-8
0.03262457781906081	2.2271348988628437e-8
0.03348770070815601	2.2298290264508863e-8
0.034355139211696875	2.2325414631940474e-8
0.035226914907755424	2.2352723605850416e-8
0.03610304948229413	2.2380218716807716e-8
0.03698356472970569	2.240790151122125e-8
0.03786848255335419	2.24357735515411e-8
0.038757824966120964	2.2463836416462303e-8
0.03965161409095162	2.2492091701131542e-8
0.04054987216140643	2.2520541017357832e-8
0.04145262152221345	2.2549185993825377e-8
0.04235988462982453	2.257802827631036e-8
0.04327168405297366	2.2607069527900788e-8
0.0441880424732386	2.2636311429219796e-8
0.04510898268560485	2.2665755678651864e-8
0.046034527599032954	2.2695403992573383e-8
0.04696470023702812	2.272525810558595e-8
0.04789952373821329	2.2755319770753587e-8
0.048839021356904266	2.2785590759843824e-8
0.04978321646368884	2.2816072863572e-8
0.05073213254600732	2.2846767891849475e-8
0.05168579320873729	2.2877677674036597e-8
0.052644222174780875	2.2908804059197697e-8
0.05360744328565471	2.2940148916362332e-8
0.054575480502083065	2.297171413478858e-8
0.055548357904593434	2.3003501624231924e-8
0.056526099694116344	2.303551331521766e-8
0.0575087301925869	2.306775115931739e-8
0.05849627384354973	2.3100217129430715e-8
0.05948875521276744	2.3132913220070613e-8
0.06048619898883127	2.316584144765329e-8
0.061488629983775384	2.3199003850793587e-8
0.06249607313369419	2.3232402490604105e-8
0.06350855349936275	2.3266039450998872e-8
0.06452609626685958	2.3299916839003545e-8
0.06554872674819387	2.3334036785068888e-8
0.06657647038193484	2.3368401443389405e-8
0.06760935273384447	2.340301299222854e-8
0.06864739949751365	2.3437873634247432e-8
0.0696906364950013	2.347298559683977e-8
0.07073908967747639	2.3508351132472615e-8
0.07179278512586384	2.3543972519031436e-8
0.07285174905149322	2.357985206017163e-8
0.0739160077967507	2.3615992085676564e-8
0.07498558783573436	2.3652394951818922e-8
0.07606051577491299	2.3689063041731396e-8
0.07714081835378758	2.372599876578043e-8
0.07822652244555647	2.3763204561948168e-8
0.07931765505778425	2.3800682896219552e-8
0.0804142433330731	2.3838436262976636e-8
0.08151631454973848	2.3876467185398685e-8
0.08262389612248718	2.391477821586954e-8
0.0837370156030995	2.3953371936391643e-8
0.0848557006811149	2.399225095900692e-8
0.0859799791845205	2.4031417926224637e-8
0.08710987908044313	2.407087551145661e-8
0.08824542847584534	2.4110626419459748e-8
0.08938665561822454	2.415067338678601e-8
0.09053358889631567	2.4191019182239814e-8
0.09168625684079722	2.4231666607343826e-8
0.09284468812500112	2.4272618496812272e-8
0.09400891156562617	2.4313877719031763e-8
0.0951789561234543	2.4355447176551447e-8
0.09635485090407148	2.4397329806581088e-8
0.09753662515859184	2.4439528581497466e-8
0.0987243082843847	2.4482046509359863e-8
0.09991792982580656	2.4524886634434192e-8
0.10111751947493569	2.456805203772681e-8
0.10232310707231031	2.4611545837526256e-8
0.1035347226076718	2.4655371189956764e-8
0.10475239622071016	2.4699531289538135e-8
0.10597615820181366	2.4744029369759444e-8
0.10720603899282274	2.478886870365886e-8
0.10844206918778684	2.483405260441677e-8
0.10968427953372567	2.4879584425957134e-8
0.1109327009313943	2.4925467563561258e-8
0.11218736443605135	2.4971705454491164e-8
0.11344830125823162	2.5018301578624888e-8
0.11471554276452282	2.5065259459102548e-8
0.11598912047834534	2.5112582662984365e-8
0.11726906608073695	2.516027480191983e-8
0.11855541141114062	2.520833953283017e-8
0.11984818846819621	2.5256780558601733e-8
0.12114742941053713	2.5305601628792827e-8
0.12245316655758978	2.5354806540352485e-8
0.1237654323903777	2.540439913835399e-8
0.12508425955232963	2.5454383316739527e-8
0.12640968085009122	2.5504763019079708e-8
0.1277417292543416	2.555554223934746e-8
0.1290804379006133	2.5606725022705202e-8
0.13042584009011637	2.5658315466306244e-8
0.1317779692905669	2.5710317720112268e-8
0.13313685913701961	2.576273598772503e-8
0.13450254343270476	2.581557452723391e-8
0.13587505614986833	2.5868837652078474e-8
0.13725443143061763	2.592252973192817e-8
0.13864070358777073	2.5976655193577976e-8
0.14003390710570945	2.6031218521860513e-8
0.14143407664123803	2.6086224260576436e-8
0.1428412470244442	2.6141677013440963e-8
0.1442554532595664	2.6197581445048994e-8
0.14567673052586416	2.625394228185922e-8
0.1471051141784935	2.6310764313195793e-8
0.14854063974938603	2.6368052392269728e-8
0.149983342948133	2.642581143721917e-8
0.15143325966287374	2.64840464321712e-8
0.15289042596118813	2.6542762428322474e-8
0.15435487809099402	2.660196454504073e-8
0.15582665248144906	2.6661657970989295e-8
0.1573057857438562	2.6721847965271673e-8
0.15879231467257537	2.6782539858598614e-8
0.16028627624593816	2.6843739054478792e-8
0.16178770762716785	2.690545103043232e-8
0.16329664616530362	2.6967681339227915e-8
0.16481312939613008	2.703043561014455e-8
0.1663371950431107	2.7093719550258064e-8
0.16786888101832628	2.7157538945753372e-8
0.1694082254234178	2.7221899663262133e-8
0.1709552665505349	2.7286807651227497e-8
0.17251004288328747	2.7352268941297006e-8
0.17407259309770393	2.741828964974013e-8
0.17564295606319252	2.7484875978899414e-8
0.17722117084350858	2.7552034218665805e-8
0.17880727669772617	2.761977074798666e-8
0.18040131308121476	2.7688092036403834e-8
0.18200331964662084	2.7757004645622577e-8
0.18361333624485401	2.78265152311121e-8
0.18523140292607826	2.789663054373988e-8
0.18685755994070874	2.7967357431438643e-8
0.1884918477404122	2.803870284090802e-8
0.19013430697911424	2.811067381935062e-8
0.1917849785140098	2.8183277516245257e-8
0.19344390340657974	2.8256521185155386e-8
0.19511112292361268	2.8330412185576354e-8
0.1967866785382308	2.8404957984820748e-8
0.19847061193092203	2.8480166159943105e-8
0.20016296499057665	2.855604439970524e-8
0.20186377981552947	2.8632600506582454e-8
0.2035730987146071	2.8709842398813075e-8
0.20529096420818022	2.8787778112490606e-8
0.20701741902922113	2.886641580370003e-8
0.20875250612436722	2.894576375070034e-8
0.210496268654989	2.9025830356154468e-8
0.21224874999826396	2.9106624149404545e-8
0.21400999374825516	2.9188153788798094e-8
0.21578004371699644	2.9270428064064782e-8
0.21755894393558148	2.9353455898742364e-8
0.2193467386552594	2.9437246352657893e-8
0.22114347234853576	2.9521808624460128e-8
0.22294918971027836	2.9607152054210973e-8
0.2247639356588297	2.9693286126029515e-8
0.2265877553371239	2.9780220470797565e-8
0.2284206941138094	2.9867964868922696e-8
0.23026279758437848	2.995652925316352e-8
0.23211411157230027	3.0045923711517346e-8
0.23397468213016168	3.013615849017212e-8
0.23584455554081238	3.0227243996524017e-8
0.23772377831851643	3.031919080226323e-8
0.23961239721010893	3.041200964652846e-8
0.24151045919615952	3.050571143913275e-8
0.24341801149214037	3.060030726386283e-8
0.24533510154960114	3.069580838185203e-8
0.24726177705734917	3.079222623503178e-8
0.24919808594263598	3.088957244966012e-8
0.2511440763723492	3.098785883993224e-8
0.2530997967542111	3.108709741167386e-8
0.25506529573798215	3.1187300366119175e-8
0.2570406222166721	3.128848010377716e-8
0.25902582532775553	3.139064922838678e-8
0.2610209544543945	3.1493820550964955e-8
0.2630260592266663	3.15980070939483e-8
0.2650411895227997	3.170322209543389e-8
0.26706639547041383	3.180947901351678e-8
0.2691017274477658	3.191679153073337e-8
0.2711472360850044	3.202517355860671e-8
0.27320297226542956	3.21346392423026e-8
0.2752689871267568	3.2245202965394506e-8
0.2773453320623904	3.2356879354745056e-8
0.27943205872270227	3.2469683285501687e-8
0.2815292190163157	3.258362988621494e-8
0.28363686511139713	3.269873454407968e-8
0.2857550494369543	3.281501291030374e-8
0.287883824684139	3.293248090560628e-8
0.2900232438075598	3.3051154725852356e-8
0.29217336002659744	3.317105084782363e-8
0.2943342268267306	3.329218603513275e-8
0.2965058979608642	3.341457734428155e-8
0.2986884274506685	3.3538242130872384e-8
0.3008818695879217	3.36631980559704e-8
0.3030862789358613	3.378946309262804e-8
0.3053017103305407	3.3917055532569464e-8
0.30752821888219345	3.4045993993045897e-8
0.3097658599766045	3.417629742386172e-8
0.31201468927648746	3.430798511458005e-8
0.3142747627228697	3.4441076701909107e-8
0.31654613653648417	3.457559217727957e-8
0.31882886721916665	3.4711551894613963e-8
0.32112301155526257	3.4848976578295786e-8
0.3234286266130387	3.498788733134434e-8
0.325745769746104	3.512830564380111e-8
0.3280744985948343	3.527025340133274e-8
0.33041487108780826	3.54137528940606e-8
0.3327669454432473	3.5558826825618034e-8
0.3351307801704635	3.570549832244777e-8
0.3375064340713156	3.585379094334348e-8
0.33989396624167195	3.600372868924441e-8
0.3422934360728803	3.615533601328794e-8
0.3447049032532445	3.630863783113249e-8
0.34712842776951053	3.646365953155512e-8
0.3495640699083581	3.6620426987334396e-8
0.3520118902578999	3.677896656642568e-8
0.35447194970918944	3.693930514343958e-8
0.35694430945773536	3.710147011143244e-8
0.35942903100502394	3.7265489394017185e-8
0.36192617616004885	3.743139145780641e-8
0.36443580704084905	3.7599205325197787e-8
0.3669579860760533	3.776896058751083e-8
0.3694927760064337	3.7940687418489715e-8
0.3720402398864656	3.8114416588178104e-8
0.37460044108589774	3.829017947718632e-8
0.37717344329132724	3.8468008091353046e-8
0.37975931050778367	3.864793507682332e-8
0.38235810706032236	3.882999373555105e-8
0.3849698975956241	3.9014218041241695e-8
0.38759474708360203	3.920064265574847e-8
0.39023272081902005	3.938930294593939e-8
0.39288388442311495	3.9580235001045e-8
0.3955483038452304	3.9773475650511156e-8
0.39822604536445655	3.9969062482364245e-8
0.40091717559127893	4.0167033862113196e-8
0.4036217614692354	4.036742895220309e-8
0.4063398702765814	4.057028773203765e-8
0.40907156962796437	4.0775651018592676e-8
0.4118169274761041	4.098356048763893e-8
0.41457601211348477	4.11940586955944e-8
0.41734889217405197	4.140718910202947e-8
0.42013563663492237	4.162299609284484e-8
0.4229363148180968	4.184152500414743e-8
0.4257509963921872	4.206282214684837e-8
0.4285797513741481	4.228693483200522e-8
0.431422650131019	4.251391139693901e-8
0.4342797633816742	4.274380123214906e-8
0.4371511621985827	4.297665480905717e-8
0.4400369180095757	4.321252370860611e-8
0.4429371025996235	4.345146065074898e-8
0.44585178811262155	4.3693519524853956e-8
0.44878104705318456	4.3938755421063915e-8
0.4517249522884503	4.418722466264154e-8
0.4546835770498925	4.4438984839334986e-8
0.4576569949351417	4.469409484180517e-8
0.4606452799098173	4.495261489715002e-8
0.46364850630936627	4.521460660556541e-8
0.46666674884091325	4.548013297819071e-8
0.46970008258511775	4.574925847617261e-8
0.4727485829980431	4.602204905100477e-8
0.47581232591303324	4.629857218618007e-8
0.47889138754259847	4.657889694021351e-8
0.4819858444803113	4.686309399108035e-8
0.48509577370271284	4.715123568213258e-8
0.48822125257122634	4.744339606953792e-8
0.4913623588340824	4.773965097131166e-8
0.49451917062825274	4.804007801799717e-8
0.49769176648139396	4.834475670505925e-8
0.5008802253138008	4.8653768447057795e-8
0.50408462644037	4.896719663367483e-8
0.5073050495725719	4.9285126687661714e-8
0.5105415748204347	4.960764612478978e-8
0.513794282694537	4.993484461588103e-8
0.5170632541080095	5.026681405100125e-8
0.5203485703785496	5.060364860590635e-8
0.5236503132304423	5.0945444810831977e-8
0.5269685647965943	5.129230162172216e-8
0.530303407620577	5.164432049399822e-8
0.5336549246586798	5.2001605458970826e-8
0.5370231992819733	5.2364263203010735e-8
0.5404083152783831	5.2732403149587585e-8
0.5438103568547752	5.310613754430243e-8
0.5472294086390488	5.348558154303907e-8
0.5506655556822441	5.387085330336877e-8
0.5541188834606553	5.426207407934722e-8
0.5575894778779587	5.465936831985176e-8
0.5610774252673482	5.506286377061476e-8
0.5645828123936848	5.547269158011145e-8
0.5681057264556529	5.5888986409477254e-8
0.5716462550879313	5.6311886546631937e-8
0.575204486363371	5.6741534024800466e-8
0.5787805087951877	5.7178074745629804e-8
0.5823744113391636	5.762165860710892e-8
0.5859862833958592	5.807243963651663e-8
0.5896162148128385	5.853057612862657e-8
0.5932642958869029	5.899623078941685e-8
0.5969306173663373	5.9469570885544165e-8
0.6006152704531689	5.995076839985425e-8
0.6043183468054348	6.04400001932175e-8
0.6080399385394619	6.093744817299912e-8
0.6117801382321592	6.144329946848553e-8
0.6155390389233196	6.195774661360657e-8
0.6193167341179363	6.248098773732136e-8
0.623113317788526	6.301322676205223e-8
0.6269288843774687	6.355467361057054e-8
0.6307635287993559	6.410554442177523e-8
0.6346173464433525	6.466606177581912e-8
0.6384904331755692	6.523645492907962e-8
0.642382885341447	6.581696005949344e-8
0.6462947997681542	6.640782052281521e-8
0.6502262737669948	6.700928712039309e-8
0.6541774051358298	6.762161837910319e-8
0.6581482921615086	6.824508084412093e-8
0.6621390336223161	6.887994938526394e-8
0.6661497287904276	6.952650751768902e-8
0.6701804774343794	7.018504773778931e-8
0.6742313798215511	7.085587187520893e-8
0.678302536720659	7.153929146194454e-8
0.6823940494042624	7.223562811961617e-8
0.6865060196512838	7.29452139660495e-8
0.6906385497495403	7.366839204242738e-8
0.694791742498288	7.440551676238625e-8
0.6989657012107795	7.515695438454422e-8
0.7031605297168335	7.592308351010657e-8
0.7073763323654175	7.670429560735499e-8
0.7116132140272448	7.750099556500076e-8
0.7158712800973807	7.831360227661962e-8
0.7201506364978674	7.914254925860399e-8
0.7244513896803564	7.998828530437428e-8
0.728773646628758	8.085127517790007e-8
0.7331175148619017	8.173200034998174e-8
0.7374831024362114	8.263095978116211e-8
0.7418705179483922	8.354867075569189e-8
0.7462798705381343	8.448566977155057e-8
0.750711269890825	8.544251349227771e-8
0.7551648262402791	8.641977976720799e-8
0.7596406503714807	8.741806872772565e-8
0.7641388536233382	8.843800396838523e-8
0.7686595478914547	8.94802338231732e-8
0.773202845630912	9.054543274895257e-8
0.7777688598590664	9.163430283022925e-8
0.7823577041583616	9.274757542190556e-8
0.7869694926791535	9.388601294976662e-8
0.7916043401425493	9.505041089215826e-8
0.796262361843262	9.624159997085877e-8
0.8009436736524783	9.746044858463323e-8
0.8056483920207407	9.87078655257336e-8
0.8103766339808444	9.998480302782967e-8
0.8151285171507487	1.0129226020397032e-7
0.8199041597365022	1.0263128694562098e-7
0.8247036805351848	1.0400298836907239e-7
0.8295271989378608	1.0540852991440795e-7
0.8343748349325502	1.0684914322547077e-7
0.8392467091072129	1.0832613296805622e-7
0.844142942652749	1.098408847792355e-7
0.8490636573660127	1.113948745849418e-7
0.8540089756528428	1.1298967957788809e-7
0.8589790205311072	1.1462699121628481e-7
0.8639739156337627	1.1630863068893496e-7
0.8689739156337625	1.1802965108484558e-7
0.8739739156337623	1.1978985101860972e-7
0.878973915633762	1.2159086732383649e-7
0.8839739156337618	1.2343449751793311e-7
0.8889739156337617	1.2532272653214115e-7
0.8939739156337615	1.272577586773731e-7
0.8989739156337613	1.2924205591856385e-7
0.9039739156337611	1.312783837524074e-7
0.9089739156337608	1.3336986625242537e-7
0.9139739156337606	1.3552005217063726e-7
0.9189739156337604	1.37732994378329e-7
0.9239739156337602	1.400133454038047e-7
0.9289739156337601	1.4236647239975493e-7
0.9339739156337599	1.4479859556773168e-7
0.9389739156337596	1.473169549073452e-7
0.9439739156337594	1.499300111735571e-7
0.9489739156337592	1.526476881536111e-7
0.953973915633759	1.5548166486004217e-7
0.9589739156337588	1.5844572803171123e-7
0.9639739156337586	1.6155619750557638e-7
0.9689739156337585	1.648324396466407e-7
0.9739739156337582	1.6829748719683432e-7
0.978973915633758	1.7197878774012506e-7
0.9839739156337578	1.7590910761934603e-7
0.9889739156337576	1.8012762374718366e-7
0.9939739156337574	1.8468124253149474e-7
0.9989739156337571	1.8962619332733593e-7
1.003973915633757	1.9502995372914272e-7
1.0089739156337567	2.0097357598135319e-7
1.0139739156337566	2.075544982430053e-7
1.0189739156337563	2.1488994190761244e-7
1.0239739156337562	2.231210172766519e-7
1.028973915633756	2.324176853627955e-7
1.0339739156337557	2.4298475436010214e-7
1.0389739156337556	2.5506912644828057e-7
1.0439739156337553	2.6896855540135513e-7
1.0489739156337552	2.8504222951392925e-7
1.0539739156337549	3.037235595191837e-7
1.0589739156337548	3.255356297016538e-7
1.0639739156337544	3.511098649944755e-7
1.0689739156337543	3.812085807074868e-7
1.0739739156337542	4.167522184835454e-7
1.0789739156337539	4.588522366716611e-7
1.0839739156337538	5.088508209218588e-7
1.0889739156337535	5.68368817805779e-7
1.0939739156337533	6.393635781249602e-7
1.098973915633753	7.24198736031308e-7
1.103973915633753	8.257283553255506e-7
1.1089739156337528	9.473983570619286e-7
1.1139739156337525	1.0933687163143742e-6
1.1189739156337524	1.2686605958528719e-6
1.123973915633752	1.479333387500881e-6
1.128973915633752	1.7326975766553204e-6
1.1339739156337516	2.037570451655256e-6
1.1389739156337515	2.404582967765021e-6
1.1439739156337512	2.8465475653404275e-6
1.148973915633751	3.378898450880191e-6
1.153973915633751	4.020217790906159e-6
1.1589739156337506	4.792863446303447e-6
1.1639739156337505	5.723716279583724e-6
1.1689739156337502	6.845067669714053e-6
1.17397391563375	8.195670609148111e-6
1.1789739156337498	9.821980534494199e-6
1.1839739156337497	1.1779614698716065e-5
1.1889739156337495	1.4135061198063121e-5
1.1939739156337492	1.6967670396688983e-5
1.197980436725312	1.9644929056199096e-5
1.2019869578168745	2.274568328711766e-5
1.2059934789084372	2.6335005270176813e-5
1.21	3.0487397561110275e-5
