0.0006999999999999628	7.96467713212882e-9
0.001403500000000035	7.971912566571802e-9
0.0021105174999999296	7.97919456908335e-9
0.0028210700874998964	7.986523217127194e-9
0.003535175437937438	7.993898862147667e-9
0.004252851315127062	8.001321862725839e-9
0.004974115571702636	8.008792580876248e-9
0.005698986149561044	8.016311382033662e-9
0.006427481080308875	8.023878635092021e-9
0.007159618485710418	8.031494712444816e-9
0.007895416578138905	8.039159990025796e-9
0.008634893661029494	8.04687484735034e-9
0.00937806812933463	8.054639667557577e-9
0.010124958469981361	8.062454837452704e-9
0.010875583262331262	8.070320747550319e-9
0.01162996117864295	8.078237792118111e-9
0.012388110984536127	8.086206369221198e-9
0.013150051539458866	8.094226880767142e-9
0.013915801797156208	8.102299732551592e-9
0.014685380806142003	8.110425334304554e-9
0.015458807710172712	8.118604099737168e-9
0.01623610174872358	8.126836446589737e-9
0.017017282257467212	8.135122796679412e-9
0.017802368668754516	8.143463575949544e-9
0.01859138051209827	8.151859214519363e-9
0.019384337414658823	8.160310146734136e-9
0.020181259101732015	8.168816811216423e-9
0.020982165397240727	8.177379650917915e-9
0.02178707622422691	8.185999113171904e-9
0.02259601160534814	8.194675649746813e-9
0.02340899166337483	8.203409716900166e-9
0.024226036621691812	8.212201775433582e-9
0.02504716680480027	8.221052290748428e-9
0.025872402638824326	8.229961732902423e-9
0.02670176465201842	8.238930576666945e-9
0.02753527347527842	8.247959301585139e-9
0.028372949842654864	8.257048392031168e-9
0.0292148145918682	8.266198337269913e-9
0.03006088866482743	8.275409631518005e-9
0.03091119310815165	8.284682774005342e-9
0.0317657490736924	8.294018269037772e-9
0.03262457781906081	8.303416626060741e-9
0.03348770070815601	8.312878359723619e-9
0.034355139211696875	8.322403989945246e-9
0.035226914907755424	8.33199404198053e-9
0.03610304948229413	8.341649046487642e-9
0.03698356472970569	8.351369539596676e-9
0.03786848255335419	8.361156062978982e-9
0.038757824966120964	8.371009163917825e-9
0.03965161409095162	8.38092939538e-9
0.04054987216140643	8.390917316088419e-9
0.04145262152221345	8.400973490596038e-9
0.04235988462982453	8.411098489360791e-9
0.04327168405297366	8.421292888821583e-9
0.0441880424732386	8.431557271475585e-9
0.04510898268560485	8.44189222595675e-9
0.046034527599032954	8.45229834711532e-9
0.04696470023702812	8.462776236098773e-9
0.04789952373821329	8.473326500434024e-9
0.048839021356904266	8.48394975411063e-9
0.04978321646368884	8.494646617665684e-9
0.05073213254600732	8.505417718269819e-9
0.05168579320873729	8.5162636898145e-9
0.052644222174780875	8.52718517300067e-9
0.05360744328565471	8.538182815429215e-9
0.054575480502083065	8.549257271692025e-9
0.055548357904593434	8.560409203465475e-9
0.056526099694116344	8.571639279604667e-9
0.0575087301925869	8.582948176239323e-9
0.05849627384354973	8.594336576871359e-9
0.05948875521276744	8.605805172474033e-9
0.06048619898883127	8.61735466159234e-9
0.061488629983775384	8.628985750445551e-9
0.06249607313369419	8.640699153030848e-9
0.06350855349936275	8.652495591228915e-9
0.06452609626685958	8.664375794911319e-9
0.06554872674819387	8.67634050204949e-9
0.06657647038193484	8.688390458825348e-9
0.06760935273384447	8.70052641974398e-9
0.06864739949751365	8.712749147747985e-9
0.0696906364950013	8.725059414333881e-9
0.07073908967747639	8.737457999669964e-9
0.07179278512586384	8.749945692716967e-9
0.07285174905149322	8.762523291349422e-9
0.0739160077967507	8.775191602480504e-9
0.07498558783573436	8.78795144218765e-9
0.07606051577491299	8.800803635841136e-9
0.07714081835378758	8.813749018234298e-9
0.07822652244555647	8.826788433716188e-9
0.07931765505778425	8.839922736326418e-9
0.0804142433330731	8.853152789931955e-9
0.08151631454973848	8.866479468366731e-9
0.08262389612248718	8.879903655573264e-9
0.0837370156030995	8.893426245746578e-9
0.0848557006811149	8.907048143481108e-9
0.0859799791845205	8.920770263919244e-9
0.08710987908044313	8.934593532903352e-9
0.08824542847584534	8.948518887129571e-9
0.08938665561822454	8.962547274304713e-9
0.09053358889631567	8.976679653305876e-9
0.09168625684079722	8.99091699434235e-9
0.09284468812500112	9.005260279121075e-9
0.09400891156562617	9.019710501013989e-9
0.0951789561234543	9.034268665229289e-9
0.09635485090407148	9.048935788984947e-9
0.09753662515859184	9.063712901685399e-9
0.0987243082843847	9.078601045101694e-9
0.09991792982580656	9.093601273554363e-9
0.10111751947493569	9.108714654099735e-9
0.10232310707231031	9.123942266719267e-9
0.1035347226076718	9.139285204512733e-9
0.10475239622071016	9.154744573894315e-9
0.10597615820181366	9.170321494792458e-9
0.10720603899282274	9.186017100853236e-9
0.10844206918778684	9.201832539647313e-9
0.10968427953372567	9.21776897288063e-9
0.1109327009313943	9.233827576608791e-9
0.11218736443605135	9.250009541455774e-9
0.11344830125823162	9.266316072835627e-9
0.11471554276452282	9.282748391179353e-9
0.11598912047834534	9.299307732164911e-9
0.11726906608073695	9.315995346952236e-9
0.11855541141114062	9.33281250242168e-9
0.11984818846819621	9.349760481417719e-9
0.12114742941053713	9.366840582996526e-9
0.12245316655758978	9.384054122678289e-9
0.1237654323903777	9.401402432704252e-9
0.12508425955232963	9.418886862298378e-9
0.12640968085009122	9.436508777934086e-9
0.1277417292543416	9.454269563605739e-9
0.1290804379006133	9.47217062110527e-9
0.13042584009011637	9.490213370304156e-9
0.1317779692905669	9.508399249440448e-9
0.13313685913701961	9.52672971541124e-9
0.13450254343270476	9.54520624407099e-9
0.13587505614986833	9.56383033053504e-9
0.13725443143061763	9.582603489489242e-9
0.13864070358777073	9.601527255505234e-9
0.14003390710570945	9.620603183362094e-9
0.14143407664123803	9.639832848373653e-9
0.1428412470244442	9.659217846722677e-9
0.1442554532595664	9.678759795801171e-9
0.14567673052586416	9.698460334557038e-9
0.1471051141784935	9.718321123848287e-9
0.14854063974938603	9.738343846802903e-9
0.149983342948133	9.758530209187181e-9
0.15143325966287374	9.7788819397798e-9
0.15289042596118813	9.79940079075459e-9
0.15435487809099402	9.820088538069872e-9
0.15582665248144906	9.840946981865853e-9
0.1573057857438562	9.86197794687015e-9
0.15879231467257537	9.883183282810742e-9
0.16028627624593816	9.904564864837787e-9
0.16178770762716785	9.926124593953557e-9
0.16329664616530362	9.947864397451037e-9
0.16481312939613008	9.969786229361349e-9
0.1663371950431107	9.991892070910327e-9
0.16786888101832628	1.0014183930984078e-8
0.1694082254234178	1.003666384660438e-8
0.1709552665505349	1.0059333883413356e-8
0.17251004288328747	1.0082196136168284e-8
0.17407259309770393	1.0105252729246689e-8
0.17564295606319252	1.0128505817161358e-8
0.17722117084350858	1.0151957585086599e-8
0.17880727669772617	1.0175610249394734e-8
0.18040131308121476	1.0199466058204262e-8
0.18200331964662084	1.0223527291939348e-8
0.18361333624485401	1.0247796263900547e-8
0.18523140292607826	1.0272275320848046e-8
0.18685755994070874	1.0296966843597168e-8
0.1884918477404122	1.0321873247625773e-8
0.19013430697911424	1.0346996983695361e-8
0.1917849785140098	1.037234053848471e-8
0.19344390340657974	1.0397906435237558e-8
0.19511112292361268	1.0423697234423509e-8
0.1967866785382308	1.044971553441373e-8
0.19847061193092203	1.0475963972170884e-8
0.20016296499057665	1.0502445223953574e-8
0.20186377981552947	1.0529162006036999e-8
0.2035730987146071	1.0556117075448376e-8
0.20529096420818022	1.0583313230718699e-8
0.20701741902922113	1.0610753312651038e-8
0.20875250612436722	1.0638440205105695e-8
0.210496268654989	1.0666376835802358e-8
0.21224874999826396	1.0694566177140404e-8
0.21400999374825516	1.072301124703688e-8
0.21578004371699644	1.0751715109783834e-8
0.21755894393558148	1.0780680876923815e-8
0.2193467386552594	1.0809911708145784e-8
0.22114347234853576	1.0839410812201148e-8
0.22294918971027836	1.0869181447839431e-8
0.2247639356588297	1.0899226924766668e-8
0.2265877553371239	1.0929550604624163e-8
0.2284206941138094	1.0960155901990318e-8
0.23026279758437848	1.0991046285405284e-8
0.23211411157230027	1.102222527841876e-8
0.23397468213016168	1.1053696460662308e-8
0.23584455554081238	1.1085463468946098e-8
0.23772377831851643	1.1117529998381462e-8
0.23961239721010893	1.1149899803529284e-8
0.24151045919615952	1.118257669957501e-8
0.24341801149214037	1.1215564563531967e-8
0.24533510154960114	1.1248867335471802e-8
0.24726177705734917	1.128248901978511e-8
0.24919808594263598	1.131643368647113e-8
0.2511440763723492	1.1350705472458466e-8
0.2530997967542111	1.1385308582957273e-8
0.25506529573798215	1.1420247292843435e-8
0.2570406222166721	1.1455525948076802e-8
0.25902582532775553	1.1491148967152687e-8
0.2610209544543945	1.1527120842589133e-8
0.2630260592266663	1.1563446142450236e-8
0.2650411895227997	1.1600129511906217e-8
0.26706639547041383	1.1637175674832348e-8
0.2691017274477658	1.1674589435446281e-8
0.2711472360850044	1.1712375679986613e-8
0.27320297226542956	1.1750539378432363e-8
0.2752689871267568	1.178908558626567e-8
0.2773453320623904	1.1828019446277817e-8
0.27943205872270227	1.1867346190421134e-8
0.2815292190163157	1.1907071141707125e-8
0.28363686511139713	1.1947199716152219e-8
0.2857550494369543	1.1987737424773302e-8
0.287883824684139	1.2028689875633632e-8
0.2900232438075598	1.2070062775941085e-8
0.29217336002659744	1.211186193419973e-8
0.2943342268267306	1.2154093262417917e-8
0.2965058979608642	1.2196762778371663e-8
0.2986884274506685	1.223987660792809e-8
0.3008818695879217	1.2283440987428777e-8
0.3030862789358613	1.2327462266135353e-8
0.3053017103305407	1.2371946908739226e-8
0.30752821888219345	1.2416901497937642e-8
0.3097658599766045	1.2462332737077381e-8
0.31201468927648746	1.2508247452869351e-8
0.3142747627228697	1.255465259817459e-8
0.31654613653648417	1.2601555254865773e-8
0.31882886721916665	1.2648962636764847e-8
0.32112301155526257	1.269688209266038e-8
0.3234286266130387	1.2745321109406447e-8
0.325745769746104	1.2794287315105826e-8
0.3280744985948343	1.2843788482380252e-8
0.33041487108780826	1.2893832531730128e-8
0.3327669454432473	1.294442753498715e-8
0.3351307801704635	1.2995581718861895e-8
0.3375064340713156	1.3047303468590624e-8
0.33989396624167195	1.3099601331683006e-8
0.3422934360728803	1.31524840217755e-8
0.3447049032532445	1.3205960422592666e-8
0.34712842776951053	1.3260039592020738e-8
0.3495640699083581	1.3314730766296512e-8
0.3520118902578999	1.3370043364315697e-8
0.35447194970918944	1.3425986992064489e-8
0.35694430945773536	1.3482571447178648e-8
0.35942903100502394	1.353980672363414e-8
0.36192617616004885	1.3597703016573521e-8
0.36443580704084905	1.3656270727273503e-8
0.3669579860760533	1.3715520468257102e-8
0.3694927760064337	1.3775463068556423e-8
0.3720402398864656	1.3836109579131003e-8
0.37460044108589774	1.3897471278445859e-8
0.37717344329132724	1.3959559678216954e-8
0.37975931050778367	1.4022386529327133e-8
0.38235810706032236	1.4085963827921274e-8
0.3849698975956241	1.4150303821684489e-8
0.38759474708360203	1.4215419016310605e-8
0.39023272081902005	1.4281322182168784e-8
0.39288388442311495	1.4348026361173099e-8
0.3955483038452304	1.4415544873864006e-8
0.39822604536445655	1.448389132670817e-8
0.40091717559127893	1.4553079619625765e-8
0.4036217614692354	1.4623123953751165e-8
0.4063398702765814	1.4694038839438066e-8
0.40907156962796437	1.4765839104516204e-8
0.4118169274761041	1.48385399028093e-8
0.41457601211348477	1.491215672292362e-8
0.41734889217405197	1.49867053973177e-8
0.42013563663492237	1.5062202111662932e-8
0.4229363148180968	1.5138663414506213e-8
0.4257509963921872	1.52161062272457e-8
0.4285797513741481	1.529454785443189e-8
0.431422650131019	1.5374005994405335e-8
0.4342797633816742	1.5454498750285142e-8
0.4371511621985827	1.553604464132013e-8
0.4400369180095757	1.5618662614617622e-8
0.4429371025996235	1.5702372057263967e-8
0.44585178811262155	1.5787192808852192e-8
0.44878104705318456	1.5873145174431598e-8
0.4517249522884503	1.5960249937897972e-8
0.4546835770498925	1.6048528375838837e-8
0.4576569949351417	1.613800227185455e-8
0.4606452799098173	1.6228693931371767e-8
0.46364850630936627	1.6320626196970684e-8
0.46666674884091325	1.6413822464245295e-8
0.46970008258511775	1.6508306698219796e-8
0.4727485829980431	1.6604103450341273e-8
0.47581232591303324	1.6701237876074595e-8
0.47889138754259847	1.679973575312342e-8
0.4819858444803113	1.6899623500301752e-8
0.48509577370271284	1.700092819708494e-8
0.48822125257122634	1.7103677603867353e-8
0.4913623588340824	1.7207900182957057e-8
0.49451917062825274	1.7313625120336953e-8
0.49769176648139396	1.7420882348227364e-8
0.5008802253138008	1.7529702568482033e-8
0.50408462644037	1.7640117276853816e-8
0.5073050495725719	1.7752158788168535e-8
0.5105415748204347	1.7865860262445196e-8
0.513794282694537	1.7981255732004258e-8
0.5170632541080095	1.8098380129607022e-8
0.5203485703785496	1.8217269317672874e-8
0.5236503132304423	1.8337960118619482e-8
0.5269685647965943	1.846049034637966e-8
0.530303407620577	1.858489883914471e-8
0.5336549246586798	1.8711225493391242e-8
0.5370231992819733	1.8839511299249383e-8
0.5404083152783831	1.896979837727372e-8
0.5438103568547752	1.9102130016681635e-8
0.5472294086390488	1.923655071512693e-8
0.5506655556822441	1.937310622008011e-8
0.5541188834606553	1.9511843571891363e-8
0.5575894778779587	1.965281114861403e-8
0.5610774252673482	1.9796058712674916e-8
0.5645828123936848	1.9941637459476507e-8
0.5681057264556529	2.008960006802676e-8
0.5716462550879313	2.0240000753692912e-8
0.575204486363371	2.0392895323184126e-8
0.5787805087951877	2.0548341231871407e-8
0.5823744113391636	2.070639764356064e-8
0.5859862833958592	2.086712549284146e-8
0.5896162148128385	2.1030587550139957e-8
0.5932642958869029	2.1196848489611916e-8
0.5969306173663373	2.1365974960022493e-8
0.6006152704531689	2.1538035658762274e-8
0.6043183468054348	2.1713101409164152e-8
0.6080399385394619	2.189124524129026e-8
0.6117801382321592	2.2072542476372972e-8
0.6155390389233196	2.22570708151e-8
0.6193167341179363	2.2444910429949498e-8
0.623113317788526	2.2636144061790873e-8
0.6269288843774687	2.2830857120982618e-8
0.6307635287993559	2.3029137793210884e-8
0.6346173464433525	2.3231077150328704e-8
0.6384904331755692	2.3436769266472604e-8
0.642382885341447	2.3646311339751293e-8
0.6462947997681542	2.38598038198181e-8
0.6502262737669948	2.4077350541663174e-8
0.6541774051358298	2.4299058865980006e-8
0.6581482921615086	2.4525039826486696e-8
0.6621390336223161	2.4755408284606796e-8
0.6661497287904276	2.4990283091944733e-8
0.6701804774343794	2.5229787261018566e-8
0.6742313798215511	2.547404814474607e-8
0.678302536720659	2.572319762521662e-8
0.6823940494042624	2.5977372312319604e-8
0.6865060196512838	2.6236713752841636e-8
0.6906385497495403	2.6501368650690517e-8
0.694791742498288	2.677148909895583e-8
0.6989657012107795	2.7047232824567935e-8
0.7031605297168335	2.7328763446382323e-8
0.7073763323654175	2.7616250747576096e-8
0.7116132140272448	2.79098709633245e-8
0.7158712800973807	2.8209807084799e-8
0.7201506364978674	2.851624918062587e-8
0.7244513896803564	2.8829394737037053e-8
0.728773646628758	2.914944901806467e-8
0.7331175148619017	2.9476625447250167e-8
0.7374831024362114	2.9811146012484447e-8
0.7418705179483922	3.015324169574968e-8
0.7462798705381343	3.050315292972283e-8
0.750711269890825	3.0861130083394784e-8
0.7551648262402791	3.122743397910367e-8
0.7596406503714807	3.160233644364369e-8
0.7641388536233382	3.198612089642187e-8
0.7686595478914547	3.237908297799418e-8
0.773202845630912	3.2781531222726613e-8
0.7777688598590664	3.319378777980906e-8
0.7823577041583616	3.3616189187422145e-8
0.7869694926791535	3.404908720551756e-8
0.7916043401425493	3.4492849713460224e-8
0.796262361843262	3.494786167971774e-8
0.8009436736524783	3.5414526211881524e-8
0.8056483920207407	3.589326569663343e-8
0.8103766339808444	3.63845230408563e-8
0.8151285171507487	3.688876302699263e-8
0.8199041597365022	3.74064737980488e-8
0.8247036805351848	3.793816849043547e-8
0.8295271989378608	3.8484387036201914e-8
0.8343748349325502	3.904569816033803e-8
0.8392467091072129	3.9622701603832706e-8
0.844142942652749	4.02160306093206e-8
0.8490636573660127	4.0826354713680115e-8
0.8540089756528428	4.1454382901211045e-8
0.8589790205311072	4.2100867182439186e-8
0.8639739156337627	4.276660667769497e-8
0.8689739156337625	4.344970362399461e-8
0.8739739156337623	4.41501128733567e-8
0.878973915633762	4.486850087134502e-8
0.8839739156337618	4.560557804334044e-8
0.8889739156337617	4.636210400728899e-8
0.8939739156337615	4.713889366729675e-8
0.8989739156337613	4.793682435886348e-8
0.9039739156337611	4.875684425093372e-8
0.9089739156337608	4.9599982251643134e-8
0.9139739156337606	5.0467359714921136e-8
0.9189739156337604	5.1360204305762155e-8
0.9239739156337602	5.227986645516706e-8
0.9289739156337601	5.3227838924054493e-8
0.9339739156337599	5.420578010200261e-8
0.9389739156337596	5.5215541795294784e-8
0.9439739156337594	5.625920241396468e-8
0.9489739156337592	5.73391066549239e-8
0.953973915633759	5.8457913004436264e-8
0.9589739156337588	5.961865065629242e-8
0.9639739156337586	6.082478777169254e-8
0.9689739156337585	6.208031340489166e-8
0.9739739156337582	6.338983589919898e-8
0.978973915633758	6.475870113813724e-8
0.9839739156337578	6.619313473707089e-8
0.9889739156337576	6.770041310636395e-8
0.9939739156337574	6.928906933819678e-8
0.9989739156337571	7.09691411018612e-8
1.003973915633757	7.275246922039473e-8
1.0089739156337567	7.465305739761594e-8
1.0139739156337566	7.668750573255731e-8
1.0189739156337563	7.887553327454421e-8
1.0239739156337562	8.124060802907644e-8
1.028973915633756	8.381070663320418e-8
1.0339739156337557	8.661923051288703e-8
1.0389739156337556	8.970611087442324e-8
1.0439739156337553	9.311914156029155e-8
1.0489739156337552	9.691558684807138e-8
1.0539739156337549	1.0116412096683004e-7
1.0589739156337548	1.0594716778058784e-7
1.0639739156337544	1.1136372313988007e-7
1.0689739156337543	1.1753275930381636e-7
1.0739739156337542	1.2459733114996472e-7
1.0789739156337539	1.3272952828789764e-7
1.0839739156337538	1.421364464676353e-7
1.0889739156337535	1.5306738676321917e-7
1.0939739156337533	1.6582253301569096e-7
1.098973915633753	1.807634082277179e-7
1.103973915633753	1.983254705139466e-7
1.1089739156337528	2.1903328055922638e-7
1.1139739156337525	2.435187573067043e-7
1.1189739156337524	2.725431390382054e-7
1.123973915633752	3.0702338563547864e-7
1.128973915633752	3.480638973847071e-7
1.1339739156337516	3.9699458917135247e-7
1.1389739156337515	4.554165493835165e-7
1.1439739156337512	5.252567333392782e-7
1.148973915633751	6.088333943506193e-7
1.153973915633751	7.089342437928151e-7
1.1589739156337506	8.28909655823574e-7
1.1639739156337505	9.727835919549783e-7
1.1689739156337502	1.1453853120808192e-6
1.17397391563375	1.3525053544325864e-6
1.1789739156337498	1.601079694452079e-6
1.1839739156337497	1.899406411556654e-6
1.1889739156337495	2.257399573506373e-6
1.1939739156337492	2.686885348836499e-6
1.197980436725312	3.09203255773153e-6
1.2019869578168745	3.560530662254363e-6
1.2059934789084372	4.102071362314897e-6
1.21	4.7277512451065296e-6
