0.0006999999999999628	1.956553545983627e-8
0.001403500000000035	1.958227034169803e-8
0.0021105174999999296	1.9599110423558532e-8
0.0028210700874998964	1.9616056467737595e-8
0.003535175437937438	1.9633109259805376e-8
0.004252851315127062	1.965026959284632e-8
0.004974115571702636	1.9667538267182504e-8
0.005698986149561044	1.9684916090450433e-8
0.006427481080308875	1.9702403877683198e-8
0.007159618485710418	1.9720002451393937e-8
0.007895416578138905	1.973771264165942e-8
0.008634893661029494	1.9755535286205967e-8
0.00937806812933463	1.9773471230496008e-8
0.010124958469981361	1.9791521327815418e-8
0.010875583262331262	1.9809686439362643e-8
0.01162996117864295	1.9827967434339047e-8
0.012388110984536127	1.9846365190039645e-8
0.013150051539458866	1.9864880591946356e-8
0.013915801797156208	1.9883514533821334e-8
0.014685380806142003	1.9902267917802203e-8
0.015458807710172712	1.992114165449898e-8
0.01623610174872358	1.9940136663090897e-8
0.017017282257467212	1.9959253871426207e-8
0.017802368668754516	1.997849421612246e-8
0.01859138051209827	1.99978586426683e-8
0.019384337414658823	2.001734810552676e-8
0.020181259101732015	2.0036963568239902e-8
0.020982165397240727	2.0056706003535202e-8
0.02178707622422691	2.0076576393432622e-8
0.02259601160534814	2.0096575729354592e-8
0.02340899166337483	2.0116705012235764e-8
0.024226036621691812	2.013696525263596e-8
0.02504716680480027	2.015735747085359e-8
0.025872402638824326	2.0177882697040997e-8
0.02670176465201842	2.01985419713217e-8
0.02753527347527842	2.0219336343909232e-8
0.028372949842654864	2.02402668752267e-8
0.0292148145918682	2.0261334636030048e-8
0.03006088866482743	2.028254070753088e-8
0.03091119310815165	2.030388618152253e-8
0.0317657490736924	2.0325372160507457e-8
0.03262457781906081	2.034699975782616e-8
0.03348770070815601	2.0368770097788728e-8
0.034355139211696875	2.0390684315807148e-8
0.035226914907755424	2.04127435585308e-8
0.03610304948229413	2.0434948983983114e-8
0.03698356472970569	2.045730176170016e-8
0.03786848255335419	2.047980307287175e-8
0.038757824966120964	2.0502454110484056e-8
0.03965161409095162	2.0525256079464795e-8
0.04054987216140643	2.0548210196830986e-8
0.04145262152221345	2.0571317691836336e-8
0.04235988462982453	2.0594579806124804e-8
0.04327168405297366	2.0617997793882787e-8
0.0441880424732386	2.0641572921996322e-8
0.04510898268560485	2.066530647020815e-8
0.046034527599032954	2.068919973127893e-8
0.04696470023702812	2.07132540111504e-8
0.04789952373821329	2.0737470629110666e-8
0.048839021356904266	2.0761850917961788e-8
0.04978321646368884	2.0786396224190694e-8
0.05073213254600732	2.08111079081419e-8
0.05168579320873729	2.0835987344193232e-8
0.052644222174780875	2.0861035920933993e-8
0.05360744328565471	2.088625504134563e-8
0.054575480502083065	2.091164612298618e-8
0.055548357904593434	2.0937210598175926e-8
0.056526099694116344	2.0962949914186954e-8
0.0575087301925869	2.0988865533435877e-8
0.05849627384354973	2.1014958933678025e-8
0.05948875521276744	2.1041231608206215e-8
0.06048619898883127	2.106768506605215e-8
0.061488629983775384	2.109432083218984e-8
0.06249607313369419	2.112114044774405e-8
0.06350855349936275	2.1148145470200263e-8
0.06452609626685958	2.1175337473618616e-8
0.06554872674819387	2.1202718048851528e-8
0.06657647038193484	2.123028880376423e-8
0.06760935273384447	2.1258051363458612e-8
0.06864739949751365	2.1286007370500998e-8
0.0696906364950013	2.1314158485153482e-8
0.07073908967747639	2.134250638560836e-8
0.07179278512586384	2.1371052768226894e-8
0.07285174905149322	2.139979934778184e-8
0.0739160077967507	2.1428747857703162e-8
0.07498558783573436	2.1457900050328376e-8
0.07606051577491299	2.1487257697156183e-8
0.07714081835378758	2.151682258910543e-8
0.07822652244555647	2.154659653677647e-8
0.07931765505778425	2.1576581370718393e-8
0.0804142433330731	2.1606778941698724e-8
0.08151631454973848	2.163719112097953e-8
0.08262389612248718	2.166781980059721e-8
0.0837370156030995	2.1698666893645158e-8
0.0848557006811149	2.1729734334563996e-8
0.0859799791845205	2.17610240794343e-8
0.08710987908044313	2.1792538106274693e-8
0.08824542847584534	2.182427841534581e-8
0.08938665561822454	2.1856247029457182e-8
0.09053358889631567	2.188844599428176e-8
0.09168625684079722	2.1920877378673172e-8
0.09284468812500112	2.1953543274989904e-8
0.09400891156562617	2.1986445799424132e-8
0.0951789561234543	2.201958709233634e-8
0.09635485090407148	2.2052969318595388e-8
0.09753662515859184	2.2086594667923977e-8
0.0987243082843847	2.2120465355250536e-8
0.09991792982580656	2.2154583621066614e-8
0.10111751947493569	2.2188951731790203e-8
0.10232310707231031	2.2223571980135172e-8
0.1035347226076718	2.2258446685488187e-8
0.10475239622071016	2.2293578194289703e-8
0.10597615820181366	2.2328968880423417e-8
0.10720603899282274	2.236462114561195e-8
0.10844206918778684	2.2400537419818332e-8
0.10968427953372567	2.24367201616559e-8
0.1109327009313943	2.247317185880405e-8
0.11218736443605135	2.2509895028431264e-8
0.11344830125823162	2.2546892217626986e-8
0.11471554276452282	2.2584166003838183e-8
0.11598912047834534	2.262171899531651e-8
0.11726906608073695	2.2659553831570648e-8
0.11855541141114062	2.269767318382943e-8
0.11984818846819621	2.2736079755509606e-8
0.12114742941053713	2.2774776282695273e-8
0.12245316655758978	2.2813765534622824e-8
0.1237654323903777	2.2853050314177003e-8
0.12508425955232963	2.289263345839394e-8
0.12640968085009122	2.293251783897392e-8
0.1277417292543416	2.2972706362803106e-8
0.1290804379006133	2.301320197248494e-8
0.13042584009011637	2.305400764688042e-8
0.1317779692905669	2.309512640165887e-8
0.13313685913701961	2.3136561289857596e-8
0.13450254343270476	2.317831540245298e-8
0.13587505614986833	2.322039186894115e-8
0.13725443143061763	2.3262793857928777e-8
0.13864070358777073	2.330552457773557e-8
0.14003390710570945	2.33485872770078e-8
0.14143407664123803	2.3391985245342237e-8
0.1428412470244442	2.343572181392162e-8
0.1442554532595664	2.3479800356163198e-8
0.14567673052586416	2.3524224288377444e-8
0.1471051141784935	2.3568997070440646e-8
0.14854063974938603	2.36141222064787e-8
0.149983342948133	2.3659603245563895e-8
0.15143325966287374	2.3705443782426315e-8
0.15289042596118813	2.3751647458175775e-8
0.15435487809099402	2.3798217961039597e-8
0.15582665248144906	2.3845159027114124e-8
0.1573057857438562	2.3892474441129186e-8
0.15879231467257537	2.394016803722756e-8
0.16028627624593816	2.398824369976074e-8
0.16178770762716785	2.4036705364097768e-8
0.16329664616530362	2.4085557017450714e-8
0.16481312939613008	2.4134802699716068e-8
0.1663371950431107	2.4184446504331748e-8
0.16786888101832628	2.423449257915109e-8
0.1694082254234178	2.4284945127334295e-8
0.1709552665505349	2.4335808408255622e-8
0.17251004288328747	2.4387086738430124e-8
0.17407259309770393	2.4438784492457367e-8
0.17564295606319252	2.4490906103983575e-8
0.17722117084350858	2.4543456066684204e-8
0.17880727669772617	2.4596438935263636e-8
0.18040131308121476	2.4649859326476383e-8
0.18200331964662084	2.4703721920168162e-8
0.18361333624485401	2.475803146033787e-8
0.18523140292607826	2.4812792756218864e-8
0.18685755994070874	2.48680106833863e-8
0.1884918477404122	2.4923690184881573e-8
0.19013430697911424	2.4979836272363448e-8
0.1917849785140098	2.5036454027279635e-8
0.19344390340657974	2.5093548602065028e-8
0.19511112292361268	2.515112522136116e-8
0.1967866785382308	2.5209189183263253e-8
0.19847061193092203	2.5267745860590897e-8
0.20016296499057665	2.5326800702186854e-8
0.20186377981552947	2.5386359234240065e-8
0.2035730987146071	2.5446427061639103e-8
0.20529096420818022	2.5507009869349907e-8
0.20701741902922113	2.5568113423826875e-8
0.20875250612436722	2.5629743574448903e-8
0.210496268654989	2.5691906254988485e-8
0.21224874999826396	2.5754607485111252e-8
0.21400999374825516	2.581785337190529e-8
0.21578004371699644	2.5881650111445303e-8
0.21755894393558148	2.594600399038875e-8
0.2193467386552594	2.6010921387605898e-8
0.22114347234853576	2.6076408775845002e-8
0.22294918971027836	2.614247272343352e-8
0.2247639356588297	2.620911989601496e-8
0.2265877553371239	2.6276357058324245e-8
0.2284206941138094	2.6344191076001456e-8
0.23026279758437848	2.6412628917443726e-8
0.23211411157230027	2.6481677655699585e-8
0.23397468213016168	2.655134447040326e-8
0.23584455554081238	2.662163664975101e-8
0.23772377831851643	2.6692561592523944e-8
0.23961239721010893	2.676412681015078e-8
0.24151045919615952	2.6836339928821263e-8
0.24341801149214037	2.690920869164368e-8
0.24533510154960114	2.6982740960850783e-8
0.24726177705734917	2.705694472005682e-8
0.24919808594263598	2.7131828076563152e-8
0.2511440763723492	2.7207399263718025e-8
0.2530997967542111	2.728366664332776e-8
0.25506529573798215	2.7360638708124503e-8
0.2570406222166721	2.7438324084289626e-8
0.25902582532775553	2.7516731534034207e-8
0.2610209544543945	2.7595869958240196e-8
0.2630260592266663	2.767574839916117e-8
0.2650411895227997	2.775637604318655e-8
0.26706639547041383	2.7837762223669278e-8
0.2691017274477658	2.7919916423820314e-8
0.2711472360850044	2.8002848279669408e-8
0.27320297226542956	2.8086567583098073e-8
0.2752689871267568	2.8171084284939777e-8
0.2773453320623904	2.825640849815829e-8
0.27943205872270227	2.8342550501097975e-8
0.2815292190163157	2.842952074081319e-8
0.28363686511139713	2.851732983647644e-8
0.2857550494369543	2.860598858286973e-8
0.287883824684139	2.8695507953957942e-8
0.2900232438075598	2.8785899106551184e-8
0.29217336002659744	2.8877173384053556e-8
0.2943342268267306	2.8969342320305733e-8
0.2965058979608642	2.9062417643518948e-8
0.2986884274506685	2.9156411280308377e-8
0.3008818695879217	2.9251335359823748e-8
0.3030862789358613	2.9347202217983313e-8
0.3053017103305407	2.9444024401812998e-8
0.30752821888219345	2.9541814673893134e-8
0.3097658599766045	2.9640586016917234e-8
0.31201468927648746	2.9740351638365805e-8
0.3142747627228697	2.984112497529587e-8
0.31654613653648417	2.994291969925526e-8
0.31882886721916665	3.004574972131928e-8
0.32112301155526257	3.014962919725646e-8
0.3234286266130387	3.02545725328286e-8
0.325745769746104	3.036059438922526e-8
0.3280744985948343	3.0467709688638867e-8
0.33041487108780826	3.057593361998639e-8
0.3327669454432473	3.068528164477779e-8
0.3351307801704635	3.079576950313982e-8
0.3375064340713156	3.090741321999785e-8
0.33989396624167195	3.102022911141976e-8
0.3422934360728803	3.1134233791129584e-8
0.3447049032532445	3.124944417719257e-8
0.34712842776951053	3.13658774988814e-8
0.3495640699083581	3.148355130372358e-8
0.3520118902578999	3.1602483464742175e-8
0.35447194970918944	3.172269218788941e-8
0.35694430945773536	3.184419601968475e-8
0.35942903100502394	3.1967013855059496e-8
0.36192617616004885	3.209116494541812e-8
0.36443580704084905	3.2216668906920695e-8
0.3669579860760533	3.2343545728994266e-8
0.3694927760064337	3.2471815783081316e-8
0.3720402398864656	3.2601499831631664e-8
0.37460044108589774	3.273261903734697e-8
0.37717344329132724	3.286519497268462e-8
0.37975931050778367	3.299924962963148e-8
0.38235810706032236	3.3134805429753177e-8
0.3849698975956241	3.327188523453346e-8
0.38759474708360203	3.3410512356006304e-8
0.39023272081902005	3.3550710567696365e-8
0.39288388442311495	3.369250411587493e-8
0.3955483038452304	3.383591773114342e-8
0.39822604536445655	3.3980976640353895e-8
0.40091717559127893	3.412770657888147e-8
0.4036217614692354	3.427613380325537e-8
0.4063398702765814	3.442628510416594e-8
0.40907156962796437	3.457818781985821e-8
0.4118169274761041	3.473186984992435e-8
0.41457601211348477	3.488735966951252e-8
0.41734889217405197	3.504468634396223e-8
0.42013563663492237	3.520387954388445e-8
0.4229363148180968	3.5364969560701373e-8
0.4257509963921872	3.5527987322660834e-8
0.4285797513741481	3.569296441134443e-8
0.431422650131019	3.585993307868607e-8
0.4342797633816742	3.6028926264517306e-8
0.4371511621985827	3.619997761466289e-8
0.4400369180095757	3.637312149960308e-8
0.4429371025996235	3.6548393033724465e-8
0.44585178811262155	3.67258280951811e-8
0.44878104705318456	3.69054633463891e-8
0.4517249522884503	3.7087336255175664e-8
0.4546835770498925	3.727148511661174e-8
0.4576569949351417	3.745794907554832e-8
0.4606452799098173	3.7646768149888e-8
0.46364850630936627	3.783798325461549e-8
0.46666674884091325	3.803163622662058e-8
0.46970008258511775	3.822776985033798e-8
0.4727485829980431	3.842642788424208e-8
0.47581232591303324	3.862765508822634e-8
0.47889138754259847	3.883149725189886e-8
0.4819858444803113	3.903800122383843e-8
0.48509577370271284	3.924721494184072e-8
0.48822125257122634	3.9459187464196805e-8
0.4913623588340824	3.9673969002048697e-8
0.49451917062825274	3.989161095285683e-8
0.49769176648139396	4.0112165935035215e-8
0.5008802253138008	4.033568782379073e-8
0.50408462644037	4.056223178822538e-8
0.5073050495725719	4.0791854329744525e-8
0.5105415748204347	4.102461332183329e-8
0.513794282694537	4.1260568051251816e-8
0.5170632541080095	4.1499779260710825e-8
0.5203485703785496	4.1742309193092437e-8
0.5236503132304423	4.198822163727625e-8
0.5269685647965943	4.223758197564262e-8
0.530303407620577	4.249045723332591e-8
0.5336549246586798	4.2746916129289334e-8
0.5370231992819733	4.3007029129304405e-8
0.5404083152783831	4.3270868500914865e-8
0.5438103568547752	4.353850837047447e-8
0.5472294086390488	4.381002478235044e-8
0.5506655556822441	4.4085495760385986e-8
0.5541188834606553	4.4365001371728116e-8
0.5575894778779587	4.4648623793121114e-8
0.5610774252673482	4.493644737978472e-8
0.5645828123936848	4.5228558736988636e-8
0.5681057264556529	4.5525046794452074e-8
0.5716462550879313	4.582600288369519e-8
0.575204486363371	4.613152081848574e-8
0.5787805087951877	4.644169697851881e-8
0.5823744113391636	4.6756630396489016e-8
0.5859862833958592	4.7076422848716385e-8
0.5896162148128385	4.740117894948845e-8
0.5932642958869029	4.77310062493101e-8
0.5969306173663373	4.8066015337243154e-8
0.6006152704531689	4.840631994753847e-8
0.6043183468054348	4.8752037070772436e-8
0.6080399385394619	4.910328706971427e-8
0.6117801382321592	4.9460193800159374e-8
0.6155390389233196	4.982288473697846e-8
0.6193167341179363	5.0191491105653315e-8
0.623113317788526	5.0566148019576836e-8
0.6269288843774687	5.0946994623416445e-8
0.6307635287993559	5.1334174242860186e-8
0.6346173464433525	5.172783454107918e-8
0.6384904331755692	5.2128127682265305e-8
0.642382885341447	5.253521050262158e-8
0.6462947997681542	5.2949244689210544e-8
0.6502262737669948	5.3370396967087646e-8
0.6541774051358298	5.379883929517695e-8
0.6581482921615086	5.423474907137583e-8
0.6621390336223161	5.4678309347408873e-8
0.6661497287904276	5.5129709053979723e-8
0.6701804774343794	5.558914323681474e-8
0.6742313798215511	5.6056813304231564e-8
0.678302536720659	5.65329272869035e-8
0.6823940494042624	5.7017700110544925e-8
0.6865060196512838	5.75113538822953e-8
0.6906385497495403	5.801411819162945e-8
0.694791742498288	5.85262304266879e-8
0.6989657012107795	5.904793610699559e-8
0.7031605297168335	5.957948923359114e-8
0.7073763323654175	6.012115265770022e-8
0.7116132140272448	6.067319846914382e-8
0.7158712800973807	6.123590840579987e-8
0.7201506364978674	6.180957428552685e-8
0.7244513896803564	6.239449846209287e-8
0.728773646628758	6.299099430678e-8
0.7331175148619017	6.359938671749667e-8
0.7374831024362114	6.422001265739183e-8
0.7418705179483922	6.48532217251624e-8
0.7462798705381343	6.549937675946731e-8
0.750711269890825	6.615885448009845e-8
0.7551648262402791	6.683204616884957e-8
0.7596406503714807	6.751935839334603e-8
0.7641388536233382	6.822121377746209e-8
0.7686595478914547	6.89380518223874e-8
0.773202845630912	6.967032978289993e-8
0.7777688598590664	7.041852360396908e-8
0.7823577041583616	7.118312892350009e-8
0.7869694926791535	7.196466214781322e-8
0.7916043401425493	7.276366160738205e-8
0.796262361843262	7.358068880145847e-8
0.8009436736524783	7.441632974152622e-8
0.8056483920207407	7.52711964050633e-8
0.8103766339808444	7.614592831298941e-8
0.8151285171507487	7.704119424638338e-8
0.8199041597365022	7.795769412077053e-8
0.8247036805351848	7.889616103953315e-8
0.8295271989378608	7.98573635519503e-8
0.8343748349325502	8.084210814616967e-8
0.8392467091072129	8.185124201328476e-8
0.844142942652749	8.28856561258329e-8
0.8490636573660127	8.394628868281511e-8
0.8540089756528428	8.503412898412696e-8
0.8589790205311072	8.615022181053237e-8
0.8639739156337627	8.72956724017414e-8
0.8689739156337625	8.846694730578067e-8
0.8739739156337623	8.96637145611627e-8
0.878973915633762	9.088684887393116e-8
0.8839739156337618	9.213727854029378e-8
0.8889739156337617	9.341599158444483e-8
0.8939739156337615	9.472404292067773e-8
0.8989739156337613	9.606256273742104e-8
0.9039739156337611	9.743276634041857e-8
0.9089739156337608	9.883596574037119e-8
0.9139739156337606	1.0027358332828334e-7
0.9189739156337604	1.0174716805166573e-7
0.9239739156337602	1.0325841458904883e-7
0.9289739156337601	1.048091861219339e-7
0.9339739156337599	1.064015414260168e-7
0.9389739156337596	1.0803776715153347e-7
0.9439739156337594	1.0972041634122013e-7
0.9489739156337592	1.1145235444994991e-7
0.953973915633759	1.132368143903284e-7
0.9589739156337588	1.1507746244254467e-7
0.9639739156337586	1.1697847724588505e-7
0.9689739156337585	1.1894464454693766e-7
0.9739739156337582	1.2098147093190213e-7
0.978973915633758	1.2309532043733113e-7
0.9839739156337578	1.2529357873871267e-7
0.9889739156337576	1.2758485058821075e-7
0.9939739156337574	1.29979197346237e-7
0.9989739156337571	1.3248842286794543e-7
1.003973915633757	1.3512641771565734e-7
1.0089739156337567	1.3790957373215258e-7
1.0139739156337566	1.4085728350113335e-7
1.0189739156337563	1.439925422278387e-7
1.0239739156337562	1.473426732014957e-7
1.028973915633756	1.5094020237961242e-7
1.0339739156337557	1.5482391291665006e-7
1.0389739156337556	1.5904011683154325e-7
1.0439739156337553	1.6364418869322031e-7
1.0489739156337552	1.687024154686739e-7
1.0539739156337549	1.7429422784639348e-7
1.0589739156337548	1.8051489180524122e-7
1.0639739156337544	1.8747875540795872e-7
1.0689739156337543	1.953231653135099e-7
1.0739739156337542	2.042131909850872e-7
1.0789739156337539	2.1434732281043608e-7
1.0839739156337538	2.2596434428782556e-7
1.0889739156337535	2.3935161918047766e-7
1.0939739156337533	2.5485508342543325e-7
1.098973915633753	2.7289129015867693e-7
1.103973915633753	2.9396192631846556e-7
1.1089739156337528	3.1867130305498705e-7
1.1139739156337525	3.4774742209713376e-7
1.1189739156337524	3.8206733917968095e-7
1.123973915633752	4.226876869048034e-7
1.128973915633752	4.7088138672068543e-7
1.1339739156337516	5.281817771984748e-7
1.1389739156337515	5.964356180258622e-7
1.1439739156337512	6.778667009761898e-7
1.148973915633751	7.751521155869028e-7
1.153973915633751	8.915135833299721e-7
1.1589739156337506	1.030826694148203e-6
1.1639739156337505	1.197751356773197e-6
1.1689739156337502	1.3978873107751445e-6
1.17397391563375	1.6379591423541316e-6
1.1789739156337498	1.926035891478749e-6
1.1839739156337497	2.271791022616359e-6
1.1889739156337495	2.686809233478792e-6
1.1939739156337492	3.1849472623668914e-6
1.197980436725312	3.6551439054888908e-6
1.2019869578168745	4.199246601383475e-6
1.2059934789084372	4.8287187076677654e-6
1.21	5.556731774044189e-6
