0.0006999999999999628	2.1770680238401457e-8
0.001403500000000035	2.179196026476614e-8
0.0021105174999999296	2.1813377947171527e-8
0.0028210700874998964	2.1834933503287848e-8
0.003535175437937438	2.1856627977230443e-8
0.004252851315127062	2.1878462434508213e-8
0.004974115571702636	2.1900437950863557e-8
0.005698986149561044	2.1922555612230323e-8
0.006427481080308875	2.194481651485015e-8
0.007159618485710418	2.1967221765393118e-8
0.007895416578138905	2.1989772481077124e-8
0.008634893661029494	2.2012469789792998e-8
0.00937806812933463	2.2035314830227803e-8
0.010124958469981361	2.2058308751992367e-8
0.010875583262331262	2.2081452715748597e-8
0.01162996117864295	2.2104747893340394e-8
0.012388110984536127	2.2128195467925055e-8
0.013150051539458866	2.215179663410671e-8
0.013915801797156208	2.2175552598072744e-8
0.014685380806142003	2.2199464577730347e-8
0.015458807710172712	2.2223533802846346e-8
0.01623610174872358	2.2247761515189018e-8
0.017017282257467212	2.2272148968670555e-8
0.017802368668754516	2.2296697429493215e-8
0.01859138051209827	2.232140817629633e-8
0.019384337414658823	2.23462825003062e-8
0.020181259101732015	2.237132170548801e-8
0.020982165397240727	2.2396527108698802e-8
0.02178707622422691	2.2421900039844604e-8
0.02259601160534814	2.2447441842038005e-8
0.02340899166337483	2.247315387175912e-8
0.024226036621691812	2.2499037499018536e-8
0.02504716680480027	2.25250941075221e-8
0.025872402638824326	2.255132509483933e-8
0.02670176465201842	2.257773187257281e-8
0.02753527347527842	2.2604315866531073e-8
0.028372949842654864	2.263107851690368e-8
0.0292148145918682	2.265802127843856e-8
0.03006088866482743	2.2685145620622838e-8
0.03091119310815165	2.2712453027864903e-8
0.0317657490736924	2.2739944999680787e-8
0.03262457781906081	2.2767623050881727e-8
0.03348770070815601	2.2795488711765806e-8
0.034355139211696875	2.2823543528311525e-8
0.035226914907755424	2.285178906237424e-8
0.03610304948229413	2.2880226891887008e-8
0.03698356472970569	2.29088586110619e-8
0.03786848255335419	2.2937685830596397e-8
0.038757824966120964	2.296671017788243e-8
0.03965161409095162	2.299593329721748e-8
0.04054987216140643	2.30253568500201e-8
0.04145262152221345	2.3054982515048407e-8
0.04235988462982453	2.308481198862125e-8
0.04327168405297366	2.31148469848438e-8
0.0441880424732386	2.314508923583522e-8
0.04510898268560485	2.317554049196085e-8
0.046034527599032954	2.3206202522067646e-8
0.04696470023702812	2.3237077113723143e-8
0.04789952373821329	2.326816607345779e-8
0.048839021356904266	2.329947122701154e-8
0.04978321646368884	2.3330994419584362e-8
0.05073213254600732	2.3362737516089185e-8
0.05168579320873729	2.3394702401410717e-8
0.052644222174780875	2.342689098066717e-8
0.05360744328565471	2.345930517947583e-8
0.054575480502083065	2.3491946944223402e-8
0.055548357904593434	2.3524818242340393e-8
0.056526099694116344	2.3557921062579723e-8
0.0575087301925869	2.3591257415299194e-8
0.05849627384354973	2.362482933274942e-8
0.05948875521276744	2.3658638869365597e-8
0.06048619898883127	2.369268810206353e-8
0.061488629983775384	2.3726979130541477e-8
0.06249607313369419	2.3761514077585814e-8
0.06350855349936275	2.3796295089381956e-8
0.06452609626685958	2.3831324335829275e-8
0.06554872674819387	2.386660401086348e-8
0.06657647038193484	2.390213633278116e-8
0.06760935273384447	2.393792354457139e-8
0.06864739949751365	2.3973967914252254e-8
0.0696906364950013	2.4010271735212573e-8
0.07073908967747639	2.404683732655945e-8
0.07179278512586384	2.408366703347106e-8
0.07285174905149322	2.412076322755562e-8
0.0739160077967507	2.4158128307215543e-8
0.07498558783573436	2.4195764698018532e-8
0.07606051577491299	2.4233674853073294e-8
0.07714081835378758	2.427186125341308e-8
0.07822652244555647	2.4310326408384378e-8
0.07931765505778425	2.434907285604192e-8
0.0804142433330731	2.4388103163550855e-8
0.08151631454973848	2.442741992759563e-8
0.08262389612248718	2.4467025774794773e-8
0.0837370156030995	2.450692336212356e-8
0.0848557006811149	2.454711537734257e-8
0.0859799791845205	2.4587604539434826e-8
0.08710987908044313	2.4628393599049146e-8
0.08824542847584534	2.466948533895122e-8
0.08938665561822454	2.4710882574482554e-8
0.09053358889631567	2.4752588154026904e-8
0.09168625684079722	2.4794604959484192e-8
0.09284468812500112	2.4836935906753675e-8
0.09400891156562617	2.48795839462237e-8
0.0951789561234543	2.4922552063270893e-8
0.09635485090407148	2.496584327876832e-8
0.09753662515859184	2.5009460649600013e-8
0.0987243082843847	2.5053407269187445e-8
0.09991792982580656	2.5097686268022768e-8
0.10111751947493569	2.5142300814212244e-8
0.10232310707231031	2.518725411402858e-8
0.1035347226076718	2.5232549412473282e-8
0.10475239622071016	2.527818999384862e-8
0.10597615820181366	2.532417918233903e-8
0.10720603899282274	2.537052034260404e-8
0.10844206918778684	2.541721688037961e-8
0.10968427953372567	2.546427224309189e-8
0.1109327009313943	2.5511689920480415e-8
0.11218736443605135	2.5559473445233405e-8
0.11344830125823162	2.560762639363302e-8
0.11471554276452282	2.5656152386213262e-8
0.11598912047834534	2.5705055088429084e-8
0.11726906608073695	2.575433821133701e-8
0.11855541141114062	2.5804005512288814e-8
0.11984818846819621	2.585406079563674e-8
0.12114742941053713	2.5904507913451832e-8
0.12245316655758978	2.5955350766255232e-8
0.1237654323903777	2.6006593303762564e-8
0.12508425955232963	2.605823952564188e-8
0.12640968085009122	2.611029348228472e-8
0.1277417292543416	2.616275927559273e-8
0.1290804379006133	2.6215641059776835e-8
0.13042584009011637	2.626894304217245e-8
0.1317779692905669	2.632266948406858e-8
0.13313685913701961	2.6376824701552562e-8
0.13450254343270476	2.6431413066371394e-8
0.13587505614986833	2.648643900680686e-8
0.13725443143061763	2.6541907008568956e-8
0.13864070358777073	2.659782161570413e-8
0.14003390710570945	2.6654187431522356e-8
0.14143407664123803	2.6711009119540135e-8
0.1428412470244442	2.676829140444125e-8
0.1442554532595664	2.68260390730561e-8
0.14567673052586416	2.6884256975359428e-8
0.1471051141784935	2.694295002548647e-8
0.14854063974938603	2.7002123202769155e-8
0.149983342948133	2.7061781552790596e-8
0.15143325966287374	2.7121930188461228e-8
0.15289042596118813	2.7182574291114457e-8
0.15435487809099402	2.724371911162379e-8
0.15582665248144906	2.7305369971541325e-8
0.1573057857438562	2.7367532264257564e-8
0.15879231467257537	2.7430211456185197e-8
0.16028627624593816	2.749341308796383e-8
0.16178770762716785	2.755714277568931e-8
0.16329664616530362	2.7621406212166963e-8
0.16481312939613008	2.7686209168189308e-8
0.1663371950431107	2.775155749383787e-8
0.16786888101832628	2.781745711981168e-8
0.1694082254234178	2.7883914058781548e-8
0.1709552665505349	2.7950934406771064e-8
0.17251004288328747	2.801852434456483e-8
0.17407259309770393	2.8086690139145096e-8
0.17564295606319252	2.815543814515633e-8
0.17722117084350858	2.822477480639968e-8
0.17880727669772617	2.829470665735693e-8
0.18040131308121476	2.8365240324745666e-8
0.18200331964662084	2.843638252910504e-8
0.18361333624485401	2.8508140086414048e-8
0.18523140292607826	2.8580519909742858e-8
0.18685755994070874	2.8653529010936696e-8
0.1884918477404122	2.8727174502335168e-8
0.19013430697911424	2.880146359852637e-8
0.1917849785140098	2.88764036181368e-8
0.19344390340657974	2.8952001985657864e-8
0.19511112292361268	2.9028266233311032e-8
0.1967866785382308	2.9105204002950626e-8
0.19847061193092203	2.9182823048005887e-8
0.20016296499057665	2.9261131235465192e-8
0.20186377981552947	2.9340136547899404e-8
0.2035730987146071	2.9419847085529114e-8
0.20529096420818022	2.9500271068335283e-8
0.20701741902922113	2.9581416838212756e-8
0.20875250612436722	2.9663292861171872e-8
0.210496268654989	2.974590772958439e-8
0.21224874999826396	2.9829270164478534e-8
0.21400999374825516	2.9913389017882016e-8
0.21578004371699644	2.999827327521621e-8
0.21755894393558148	3.008393205774115e-8
0.2193467386552594	3.017037462505252e-8
0.22114347234853576	3.0257610377634016e-8
0.22294918971027836	3.0345648859463585e-8
0.2247639356588297	3.0434499760676764e-8
0.2265877553371239	3.052417292028868e-8
0.2284206941138094	3.061467832897431e-8
0.23026279758437848	3.070602613191056e-8
0.23211411157230027	3.07982266316811e-8
0.23397468213016168	3.08912902912438e-8
0.23584455554081238	3.098522773696541e-8
0.23772377831851643	3.108004976172352e-8
0.23961239721010893	3.1175767328076536e-8
0.24151045919615952	3.1272391571504815e-8
0.24341801149214037	3.136993380372529e-8
0.24533510154960114	3.1468405516080215e-8
0.24726177705734917	3.156781838300101e-8
0.24919808594263598	3.1668184265552864e-8
0.2511440763723492	3.1769515215058324e-8
0.2530997967542111	3.1871823476803365e-8
0.25506529573798215	3.197512149382827e-8
0.2570406222166721	3.2079421910806605e-8
0.25902582532775553	3.2184737578011305e-8
0.2610209544543945	3.229108155537458e-8
0.2630260592266663	3.2398467116639167e-8
0.2650411895227997	3.250690775360862e-8
0.26706639547041383	3.261641718049545e-8
0.2691017274477658	3.272700933837038e-8
0.2711472360850044	3.2838698399717214e-8
0.27320297226542956	3.295149877309362e-8
0.2752689871267568	3.306542510790358e-8
0.2773453320623904	3.318049229928119e-8
0.27943205872270227	3.3296715493092324e-8
0.2815292190163157	3.341411009105363e-8
0.28363686511139713	3.353269175597603e-8
0.2857550494369543	3.365247641713292e-8
0.287883824684139	3.3773480275758705e-8
0.2900232438075598	3.3895719810679055e-8
0.29217336002659744	3.4019211784078725e-8
0.2943342268267306	3.414397324741044e-8
0.2965058979608642	3.4270021547445995e-8
0.2986884274506685	3.4397374332478094e-8
0.3008818695879217	3.452604955867421e-8
0.3030862789358613	3.4656065496585586e-8
0.3053017103305407	3.4787440737820874e-8
0.30752821888219345	3.492019420188207e-8
0.3097658599766045	3.505434514317351e-8
0.31201468927648746	3.51899131581863e-8
0.3142747627228697	3.5326918192862146e-8
0.31654613653648417	3.546538055014372e-8
0.31882886721916665	3.560532089771586e-8
0.32112301155526257	3.574676027594405e-8
0.3234286266130387	3.588972010601451e-8
0.325745769746104	3.603422219828394e-8
0.3280744985948343	3.6180288760841286e-8
0.33041487108780826	3.632794240829324e-8
0.3327669454432473	3.647720617077521e-8
0.3351307801704635	3.662810350319621e-8
0.3375064340713156	3.6780658294726656e-8
0.33989396624167195	3.693489487853152e-8
0.3422934360728803	3.709083804176171e-8
0.3447049032532445	3.724851303580719e-8
0.34712842776951053	3.740794558682303e-8
0.3495640699083581	3.7569161906532716e-8
0.3520118902578999	3.7732188703321794e-8
0.35447194970918944	3.789705319362719e-8
0.35694430945773536	3.8063783113633086e-8
0.35942903100502394	3.8232406731281764e-8
0.36192617616004885	3.840295285860979e-8
0.36443580704084905	3.8575450864420255e-8
0.3669579860760533	3.8749930687299696e-8
0.3694927760064337	3.892642284899177e-8
0.3720402398864656	3.910495846814004e-8
0.37460044108589774	3.928556927440842e-8
0.37717344329132724	3.9468287622994614e-8
0.37975931050778367	3.9653146509545816e-8
0.38235810706032236	3.984017958549304e-8
0.3849698975956241	4.002942117381448e-8
0.38759474708360203	4.0220906285242914e-8
0.39023272081902005	4.041467063493234e-8
0.39288388442311495	4.0610750659598167e-8
0.3955483038452304	4.080918353514342e-8
0.39822604536445655	4.10100071947938e-8
0.40091717559127893	4.121326034775185e-8
0.4036217614692354	4.1418982498388875e-8
0.4063398702765814	4.162721396599636e-8
0.40907156962796437	4.183799590510966e-8
0.4118169274761041	4.2051370326427866e-8
0.41457601211348477	4.2267380118346245e-8
0.41734889217405197	4.248606906912551e-8
0.42013563663492237	4.270748188971738e-8
0.4229363148180968	4.29316642372676e-8
0.4257509963921872	4.315866273932441e-8
0.4285797513741481	4.3388525018769605e-8
0.431422650131019	4.362129971950421e-8
0.4342797633816742	4.3857036532910585e-8
0.4371511621985827	4.409578622511935e-8
0.4400369180095757	4.433760066510935e-8
0.4429371025996235	4.4582532853670105e-8
0.44585178811262155	4.48306369532574e-8
0.44878104705318456	4.5081968318772614e-8
0.4517249522884503	4.533658352930067e-8
0.4546835770498925	4.5594540420838696e-8
0.4576569949351417	4.5855898120054543e-8
0.4606452799098173	4.6120717079109124e-8
0.46364850630936627	4.638905911158158e-8
0.46666674884091325	4.666098742954177e-8
0.46970008258511775	4.693656668180526e-8
0.4727485829980431	4.721586299342383e-8
0.47581232591303324	4.7498944006447737e-8
0.47889138754259847	4.7785878922012935e-8
0.4819858444803113	4.8076738543804056e-8
0.48509577370271284	4.837159532294106e-8
0.48822125257122634	4.8670523404345825e-8
0.4913623588340824	4.897359867464668e-8
0.49451917062825274	4.9280898811676095e-8
0.49769176648139396	4.959250333562728e-8
0.5008802253138008	4.9908493661932526e-8
0.50408462644037	5.0228953155927345e-8
0.5073050495725719	5.0553967189377545e-8
0.5105415748204347	5.088362319893809e-8
0.513794282694537	5.121801074661844e-8
0.5170632541080095	5.1557221582341276e-8
0.5203485703785496	5.1901349708674706e-8
0.5236503132304423	5.2250491447825574e-8
0.5269685647965943	5.2604745510986524e-8
0.530303407620577	5.2964213070136375e-8
0.5336549246586798	5.332899783239153e-8
0.5370231992819733	5.369920611701342e-8
0.5404083152783831	5.407494693518886e-8
0.5438103568547752	5.445633207269364e-8
0.5472294086390488	5.4843476175565025e-8
0.5506655556822441	5.5236496838911316e-8
0.5541188834606553	5.5635514698991904e-8
0.5575894778779587	5.6040653528709976e-8
0.5610774252673482	5.645204033666899e-8
0.5645828123936848	5.68698054699445e-8
0.5681057264556529	5.729408272073884e-8
0.5716462550879313	5.7725009437093064e-8
0.575204486363371	5.8162726637835405e-8
0.5787805087951877	5.8607379131956856e-8
0.5823744113391636	5.905911564262343e-8
0.5859862833958592	5.951808893602724e-8
0.5896162148128385	5.998445595531043e-8
0.5932642958869029	6.045837795979487e-8
0.5969306173663373	6.094002066976627e-8
0.6006152704531689	6.142955441708335e-8
0.6043183468054348	6.192715430188483e-8
0.6080399385394619	6.243300035569408e-8
0.6117801382321592	6.294727771123653e-8
0.6155390389233196	6.347017677929468e-8
0.6193167341179363	6.40018934329598e-8
0.623113317788526	6.454262919965205e-8
0.6269288843774687	6.509259146130129e-8
0.6307635287993559	6.565199366311541e-8
0.6346173464433525	6.6221055531382e-8
0.6384904331755692	6.680000330078271e-8
0.642382885341447	6.738906995172498e-8
0.6462947997681542	6.798849545824101e-8
0.6502262737669948	6.85985270470337e-8
0.6541774051358298	6.921941946828268e-8
0.6581482921615086	6.985143527889134e-8
0.6621390336223161	7.049484513887757e-8
0.6661497287904276	7.114992812168293e-8
0.6701804774343794	7.181697203922556e-8
0.6742313798215511	7.249627378259084e-8
0.678302536720659	7.318813967932592e-8
0.6823940494042624	7.389288586837792e-8
0.6865060196512838	7.461083869382181e-8
0.6906385497495403	7.534233511859947e-8
0.694791742498288	7.608772315962902e-8
0.6989657012107795	7.684736234575231e-8
0.7031605297168335	7.762162420014095e-8
0.7073763323654175	7.841089274894242e-8
0.7116132140272448	7.921556505812929e-8
0.7158712800973807	8.0036051800733e-8
0.7201506364978674	8.087277785688613e-8
0.7244513896803564	8.17261829493792e-8
0.728773646628758	8.259672231775416e-8
0.7331175148619017	8.348486743435872e-8
0.7374831024362114	8.43911067662046e-8
0.7418705179483922	8.531594658700824e-8
0.7462798705381343	8.625991184439162e-8
0.750711269890825	8.722354708795066e-8
0.7551648262402791	8.820741746474934e-8
0.7596406503714807	8.921210978980404e-8
0.7641388536233382	9.023823370035175e-8
0.7686595478914547	9.128642290411543e-8
0.773202845630912	9.23573365335491e-8
0.7777688598590664	9.345166062010508e-8
0.7823577041583616	9.457010970511341e-8
0.7869694926791535	9.5713428606895e-8
0.7916043401425493	9.688239436744548e-8
0.796262361843262	9.807781840652075e-8
0.8009436736524783	9.930054891644767e-8
0.8056483920207407	1.0055147353766019e-7
0.8103766339808444	1.0183152236319772e-7
0.8151285171507487	1.0314167133040494e-7
0.8199041597365022	1.0448294607046445e-7
0.8247036805351848	1.058564263015577e-7
0.8295271989378608	1.0726325087020525e-7
0.8343748349325502	1.087046235684625e-7
0.8392467091072129	1.1018181988325753e-7
0.844142942652749	1.1169619486962052e-7
0.8490636573660127	1.1324919238350137e-7
0.8540089756528428	1.1484235596452356e-7
0.8589790205311072	1.1647734172696497e-7
0.8639739156337627	1.1815593370193512e-7
0.8689739156337625	1.1987316245087583e-7
0.8739739156337623	1.2162879996051016e-7
0.878973915633762	1.2342445246590476e-7
0.8839739156337618	1.2526188553100615e-7
0.8889739156337617	1.2714305062388978e-7
0.8939739156337615	1.2907011689832495e-7
0.8989739156337613	1.3104550924880459e-7
0.9039739156337611	1.3307195392733972e-7
0.9089739156337608	1.3515253327820008e-7
0.9139739156337606	1.3729075147075672e-7
0.9189739156337604	1.394906135021592e-7
0.9239739156337602	1.4175672021514735e-7
0.9289739156337601	1.4409438264880037e-7
0.9339739156337599	1.4650975973232256e-7
0.9389739156337596	1.4901002416907923e-7
0.9439739156337594	1.5160356237032687e-7
0.9489739156337592	1.5430021552206795e-7
0.953973915633759	1.5711157034858395e-7
0.9589739156337588	1.6005130992588292e-7
0.9639739156337586	1.63135637062408e-7
0.9689739156337585	1.6638378538109315e-7
0.9739739156337582	1.6981863640073573e-7
0.978973915633758	1.7346746473998576e-7
0.9839739156337578	1.7736283819204168e-7
0.9889739156337576	1.815437050089852e-7
0.9939739156337574	1.8605670749296836e-7
0.9989739156337571	1.9095776916002712e-7
1.003973915633757	1.9631401261432183e-7
1.0089739156337567	2.0220607719970942e-7
1.0139739156337566	2.0873091990821754e-7
1.0189739156337563	2.1600520043472385e-7
1.0239739156337562	2.241693722934069e-7
1.028973915633756	2.33392627298653e-7
1.0339739156337557	2.438788713575548e-7
1.0389739156337556	2.558739464994794e-7
1.0439739156337553	2.6967435867306115e-7
1.0489739156337552	2.856378246226718e-7
1.0539739156337549	3.0419601597083574e-7
1.0589739156337548	3.258699567003581e-7
1.0639739156337544	3.512886241979998e-7
1.0689739156337543	3.8121141704620667e-7
1.0739739156337542	4.165552885774609e-7
1.0789739156337539	4.5842750827668063e-7
1.0839739156337538	5.081652086705791e-7
1.0889739156337535	5.673831095373693e-7
1.0939739156337533	6.380310913102642e-7
1.098973915633753	7.22463623807726e-7
1.103973915633753	8.235234545705115e-7
1.1089739156337528	9.446424341720206e-7
1.1139739156337525	1.0899629164004874e-6
1.1189739156337524	1.264483833119095e-6
1.123973915633752	1.4742363221354402e-6
1.128973915633752	1.726494697797691e-6
1.1339739156337516	2.0300296149754424e-6
1.1389739156337515	2.3954115038052953e-6
1.1439739156337512	2.835373759415175e-6
1.148973915633751	3.3652467681191185e-6
1.153973915633751	4.00347564256099e-6
1.1589739156337506	4.77223651500805e-6
1.1639739156337505	5.698168375422402e-6
1.1689739156337502	6.813239689483504e-6
1.17397391563375	8.15577130746106e-6
1.1789739156337498	9.771639347407189e-6
1.1839739156337497	1.1715683614345354e-5
1.1889739156337495	1.4053348432508192e-5
1.1939739156337492	1.6862583157200987e-5
1.197980436725312	1.951582776261788e-5
1.2019869578168745	2.2586530707403364e-5
1.2059934789084372	2.6138181878499325e-5
1.21	3.0243291743945535e-5
