0.0006999999999999628	5.160472989299516e-9
0.001403500000000035	5.1656278088425295e-9
0.0021105174999999296	5.170816139528721e-9
0.0028210700874998964	5.176038221815087e-9
0.003535175437937438	5.181294318525468e-9
0.004252851315127062	5.186584695226844e-9
0.004974115571702636	5.191909620061236e-9
0.005698986149561044	5.197269363774043e-9
0.006427481080308875	5.202664199745181e-9
0.007159618485710418	5.208094404020644e-9
0.007895416578138905	5.213560255344509e-9
0.008634893661029494	5.219062035191302e-9
0.00937806812933463	5.2246000277990435e-9
0.010124958469981361	5.230174520202528e-9
0.010875583262331262	5.235785802267214e-9
0.01162996117864295	5.241434166723666e-9
0.012388110984536127	5.247119909202311e-9
0.013150051539458866	5.252843328268858e-9
0.013915801797156208	5.2586047254601245e-9
0.014685380806142003	5.264404405320439e-9
0.015458807710172712	5.270242675438698e-9
0.01623610174872358	5.276119846485593e-9
0.017017282257467212	5.282036232251858e-9
0.017802368668754516	5.287992149686718e-9
0.01859138051209827	5.293987918937066e-9
0.019384337414658823	5.300023863387158e-9
0.020181259101732015	5.306100309698959e-9
0.020982165397240727	5.312217587853121e-9
0.02178707622422691	5.3183760311902685e-9
0.02259601160534814	5.324575976453356e-9
0.02340899166337483	5.330817763830316e-9
0.024226036621691812	5.337101736997559e-9
0.02504716680480027	5.343428243163923e-9
0.025872402638824326	5.34979763311538e-9
0.02670176465201842	5.356210261260486e-9
0.02753527347527842	5.362666485676485e-9
0.028372949842654864	5.369166668155995e-9
0.0292148145918682	5.375711174254505e-9
0.03006088866482743	5.382300373338561e-9
0.03091119310815165	5.388934638634841e-9
0.0317657490736924	5.395614347279641e-9
0.03262457781906081	5.402339880369431e-9
0.03348770070815601	5.409111623012067e-9
0.034355139211696875	5.415929964378722e-9
0.035226914907755424	5.4227952977568045e-9
0.03610304948229413	5.42970802060354e-9
0.03698356472970569	5.436668534600423e-9
0.03786848255335419	5.4436772457084384e-9
0.038757824966120964	5.450734564224345e-9
0.03965161409095162	5.457840904837643e-9
0.04054987216140643	5.4649966866886e-9
0.04145262152221345	5.47220233342687e-9
0.04235988462982453	5.479458273271542e-9
0.04327168405297366	5.486764939071606e-9
0.0441880424732386	5.494122768367734e-9
0.04510898268560485	5.501532203454933e-9
0.046034527599032954	5.5089936914460686e-9
0.04696470023702812	5.516507684336579e-9
0.04789952373821329	5.524074639070222e-9
0.048839021356904266	5.531695017605687e-9
0.04978321646368884	5.5393692869843985e-9
0.05073213254600732	5.5470979193994655e-9
0.05168579320873729	5.554881392265621e-9
0.052644222174780875	5.562720188290295e-9
0.05360744328565471	5.570614795546063e-9
0.054575480502083065	5.578565707543909e-9
0.055548357904593434	5.586573423307861e-9
0.056526099694116344	5.594638447451035e-9
0.0575087301925869	5.602761290252502e-9
0.05849627384354973	5.610942467735767e-9
0.05948875521276744	5.619182501748436e-9
0.06048619898883127	5.627481920043026e-9
0.061488629983775384	5.63584125635946e-9
0.06249607313369419	5.644261050508497e-9
0.06350855349936275	5.652741848456935e-9
0.06452609626685958	5.661284202414007e-9
0.06554872674819387	5.669888670919208e-9
0.06657647038193484	5.67855581893181e-9
0.06760935273384447	5.6872862179214935e-9
0.06864739949751365	5.696080445960999e-9
0.0696906364950013	5.704939087819914e-9
0.07073908967747639	5.713862735060107e-9
0.07179278512586384	5.722851986133044e-9
0.07285174905149322	5.731907446478514e-9
0.0739160077967507	5.741029728625092e-9
0.07498558783573436	5.750219452292278e-9
0.07606051577491299	5.759477244494502e-9
0.07714081835378758	5.768803739646787e-9
0.07822652244555647	5.77819957967232e-9
0.07931765505778425	5.7876654141117735e-9
0.0804142433330731	5.797201900234581e-9
0.08151631454973848	5.8068097031522695e-9
0.08262389612248718	5.816489495933359e-9
0.0837370156030995	5.82624195972077e-9
0.0848557006811149	5.836067783850953e-9
0.0859799791845205	5.84596766597513e-9
0.08710987908044313	5.855942312182783e-9
0.08824542847584534	5.865992437127327e-9
0.08938665561822454	5.876118764153721e-9
0.09053358889631567	5.886322025428728e-9
0.09168625684079722	5.896602962073231e-9
0.09284468812500112	5.906962324296983e-9
0.09400891156562617	5.917400871535657e-9
0.0951789561234543	5.927919372590635e-9
0.09635485090407148	5.938518605770858e-9
0.09753662515859184	5.949199359037682e-9
0.0987243082843847	5.959962430151978e-9
0.09991792982580656	5.9708086268241665e-9
0.10111751947493569	5.981738766866759e-9
0.10232310707231031	5.9927536783497654e-9
0.1035347226076718	6.003854199758998e-9
0.10475239622071016	6.0150411801571385e-9
0.10597615820181366	6.026315479347871e-9
0.10720603899282274	6.037677968042867e-9
0.10844206918778684	6.049129528032076e-9
0.10968427953372567	6.060671052356909e-9
0.1109327009313943	6.072303445486957e-9
0.11218736443605135	6.0840276234995425e-9
0.11344830125823162	6.095844514263062e-9
0.11471554276452282	6.107755057623488e-9
0.11598912047834534	6.1197602055943615e-9
0.11726906608073695	6.131860922550555e-9
0.11855541141114062	6.144058185425556e-9
0.11984818846819621	6.1563529839122386e-9
0.12114742941053713	6.168746320668086e-9
0.12245316655758978	6.181239211523433e-9
0.1237654323903777	6.19383268569449e-9
0.12508425955232963	6.2065277859999745e-9
0.12640968085009122	6.219325569081987e-9
0.1277417292543416	6.232227105631085e-9
0.1290804379006133	6.245233480615997e-9
0.13042584009011637	6.258345793517248e-9
0.1317779692905669	6.271565158565783e-9
0.13313685913701961	6.284892704986078e-9
0.13450254343270476	6.298329577243691e-9
0.13587505614986833	6.311876935298315e-9
0.13725443143061763	6.3255359548611055e-9
0.13864070358777073	6.33930782765741e-9
0.14003390710570945	6.353193761694793e-9
0.14143407664123803	6.367194981535972e-9
0.1428412470244442	6.381312728577609e-9
0.1442554532595664	6.395548261334254e-9
0.14567673052586416	6.409902855728264e-9
0.1471051141784935	6.424377805385411e-9
0.14854063974938603	6.438974421936279e-9
0.149983342948133	6.453694035324006e-9
0.15143325966287374	6.468537994118077e-9
0.15289042596118813	6.483507665834472e-9
0.15435487809099402	6.498604437262344e-9
0.15582665248144906	6.513829714797363e-9
0.1573057857438562	6.529184924781917e-9
0.15879231467257537	6.544671513852196e-9
0.16028627624593816	6.560290949292607e-9
0.16178770762716785	6.576044719397054e-9
0.16329664616530362	6.5919343338383435e-9
0.16481312939613008	6.607961324044759e-9
0.1663371950431107	6.624127243584662e-9
0.16786888101832628	6.640433668559086e-9
0.1694082254234178	6.656882198002677e-9
0.1709552665505349	6.673474454292912e-9
0.17251004288328747	6.690212083567893e-9
0.17407259309770393	6.707096756153346e-9
0.17564295606319252	6.7241301669982486e-9
0.17722117084350858	6.74131403611995e-9
0.17880727669772617	6.758650109058798e-9
0.18040131308121476	6.7761401573425165e-9
0.18200331964662084	6.793785978960396e-9
0.18361333624485401	6.8115893988480086e-9
0.18523140292607826	6.829552269382096e-9
0.18685755994070874	6.847676470886619e-9
0.1884918477404122	6.8659639121491335e-9
0.19013430697911424	6.884416530949351e-9
0.1917849785140098	6.903036294598422e-9
0.19344390340657974	6.921825200490782e-9
0.19511112292361268	6.940785276667766e-9
0.1967866785382308	6.959918582393686e-9
0.19847061193092203	6.979227208745057e-9
0.20016296499057665	6.998713279212529e-9
0.20186377981552947	7.018378950316566e-9
0.2035730987146071	7.038226412236945e-9
0.20529096420818022	7.0582578894562345e-9
0.20701741902922113	7.078475641417967e-9
0.20875250612436722	7.098881963199564e-9
0.210496268654989	7.119479186200967e-9
0.21224874999826396	7.140269678848459e-9
0.21400999374825516	7.161255847314922e-9
0.21578004371699644	7.182440136256647e-9
0.21755894393558148	7.203825029566993e-9
0.2193467386552594	7.22541305114774e-9
0.22114347234853576	7.247206765697886e-9
0.22294918971027836	7.26920877952142e-9
0.2247639356588297	7.291421741353518e-9
0.2265877553371239	7.313848343206467e-9
0.2284206941138094	7.336491321235081e-9
0.23026279758437848	7.3593534566231335e-9
0.23211411157230027	7.382437576490341e-9
0.23397468213016168	7.405746554821288e-9
0.23584455554081238	7.429283313416079e-9
0.23772377831851643	7.453050822864525e-9
0.23961239721010893	7.47705210354286e-9
0.24151045919615952	7.50129022663543e-9
0.24341801149214037	7.525768315180329e-9
0.24533510154960114	7.550489545141109e-9
0.24726177705734917	7.575457146504384e-9
0.24919808594263598	7.600674404404282e-9
0.2511440763723492	7.626144660274753e-9
0.2530997967542111	7.651871313029825e-9
0.25506529573798215	7.67785782027418e-9
0.2570406222166721	7.704107699542449e-9
0.25902582532775553	7.73062452957046e-9
0.2610209544543945	7.757411951598053e-9
0.2630260592266663	7.784473670704498e-9
0.2650411895227997	7.811813457177904e-9
0.26706639547041383	7.839435147919089e-9
0.2691017274477658	7.86734264788128e-9
0.2711472360850044	7.895539931546705e-9
0.27320297226542956	7.924031044440692e-9
0.2752689871267568	7.952820104685185e-9
0.2773453320623904	7.981911304592017e-9
0.27943205872270227	8.011308912297711e-9
0.2815292190163157	8.04101727344071e-9
0.28363686511139713	8.071040812882668e-9
0.2857550494369543	8.101384036474614e-9
0.287883824684139	8.132051532869859e-9
0.2900232438075598	8.163047975384882e-9
0.29217336002659744	8.194378123909216e-9
0.2943342268267306	8.226046826866995e-9
0.2965058979608642	8.25805902323033e-9
0.2986884274506685	8.290419744586868e-9
0.3008818695879217	8.323134117263783e-9
0.3030862789358613	8.356207364508185e-9
0.3053017103305407	8.389644808728202e-9
0.30752821888219345	8.423451873793766e-9
0.3097658599766045	8.457634087401867e-9
0.31201468927648746	8.492197083506026e-9
0.3142747627228697	8.527146604813322e-9
0.31654613653648417	8.562488505350541e-9
0.31882886721916665	8.598228753102246e-9
0.32112301155526257	8.634373432721946e-9
0.3234286266130387	8.670928748320496e-9
0.325745769746104	8.707901026332186e-9
0.3280744985948343	8.745296718462852e-9
0.33041487108780826	8.783122404721558e-9
0.3327669454432473	8.821384796538696e-9
0.3351307801704635	8.860090739974266e-9
0.3375064340713156	8.899247219017958e-9
0.33989396624167195	8.938861358985318e-9
0.3422934360728803	8.978940430012458e-9
0.3447049032532445	9.019491850652424e-9
0.34712842776951053	9.060523191578002e-9
0.3495640699083581	9.102042179392725e-9
0.3520118902578999	9.144056700554915e-9
0.35447194970918944	9.186574805418584e-9
0.35694430945773536	9.229604712394546e-9
0.35942903100502394	9.273154812236537e-9
0.36192617616004885	9.317233672456459e-9
0.36443580704084905	9.361850041872951e-9
0.3669579860760533	9.407012855298227e-9
0.3694927760064337	9.452731238368112e-9
0.3720402398864656	9.499014512519882e-9
0.37460044108589774	9.545872200123806e-9
0.37717344329132724	9.593314029772839e-9
0.37975931050778367	9.641349941737511e-9
0.38235810706032236	9.689990093590189e-9
0.3849698975956241	9.739244866006689e-9
0.38759474708360203	9.78912486874977e-9
0.39023272081902005	9.839640946842805e-9
0.39288388442311495	9.890804186939415e-9
0.3955483038452304	9.942625923896618e-9
0.39822604536445655	9.99511774755917e-9
0.40091717559127893	1.0048291509762555e-8
0.4036217614692354	1.0102159331562939e-8
0.4063398702765814	1.015673361070293e-8
0.40907156962796437	1.0212027029320827e-8
0.4118169274761041	1.026805256191427e-8
0.41457601211348477	1.0324823483565855e-8
0.41734889217405197	1.038235337844293e-8
0.42013563663492237	1.0440656148580227e-8
0.4229363148180968	1.0499746022956919e-8
0.4257509963921872	1.0559637566879677e-8
0.4285797513741481	1.0620345691683115e-8
0.431422650131019	1.068188566476067e-8
0.4342797633816742	1.0744273119937512e-8
0.4371511621985827	1.0807524068201151e-8
0.4400369180095757	1.0871654908801422e-8
0.4429371025996235	1.0936682440736538e-8
0.44585178811262155	1.1002623874639169e-8
0.44878104705318456	1.106949684508019e-8
0.4517249522884503	1.1137319423304897e-8
0.4546835770498925	1.1206110130421466e-8
0.4576569949351417	1.1275887951058245e-8
0.4606452799098173	1.1346672347510482e-8
0.46364850630936627	1.1418483274395625e-8
0.46666674884091325	1.149134119383913e-8
0.46970008258511775	1.1565267091212115e-8
0.4727485829980431	1.1640282491444728e-8
0.47581232591303324	1.171640947593856e-8
0.47889138754259847	1.1793670700104669e-8
0.4819858444803113	1.1872089411552329e-8
0.48509577370271284	1.1951689468958243e-8
0.48822125257122634	1.203249536164332e-8
0.4913623588340824	1.2114532229889676e-8
0.49451917062825274	1.2197825886028652e-8
0.49769176648139396	1.2282402836334487e-8
0.5008802253138008	1.2368290303758404e-8
0.50408462644037	1.2455516251540804e-8
0.5073050495725719	1.2544109407740622e-8
0.5105415748204347	1.2634099290722893e-8
0.513794282694537	1.2725516235647184e-8
0.5170632541080095	1.2818391422003337e-8
0.5203485703785496	1.2912756902241323e-8
0.5236503132304423	1.3008645631545804e-8
0.5269685647965943	1.3106091498808297e-8
0.530303407620577	1.3205129358852473e-8
0.5336549246586798	1.3305795065971251e-8
0.5370231992819733	1.3408125508837529e-8
0.5404083152783831	1.3512158646853093e-8
0.5438103568547752	1.3617933548005194e-8
0.5472294086390488	1.3725490428302486e-8
0.5506655556822441	1.3834870692866842e-8
0.5541188834606553	1.3946116978761826e-8
0.5575894778779587	1.405927319964303e-8
0.5610774252673482	1.4174384592319876e-8
0.5645828123936848	1.4291497765324582e-8
0.5681057264556529	1.4410660749588616e-8
0.5716462550879313	1.4531923051333265e-8
0.575204486363371	1.465533570728713e-8
0.5787805087951877	1.4780951342350725e-8
0.5823744113391636	1.4908824229833845e-8
0.5859862833958592	1.5039010354401437e-8
0.5896162148128385	1.517156747787042e-8
0.5932642958869029	1.5306555208009173e-8
0.5969306173663373	1.5444035070502262e-8
0.6006152704531689	1.558407058425107e-8
0.6043183468054348	1.5726727340194512e-8
0.6080399385394619	1.5872073083845785e-8
0.6117801382321592	1.6020177801753386e-8
0.6155390389233196	1.6171113812109345e-8
0.6193167341179363	1.6324955859744974e-8
0.623113317788526	1.6481781215769197e-8
0.6269288843774687	1.664166978212472e-8
0.6307635287993559	1.6804704201358077e-8
0.6346173464433525	1.6970969971920726e-8
0.6384904331755692	1.7140555569345482e-8
0.642382885341447	1.7313552573668907e-8
0.6462947997681542	1.7490055803499293e-8
0.6502262737669948	1.7670163457169365e-8
0.6541774051358298	1.785397726144236e-8
0.6581482921615086	1.8041602628291535e-8
0.6621390336223161	1.8233148820313875e-8
0.6661497287904276	1.842872912539633e-8
0.6701804774343794	1.862846104131193e-8
0.6742313798215511	1.8832466470992888e-8
0.678302536720659	1.9040871929304526e-8
0.6823940494042624	1.925380876223438e-8
0.6865060196512838	1.947141337951316e-8
0.6906385497495403	1.969382750179987e-8
0.694791742498288	1.9921198423700773e-8
0.6989657012107795	2.015367929404717e-8
0.7031605297168335	2.0391429415038552e-8
0.7073763323654175	2.063461456206946e-8
0.7116132140272448	2.0883407326304147e-8
0.7158712800973807	2.113798748235351e-8
0.7201506364978674	2.1398542383743497e-8
0.7244513896803564	2.166526738926978e-8
0.728773646628758	2.193836632379764e-8
0.7331175148619017	2.221805197762713e-8
0.7374831024362114	2.2504546649203403e-8
0.7418705179483922	2.2798082736738808e-8
0.7462798705381343	2.3098903385247998e-8
0.750711269890825	2.340726319661903e-8
0.7551648262402791	2.3723429011678326e-8
0.7596406503714807	2.4047680774816948e-8
0.7641388536233382	2.438031249366996e-8
0.7686595478914547	2.47216333086656e-8
0.773202845630912	2.5071968690058235e-8
0.7777688598590664	2.543166178343719e-8
0.7823577041583616	2.5801074928799464e-8
0.7869694926791535	2.618059138322023e-8
0.7916043401425493	2.657061728317213e-8
0.796262361843262	2.6971583889851288e-8
0.8009436736524783	2.7383950169752278e-8
0.8056483920207407	2.7808205773574292e-8
0.8103766339808444	2.8244874489756434e-8
0.8151285171507487	2.8694518265094484e-8
0.8199041597365022	2.915774190464991e-8
0.8247036805351848	2.9635198587367222e-8
0.8295271989378608	3.012759636350133e-8
0.8343748349325502	3.063570583640393e-8
0.8392467091072129	3.116036927603033e-8
0.844142942652749	3.17025114666773e-8
0.8490636573660127	3.226315265942131e-8
0.8540089756528428	3.28434240835603e-8
0.8589790205311072	3.3444586574899174e-8
0.8639739156337627	3.406805300673606e-8
0.8689739156337625	3.471281006779075e-8
0.8739739156337623	3.5379677563595225e-8
0.878973915633762	3.607029742105171e-8
0.8839739156337618	3.678654109946667e-8
0.8889739156337617	3.753055069680072e-8
0.8939739156337615	3.8304787944901364e-8
0.8989739156337613	3.911209264059359e-8
0.9039739156337611	3.9955752364915946e-8
0.9089739156337608	4.083958570942421e-8
0.9139739156337606	4.176804166802552e-8
0.9189739156337604	4.274631837988123e-8
0.9239739156337602	4.3780505040970505e-8
0.9289739156337601	4.4877751559966424e-8
0.9339739156337599	4.6046471443325466e-8
0.9389739156337596	4.729658448524449e-8
0.9439739156337594	4.863980714669392e-8
0.9489739156337592	5.0090000077819267e-8
0.953973915633759	5.1663584121975006e-8
0.9589739156337588	5.3380038400583246e-8
0.9639739156337586	5.526249679147325e-8
0.9689739156337585	5.733846237031248e-8
0.9739739156337582	5.964066329431451e-8
0.978973915633758	6.22080783008332e-8
0.9839739156337578	6.508716562830134e-8
0.9889739156337576	6.833333593263055e-8
0.9939739156337574	7.201271789620028e-8
0.9989739156337571	7.620427498229289e-8
1.003973915633757	8.100234350385145e-8
1.0089739156337567	8.651967624634922e-8
1.0139739156337566	9.289109278480028e-8
1.0189739156337563	1.0027785793406353e-7
1.0239739156337562	1.0887293415441377e-7
1.028973915633756	1.1890728302294512e-7
1.0339739156337557	1.3065742606356912e-7
1.0389739156337556	1.4445451749022363e-7
1.0439739156337553	1.6069523218356955e-7
1.0489739156337552	1.7985483320044613e-7
1.0539739156337549	2.0250285635897071e-7
1.0589739156337548	2.2932193741155105e-7
1.0639739156337544	2.611304129631382e-7
1.0689739156337543	2.989094531497692e-7
1.0739739156337542	3.438356363966388e-7
1.0789739156337539	3.9732005939446554e-7
1.0839739156337538	4.610552948269985e-7
1.0889739156337535	5.370717725889443e-7
1.0939739156337533	6.278054758865021e-7
1.098973915633753	7.361792219949034e-7
1.103973915633753	8.657002507887636e-7
1.1089739156337528	1.0205773869655146e-6
1.1139739156337525	1.2058616913261287e-6
1.1189739156337524	1.427615292816771e-6
1.123973915633752	1.6931140200981946e-6
1.128973915633752	2.0110905570876125e-6
1.1339739156337516	2.392026163699409e-6
1.1389739156337515	2.8485005685048294e-6
1.1439739156337512	3.395611497428758e-6
1.148973915633751	4.051477501069583e-6
1.153973915633751	4.837840338015108e-6
1.1589739156337506	5.780786223876008e-6
1.1639739156337505	6.911608832108965e-6
1.1689739156337502	8.267841103328966e-6
1.17397391563375	9.894487756179357e-6
1.1789739156337498	1.1845495963497569e-5
1.1839739156337497	1.4185508021869454e-5
1.1889739156337495	1.699194704175442e-5
1.1939739156337492	2.035749472907412e-5
1.197980436725312	2.3531849724550636e-5
1.2019869578168745	2.7202894690433605e-5
1.2059934789084372	3.144778387057113e-5
1.21	3.6355441359771206e-5
