0.0006999999999999628	1.3492064164187358e-8
0.001403500000000035	1.3505208315452663e-8
0.0021105174999999296	1.3518437864034681e-8
0.0028210700874998964	1.3531753154481262e-8
0.003535175437937438	1.3545154846141684e-8
0.004252851315127062	1.3558643609164178e-8
0.004974115571702636	1.3572220120194362e-8
0.005698986149561044	1.3585885062386569e-8
0.006427481080308875	1.359963912547979e-8
0.007159618485710418	1.3613483005875453e-8
0.007895416578138905	1.3627417406716329e-8
0.008634893661029494	1.364144303796684e-8
0.00937806812933463	1.3655560616494176e-8
0.010124958469981361	1.3669770866150928e-8
0.010875583262331262	1.3684074517857998e-8
0.01162996117864295	1.3698472309690085e-8
0.012388110984536127	1.3712964986961316e-8
0.013150051539458866	1.3727553302312149e-8
0.013915801797156208	1.3742238015798397e-8
0.014685380806142003	1.375701989498047e-8
0.015458807710172712	1.3771899715014443e-8
0.01623610174872358	1.378687825874461e-8
0.017017282257467212	1.3801956316796774e-8
0.017802368668754516	1.381713468767328e-8
0.01859138051209827	1.383241417784974e-8
0.019384337414658823	1.3847795601872317e-8
0.020181259101732015	1.3863279782457123e-8
0.020982165397240727	1.387886755059112e-8
0.02178707622422691	1.3894559745633662e-8
0.02259601160534814	1.3910357215420602e-8
0.02340899166337483	1.3926260816369223e-8
0.024226036621691812	1.3942271413584889e-8
0.02504716680480027	1.3958389880969294e-8
0.025872402638824326	1.397461710133052e-8
0.02670176465201842	1.3990953966494184e-8
0.02753527347527842	1.4007401377417082e-8
0.028372949842654864	1.4023960244301416e-8
0.0292148145918682	1.4040631486711744e-8
0.03006088866482743	1.4057416033693273e-8
0.03091119310815165	1.4074314823891516e-8
0.0317657490736924	1.4091328805674911e-8
0.03262457781906081	1.4108458937257802e-8
0.03348770070815601	1.4125706186826107e-8
0.034355139211696875	1.4143071532665506e-8
0.035226914907755424	1.4160555963289906e-8
0.03610304948229413	1.4178160477573422e-8
0.03698356472970569	1.4195886084883518e-8
0.03786848255335419	1.4213733805216588e-8
0.038757824966120964	1.4231704669335162e-8
0.03965161409095162	1.4249799718907967e-8
0.04054987216140643	1.4268020006651299e-8
0.04145262152221345	1.4286366596473043e-8
0.04235988462982453	1.4304840563618918e-8
0.04327168405297366	1.4323442994820873e-8
0.0441880424732386	1.4342174988447966e-8
0.04510898268560485	1.436103765465899e-8
0.046034527599032954	1.4380032115558459e-8
0.04696470023702812	1.4399159505354381e-8
0.04789952373821329	1.4418420970518365e-8
0.048839021356904266	1.4437817669948879e-8
0.04978321646368884	1.4457350775136418e-8
0.05073213254600732	1.4477021470331875e-8
0.05168579320873729	1.4496830952716968e-8
0.052644222174780875	1.4516780432577942e-8
0.05360744328565471	1.4536871133481598e-8
0.054575480502083065	1.455710429245449e-8
0.055548357904593434	1.4577481160164565e-8
0.056526099694116344	1.4598003001106118e-8
0.0575087301925869	1.4618671093787658e-8
0.05849627384354973	1.4639486730922259e-8
0.05948875521276744	1.4660451219621987e-8
0.06048619898883127	1.4681565881594293e-8
0.061488629983775384	1.4702832053342765e-8
0.06249607313369419	1.4724251086370306e-8
0.06350855349936275	1.4745824347385596e-8
0.06452609626685958	1.4767553218513882e-8
0.06554872674819387	1.4789439097509977e-8
0.06657647038193484	1.481148339797552e-8
0.06760935273384447	1.483368754957994e-8
0.06864739949751365	1.4856052998284003e-8
0.0696906364950013	1.4878581206568561e-8
0.07073908967747639	1.490127365366617e-8
0.07179278512586384	1.4924131835796255e-8
0.07285174905149322	1.4947157266405185e-8
0.0739160077967507	1.497035147640952e-8
0.07498558783573436	1.499371601444406e-8
0.07606051577491299	1.501725244711292e-8
0.07714081835378758	1.504096235924629e-8
0.07822652244555647	1.5064847354160434e-8
0.07931765505778425	1.5088909053922238e-8
0.0804142433330731	1.5113149099619077e-8
0.08151631454973848	1.5137569151631985e-8
0.08262389612248718	1.5162170889914528e-8
0.0837370156030995	1.5186956014275802e-8
0.0848557006811149	1.521192624466871e-8
0.0859799791845205	1.5237083321483033e-8
0.08710987908044313	1.5262429005843342e-8
0.08824542847584534	1.5287965079912307e-8
0.08938665561822454	1.5313693347199184e-8
0.09053358889631567	1.5339615632873607e-8
0.09168625684079722	1.5365733784085116e-8
0.09284468812500112	1.539204967028767e-8
0.09400891156562617	1.541856518357052e-8
0.0951789561234543	1.5445282238994023e-8
0.09635485090407148	1.547220277493264e-8
0.09753662515859184	1.5499328753422668e-8
0.0987243082843847	1.552666216051692e-8
0.09991792982580656	1.55542050066453e-8
0.10111751947493569	1.558195932698213e-8
0.10232310707231031	1.560992718181947e-8
0.1035347226076718	1.563811065694788e-8
0.10475239622071016	1.5666511864043305e-8
0.10597615820181366	1.569513294106135e-8
0.10720603899282274	1.5723976052638275e-8
0.10844206918778684	1.5753043390499483e-8
0.10968427953372567	1.5782337173875787e-8
0.1109327009313943	1.581185964992588e-8
0.11218736443605135	1.584161309416826e-8
0.11344830125823162	1.5871599810920038e-8
0.11471554276452282	1.5901822133743622e-8
0.11598912047834534	1.5932282425902066e-8
0.11726906608073695	1.596298308082249e-8
0.11855541141114062	1.59939265225686e-8
0.11984818846819621	1.602511520632097e-8
0.12114742941053713	1.605655161886751e-8
0.12245316655758978	1.608823827910138e-8
0.1237654323903777	1.6120177738530202e-8
0.12508425955232963	1.6152372581793147e-8
0.12640968085009122	1.618482542718818e-8
0.1277417292543416	1.6217538927209908e-8
0.1290804379006133	1.62505157690967e-8
0.13042584009011637	1.6283758675388597e-8
0.1317779692905669	1.6317270404495406e-8
0.13313685913701961	1.635105375127639e-8
0.13450254343270476	1.6385111547630166e-8
0.13587505614986833	1.641944666309615e-8
0.13725443143061763	1.6454062005468057e-8
0.13864070358777073	1.6488960521418103e-8
0.14003390710570945	1.6524145197134662e-8
0.14143407664123803	1.6559619058970833e-8
0.1428412470244442	1.6595385174106747e-8
0.1442554532595664	1.663144665122409e-8
0.14567673052586416	1.6667806641193808e-8
0.1471051141784935	1.6704468337777584e-8
0.14854063974938603	1.6741434978343433e-8
0.149983342948133	1.6778709844593602e-8
0.15143325966287374	1.6816296263309577e-8
0.15289042596118813	1.6854197607109363e-8
0.15435487809099402	1.68924172952214e-8
0.15582665248144906	1.693095879427297e-8
0.1573057857438562	1.696982561909464e-8
0.15879231467257537	1.7009021333541428e-8
0.16028627624593816	1.704854955132922e-8
0.16178770762716785	1.708841393688904e-8
0.16329664616530362	1.712861820623847e-8
0.16481312939613008	1.7169166127870178e-8
0.1663371950431107	1.7210061523658886e-8
0.16786888101832628	1.7251308269787242e-8
0.1694082254234178	1.729291029768962e-8
0.1709552665505349	1.7334871595016384e-8
0.17251004288328747	1.7377196206617237e-8
0.17407259309770393	1.7419888235544838e-8
0.17564295606319252	1.7462951844080117e-8
0.17722117084350858	1.750639125477751e-8
0.17880727669772617	1.75502107515334e-8
0.18040131308121476	1.7594414680675228e-8
0.18200331964662084	1.7639007452075502e-8
0.18361333624485401	1.7683993540286956e-8
0.18523140292607826	1.7729377485703555e-8
0.18685755994070874	1.7775163895744913e-8
0.1884918477404122	1.7821357446066333e-8
0.19013430697911424	1.7867962881794686e-8
0.1917849785140098	1.791498501878939e-8
0.19344390340657974	1.7962428744933048e-8
0.19511112292361268	1.8010299021446884e-8
0.1967866785382308	1.8058600884236882e-8
0.19847061193092203	1.8107339445267052e-8
0.20016296499057665	1.815651989396411e-8
0.20186377981552947	1.8206147498651874e-8
0.2035730987146071	1.8256227608017122e-8
0.20529096420818022	1.8306765652607242e-8
0.20701741902922113	1.8357767146361807e-8
0.20875250612436722	1.8409237688176486e-8
0.210496268654989	1.84611829635029e-8
0.21224874999826396	1.851360874598241e-8
0.21400999374825516	1.8566520899117912e-8
0.21578004371699644	1.861992537798214e-8
0.21755894393558148	1.8673828230963677e-8
0.2193467386552594	1.872823560155323e-8
0.22114347234853576	1.8783153730170034e-8
0.22294918971027836	1.883858895602837e-8
0.2247639356588297	1.889454771904826e-8
0.2265877553371239	1.8951036561808145e-8
0.2284206941138094	1.9008062131542927e-8
0.23026279758437848	1.906563118218767e-8
0.23211411157230027	1.912375057646818e-8
0.23397468213016168	1.9182427288040042e-8
0.23584455554081238	1.924166840367671e-8
0.23772377831851643	1.9301481125509136e-8
0.23961239721010893	1.9361872773316875e-8
0.24151045919615952	1.942285078687317e-8
0.24341801149214037	1.9484422728345135e-8
0.24533510154960114	1.954659628475003e-8
0.24726177705734917	1.960937927046998e-8
0.24919808594263598	1.9672779629826332e-8
0.2511440763723492	1.973680543971483e-8
0.2530997967542111	1.980146491230371e-8
0.25506529573798215	1.9866766397797387e-8
0.2570406222166721	1.993271838726499e-8
0.25902582532775553	1.9999329515538575e-8
0.2610209544543945	2.0066608564180748e-8
0.2630260592266663	2.0134564464524066e-8
0.2650411895227997	2.020320630078541e-8
0.26706639547041383	2.02725433132565e-8
0.2691017274477658	2.034258490157084e-8
0.2711472360850044	2.0413340628054133e-8
0.27320297226542956	2.048482022115535e-8
0.2752689871267568	2.055703357896371e-8
0.2773453320623904	2.0629990772812794e-8
0.27943205872270227	2.070370205097531e-8
0.2815292190163157	2.077817784245054e-8
0.28363686511139713	2.0853428760846096e-8
0.2857550494369543	2.0929465608359002e-8
0.287883824684139	2.1006299379857264e-8
0.2900232438075598	2.108394126706472e-8
0.29217336002659744	2.1162402662853978e-8
0.2943342268267306	2.124169516564772e-8
0.2965058979608642	2.132183058393514e-8
0.2986884274506685	2.1402820940904e-8
0.3008818695879217	2.148467847919195e-8
0.3030862789358613	2.1567415665763797e-8
0.3053017103305407	2.165104519691355e-8
0.30752821888219345	2.173558000339948e-8
0.3097658599766045	2.182103325571306e-8
0.31201468927648746	2.1907418369488338e-8
0.3142747627228697	2.1994749011052737e-8
0.31654613653648417	2.208303910312849e-8
0.31882886721916665	2.2172302830683235e-8
0.32112301155526257	2.226255464694003e-8
0.3234286266130387	2.235380927954734e-8
0.325745769746104	2.2446081736917116e-8
0.3280744985948343	2.253938731473462e-8
0.33041487108780826	2.2633741602644288e-8
0.3327669454432473	2.2729160491119754e-8
0.3351307801704635	2.2825660178522473e-8
0.3375064340713156	2.2923257178353863e-8
0.33989396624167195	2.3021968326709173e-8
0.3422934360728803	2.3121810789937274e-8
0.3447049032532445	2.322280207251495e-8
0.34712842776951053	2.332496002514155e-8
0.3495640699083581	2.3428302853061268e-8
0.3520118902578999	2.3532849124619022e-8
0.35447194970918944	2.3638617780061117e-8
0.35694430945773536	2.3745628140584113e-8
0.35942903100502394	2.3853899917643537e-8
0.36192617616004885	2.39634532225287e-8
0.36443580704084905	2.4074308576215136e-8
0.3669579860760533	2.4186486919499007e-8
0.3694927760064337	2.4300009623428374e-8
0.3720402398864656	2.441489850003789e-8
0.37460044108589774	2.4531175813397225e-8
0.37717344329132724	2.4648864290985445e-8
0.37975931050778367	2.476798713540031e-8
0.38235810706032236	2.4888568036415108e-8
0.3849698975956241	2.501063118339539e-8
0.38759474708360203	2.5134201278085105e-8
0.39023272081902005	2.5259303547779422e-8
0.39288388442311495	2.5385963758891603e-8
0.3955483038452304	2.5514208230934807e-8
0.39822604536445655	2.5644063850924658e-8
0.40091717559127893	2.5775558088226492e-8
0.4036217614692354	2.590871900985464e-8
0.4063398702765814	2.6043575296245765e-8
0.40907156962796437	2.6180156257518332e-8
0.4118169274761041	2.6318491850239767e-8
0.41457601211348477	2.6458612694716142e-8
0.41734889217405197	2.6600550092823786e-8
0.42013563663492237	2.6744336046404074e-8
0.4229363148180968	2.6890003276239903e-8
0.4257509963921872	2.703758524163524e-8
0.4285797513741481	2.718711616062062e-8
0.431422650131019	2.733863103080579e-8
0.4342797633816742	2.749216565090666e-8
0.4371511621985827	2.7647756642966983e-8
0.4400369180095757	2.7805441475304285e-8
0.4429371025996235	2.796525848620517e-8
0.44585178811262155	2.812724690839889e-8
0.44878104705318456	2.8291446894338035e-8
0.4517249522884503	2.845789954231691e-8
0.4546835770498925	2.8626646923460348e-8
0.4576569949351417	2.8797732109614254e-8
0.4606452799098173	2.897119920217505e-8
0.46364850630936627	2.9147093361891617e-8
0.46666674884091325	2.9325460839680374e-8
0.46970008258511775	2.9506349008489353e-8
0.4727485829980431	2.9689806396255715e-8
0.47581232591303324	2.987588271999812e-8
0.47889138754259847	3.006462892108843e-8
0.4819858444803113	3.025609720175048e-8
0.48509577370271284	3.0450341062834304e-8
0.48822125257122634	3.064741534291881e-8
0.4913623588340824	3.084737625879212e-8
0.49451917062825274	3.1050281447371254e-8
0.49769176648139396	3.125619000911511e-8
0.5008802253138008	3.1465162552993575e-8
0.50408462644037	3.167726124307868e-8
0.5073050495725719	3.189254984682094e-8
0.5105415748204347	3.211109378508542e-8
0.513794282694537	3.233296018401784e-8
0.5170632541080095	3.2558217928818186e-8
0.5203485703785496	3.2786937719505874e-8
0.5236503132304423	3.301919212875637e-8
0.5269685647965943	3.325505566190057e-8
0.530303407620577	3.3494604819179654e-8
0.5336549246586798	3.3737918160353774e-8
0.5370231992819733	3.398507637176442e-8
0.5404083152783831	3.423616233596001e-8
0.5438103568547752	3.449126120399833e-8
0.5472294086390488	3.475046047054099e-8
0.5506655556822441	3.501385005186812e-8
0.5541188834606553	3.5281522366940944e-8
0.5575894778779587	3.555357242165134e-8
0.5610774252673482	3.5830097896404656e-8
0.5645828123936848	3.61111992371827e-8
0.5681057264556529	3.639697975025331e-8
0.5716462550879313	3.6687545700689756e-8
0.575204486363371	3.698300641488144e-8
0.5787805087951877	3.728347438721954e-8
0.5823744113391636	3.758906539115831e-8
0.5859862833958592	3.7899898594855326e-8
0.5896162148128385	3.8216096681615605e-8
0.5932642958869029	3.8537785975364214e-8
0.5969306173663373	3.88650965714006e-8
0.6006152704531689	3.9198162472683636e-8
0.6043183468054348	3.9537121731926153e-8
0.6080399385394619	3.988211659978936e-8
0.6117801382321592	4.023329367947425e-8
0.6155390389233196	4.0590804088046666e-8
0.6193167341179363	4.0954803624826445e-8
0.623113317788526	4.1325452947213916e-8
0.6269288843774687	4.1702917754337417e-8
0.6307635287993559	4.2087368978930115e-8
0.6346173464433525	4.247898298787599e-8
0.6384904331755692	4.2877941791890116e-8
0.642382885341447	4.32844332648258e-8
0.6462947997681542	4.369865137313911e-8
0.6502262737669948	4.41207964160747e-8
0.6541774051358298	4.4551075277177345e-8
0.6581482921615086	4.4989701687772603e-8
0.6621390336223161	4.543689650311635e-8
0.6661497287904276	4.589288799194947e-8
0.6701804774343794	4.635791214026703e-8
0.6742313798215511	4.683221297016196e-8
0.678302536720659	4.731604287468096e-8
0.6823940494042624	4.780966296969601e-8
0.6865060196512838	4.831334346390627e-8
0.6906385497495403	4.882736404814548e-8
0.694791742498288	4.935201430531367e-8
0.6989657012107795	4.9887594142357035e-8
0.7031605297168335	5.0434414245861676e-8
0.7073763323654175	5.0992796562990136e-8
0.7116132140272448	5.156307480967328e-8
0.7158712800973807	5.2145595008172e-8
0.7201506364978674	5.2740716056373395e-8
0.7244513896803564	5.33488103314601e-8
0.728773646628758	5.397026433092324e-8
0.7331175148619017	5.4605479354257715e-8
0.7374831024362114	5.525487222914248e-8
0.7418705179483922	5.591887608641085e-8
0.7462798705381343	5.65979411887536e-8
0.750711269890825	5.729253581881535e-8
0.7551648262402791	5.8003147233233127e-8
0.7596406503714807	5.8730282690185316e-8
0.7641388536233382	5.947447055928217e-8
0.7686595478914547	6.02362615241118e-8
0.773202845630912	6.10162298895531e-8
0.7777688598590664	6.181497500814217e-8
0.7823577041583616	6.263312284238943e-8
0.7869694926791535	6.347132768313956e-8
0.7916043401425493	6.433027404791988e-8
0.796262361843262	6.521067878793899e-8
0.8009436736524783	6.611329343814159e-8
0.8056483920207407	6.703890685174867e-8
0.8103766339808444	6.798834816933453e-8
0.8151285171507487	6.896249018304174e-8
0.8199041597365022	6.996225316954368e-8
0.8247036805351848	7.098860928135249e-8
0.8295271989378608	7.204258760580077e-8
0.8343748349325502	7.312528002540404e-8
0.8392467091072129	7.423784804344798e-8
0.844142942652749	7.538153077599091e-8
0.8490636573660127	7.655765435779155e-8
0.8540089756528428	7.776764306719168e-8
0.8589790205311072	7.901303254653244e-8
0.8639739156337627	8.029548558375412e-8
0.8689739156337625	8.16115149826667e-8
0.8739739156337623	8.296125538600285e-8
0.878973915633762	8.434627665014755e-8
0.8839739156337618	8.576831243747282e-8
0.8889739156337617	8.722928802555471e-8
0.8939739156337615	8.873135358843066e-8
0.8989739156337613	9.027692406868157e-8
0.9039739156337611	9.186872698996528e-8
0.9089739156337608	9.350985983877447e-8
0.9139739156337606	9.520385898132896e-8
0.9189739156337604	9.695478248862632e-8
0.9239739156337602	9.876730973443073e-8
0.9289739156337601	1.0064686122488059e-7
0.9339739156337599	1.0259974283578113e-7
0.9389739156337596	1.0463331950017799e-7
0.9439739156337594	1.0675622443554332e-7
0.9489739156337592	1.0897861126434313e-7
0.953973915633759	1.1131245790922888e-7
0.9589739156337588	1.1377193298937284e-7
0.9639739156337586	1.1637383767363377e-7
0.9689739156337585	1.1913813863932713e-7
0.9739739156337582	1.2208861103881448e-7
0.978973915633758	1.2525361430659575e-7
0.9839739156337578	1.2866702838796525e-7
0.9889739156337576	1.323693837066454e-7
0.9939739156337574	1.364092251187011e-7
0.9989739156337571	1.4084475847144508e-7
1.003973915633757	1.457458384986347e-7
1.0089739156337567	1.5119636899849407e-7
1.0139739156337566	1.572972009955748e-7
1.0189739156337563	1.6416963240749586e-7
1.0239739156337562	1.7195963425881283e-7
1.028973915633756	1.8084295447245184e-7
1.0339739156337557	1.9103128164801453e-7
1.0389739156337556	2.0277968911885212e-7
1.0439739156337553	2.1639562530663005e-7
1.0489739156337552	2.3224977157702327e-7
1.0539739156337549	2.507891553847687e-7
1.0589739156337548	2.7255298681491486e-7
1.0639739156337544	2.981917834828237e-7
1.0689739156337543	3.284904655133216e-7
1.0739739156337542	3.643962430106678e-7
1.0789739156337539	4.0705228788215217e-7
1.0839739156337538	4.5783838585580646e-7
1.0889739156337535	5.184200099150655e-7
1.0939739156337533	5.908075513456949e-7
1.098973915633753	6.77427798867771e-7
1.103973915633753	7.81210181405483e-7
1.1089739156337528	9.056907994781361e-7
1.1139739156337525	1.05513787988667e-6
1.1189739156337524	1.2347030168826612e-6
1.123973915633752	1.4506034318782677e-6
1.128973915633752	1.710341517759526e-6
1.1339739156337516	2.0229691612286805e-6
1.1389739156337515	2.399405789081117e-6
1.1439739156337512	2.8528207970786135e-6
1.148973915633751	3.3990930312315826e-6
1.153973915633751	4.05736234095574e-6
1.1589739156337506	4.8506909522268365e-6
1.1639739156337505	5.806855554705117e-6
1.1689739156337502	6.959294591776948e-6
1.17397391563375	8.348239306356842e-6
1.1789739156337498	1.0022061627542049e-5
1.1839739156337497	1.203887695156996e-5
1.1889739156337495	1.446844519589363e-5
1.1939739156337492	1.7394419041966284e-5
1.197980436725312	2.0164151028191396e-5
1.2019869578168745	2.3377082192635446e-5
1.2059934789084372	2.7102974293949262e-5
1.21	3.1422201373267614e-5
