0.0006999999999999628	1.676958372036556e-7
0.001403500000000035	1.677852748991484e-7
0.0021105174999999296	1.6787523826984485e-7
0.0028210700874998964	1.6796573215021512e-7
0.003535175437937438	1.6805676012125402e-7
0.004252851315127062	1.6814832578126602e-7
0.004974115571702636	1.682404327575701e-7
0.005698986149561044	1.6833308470692064e-7
0.006427481080308875	1.6842628531579837e-7
0.007159618485710418	1.6852003830071153e-7
0.007895416578138905	1.6861434740848295e-7
0.008634893661029494	1.6870921641657355e-7
0.00937806812933463	1.6880464913337257e-7
0.010124958469981361	1.6890064939852096e-7
0.010875583262331262	1.6899722108322935e-7
0.01162996117864295	1.6909436809057813e-7
0.012388110984536127	1.6919209435586543e-7
0.013150051539458866	1.69290403846919e-7
0.013915801797156208	1.6938930056442944e-7
0.014685380806142003	1.694887885422874e-7
0.015458807710172712	1.6958887184792512e-7
0.01623610174872358	1.6968955458265655e-7
0.017017282257467212	1.6979084088202768e-7
0.017802368668754516	1.6989273491616602e-7
0.01859138051209827	1.6999524089013637e-7
0.019384337414658823	1.700983630443133e-7
0.020181259101732015	1.7020210565473e-7
0.020982165397240727	1.7030647303345765e-7
0.02178707622422691	1.7041146952897648e-7
0.02259601160534814	1.7051709952656945e-7
0.02340899166337483	1.70623367448679e-7
0.024226036621691812	1.7073027775532294e-7
0.02504716680480027	1.708378349444688e-7
0.025872402638824326	1.7094604355245458e-7
0.02670176465201842	1.7105490815436813e-7
0.02753527347527842	1.7116443336447398e-7
0.028372949842654864	1.7127462383662356e-7
0.0292148145918682	1.713854842646681e-7
0.03006088866482743	1.7149701938290104e-7
0.03091119310815165	1.7160923396646508e-7
0.0317657490736924	1.717221328318072e-7
0.03262457781906081	1.7183572083711773e-7
0.03348770070815601	1.7195000288276726e-7
0.034355139211696875	1.720649839117754e-7
0.035226914907755424	1.7218066891025727e-7
0.03610304948229413	1.7229706290789153e-7
0.03698356472970569	1.7241417097840144e-7
0.03786848255335419	1.7253199824002607e-7
0.038757824966120964	1.7265054985599324e-7
0.03965161409095162	1.7276983103503148e-7
0.04054987216140643	1.7288984703184816e-7
0.04145262152221345	1.7301060314764274e-7
0.04235988462982453	1.7313210473061255e-7
0.04327168405297366	1.732543571764763e-7
0.0441880424732386	1.7337736592898744e-7
0.04510898268560485	1.7350113648046825e-7
0.046034527599032954	1.7362567437235386e-7
0.04696470023702812	1.7375098519573357e-7
0.04789952373821329	1.738770745918962e-7
0.048839021356904266	1.7400394825289614e-7
0.04978321646368884	1.7413161192212727e-7
0.05073213254600732	1.7426007139488072e-7
0.05168579320873729	1.7438933251894657e-7
0.052644222174780875	1.7451940119518593e-7
0.05360744328565471	1.7465028337814932e-7
0.054575480502083065	1.747819850766653e-7
0.055548357904593434	1.7491451235446463e-7
0.056526099694116344	1.750478713308073e-7
0.0575087301925869	1.7518206818110482e-7
0.05849627384354973	1.753171091375672e-7
0.05948875521276744	1.7545300048985567e-7
0.06048619898883127	1.7558974858573478e-7
0.061488629983775384	1.7572735983174107e-7
0.06249607313369419	1.7586584069386448e-7
0.06350855349936275	1.760051976982344e-7
0.06452609626685958	1.7614543743180926e-7
0.06554872674819387	1.762865665430938e-7
0.06657647038193484	1.7642859174284315e-7
0.06760935273384447	1.765715198047939e-7
0.06864739949751365	1.7671535756640643e-7
0.0696906364950013	1.7686011192959657e-7
0.07073908967747639	1.7700578986151405e-7
0.07179278512586384	1.7715239839528665e-7
0.07285174905149322	1.7729994463081682e-7
0.0739160077967507	1.774484357355664e-7
0.07498558783573436	1.7759787894535442e-7
0.07606051577491299	1.7774828156517418e-7
0.07714081835378758	1.7789965097001954e-7
0.07822652244555647	1.7805199460571365e-7
0.07931765505778425	1.7820531998976644e-7
0.0804142433330731	1.7835963471222968e-7
0.08151631454973848	1.7851494643657407e-7
0.08262389612248718	1.7867126290057085e-7
0.0837370156030995	1.7882859191719697e-7
0.0848557006811149	1.7898694137554387e-7
0.0859799791845205	1.7914631924174514e-7
0.08710987908044313	1.793067335599088e-7
0.08824542847584534	1.794681924530834e-7
0.08938665561822454	1.7963070412421062e-7
0.09053358889631567	1.7979427685712214e-7
0.09168625684079722	1.799589190175236e-7
0.09284468812500112	1.8012463905400983e-7
0.09400891156562617	1.8029144549909625e-7
0.0951789561234543	1.8045934697025353e-7
0.09635485090407148	1.8062835217096746e-7
0.09753662515859184	1.8079846989180826e-7
0.0987243082843847	1.8096970901153578e-7
0.09991792982580656	1.811420784981803e-7
0.10111751947493569	1.8131558741018747e-7
0.10232310707231031	1.814902448975455e-7
0.1035347226076718	1.816660602029537e-7
0.10475239622071016	1.8184304266298128e-7
0.10597615820181366	1.8202120170927225e-7
0.10720603899282274	1.8220054686976098e-7
0.10844206918778684	1.8238108776988764e-7
0.10968427953372567	1.8256283413385876e-7
0.1109327009313943	1.827457957859131e-7
0.11218736443605135	1.8292998265161045e-7
0.11344830125823162	1.8311540475913432e-7
0.11471554276452282	1.8330207224062992e-7
0.11598912047834534	1.8348999533355177e-7
0.11726906608073695	1.836791843820258e-7
0.11855541141114062	1.8386964983825066e-7
0.11984818846819621	1.840614022639147e-7
0.12114742941053713	1.8425445233162566e-7
0.12245316655758978	1.8444881082637242e-7
0.1237654323903777	1.8464448864701283e-7
0.12508425955232963	1.8484149680777118e-7
0.12640968085009122	1.8503984643978376e-7
0.1277417292543416	1.852395487926371e-7
0.1290804379006133	1.8544061523596605e-7
0.13042584009011637	1.8564305726104532e-7
0.1317779692905669	1.8584688648243264e-7
0.13313685913701961	1.860521146396228e-7
0.13450254343270476	1.8625875359873287e-7
0.13587505614986833	1.8646681535421585e-7
0.13725443143061763	1.8667631203060882e-7
0.13864070358777073	1.868872558842939e-7
0.14003390710570945	1.8709965930530274e-7
0.14143407664123803	1.8731353481914752e-7
0.1428412470244442	1.8752889508867355e-7
0.1442554532595664	1.8774575291595985e-7
0.14567673052586416	1.879641212442325e-7
0.1471051141784935	1.8818401315982144e-7
0.14854063974938603	1.8840544189415658e-7
0.149983342948133	1.8862842082576528e-7
0.15143325966287374	1.8885296348235932e-7
0.15289042596118813	1.8907908354289206e-7
0.15435487809099402	1.8930679483970565e-7
0.15582665248144906	1.8953611136068644e-7
0.1573057857438562	1.8976704725145626e-7
0.15879231467257537	1.8999961681761686e-7
0.16028627624593816	1.9023383452701883e-7
0.16178770762716785	1.9046971501207375e-7
0.16329664616530362	1.9070727307211588e-7
0.16481312939613008	1.909465236757871e-7
0.1663371950431107	1.911874819634776e-7
0.16786888101832628	1.9143016324979914e-7
0.1694082254234178	1.9167458302611132e-7
0.1709552665505349	1.9192075696309393e-7
0.17251004288328747	1.9216870091333615e-7
0.17407259309770393	1.9241843091401943e-7
0.17564295606319252	1.9266996318960334e-7
0.17722117084350858	1.929233141545948e-7
0.17880727669772617	1.931785004163223e-7
0.18040131308121476	1.9343553877781959e-7
0.18200331964662084	1.936944462407067e-7
0.18361333624485401	1.939552400081478e-7
0.18523140292607826	1.9421793748787246e-7
0.18685755994070874	1.9448255629521977e-7
0.1884918477404122	1.9474911425626554e-7
0.19013430697911424	1.950176294110023e-7
0.1917849785140098	1.952881200165622e-7
0.19344390340657974	1.9556060455051584e-7
0.19511112292361268	1.958351017142266e-7
0.1967866785382308	1.9611163043625774e-7
0.19847061193092203	1.9639020987586327e-7
0.20016296499057665	1.966708594265132e-7
0.20186377981552947	1.969535987195162e-7
0.2035730987146071	1.9723844762769333e-7
0.20529096420818022	1.9752542626912423e-7
0.20701741902922113	1.9781455501095298e-7
0.20875250612436722	1.9810585447328894e-7
0.210496268654989	1.9839934553315772e-7
0.21224874999826396	1.9869504932854988e-7
0.21400999374825516	1.9899298726251877e-7
0.21578004371699644	1.9929318100739137e-7
0.21755894393558148	1.995956525090243e-7
0.2193467386552594	1.9990042399117377e-7
0.22114347234853576	2.002075179599183e-7
0.22294918971027836	2.005169572082092e-7
0.2247639356588297	2.0082876482045323e-7
0.2265877553371239	2.0114296417724338e-7
0.2284206941138094	2.0145957896014208e-7
0.23026279758437848	2.0177863315657922e-7
0.23211411157230027	2.0210015106482235e-7
0.23397468213016168	2.0242415729908725e-7
0.23584455554081238	2.0275067679470595e-7
0.23772377831851643	2.0307973481342292e-7
0.23961239721010893	2.0341135694879473e-7
0.24151045919615952	2.037455691316913e-7
0.24341801149214037	2.0408239763591014e-7
0.24533510154960114	2.0442186908390958e-7
0.24726177705734917	2.0476401045264798e-7
0.24919808594263598	2.051088490795604e-7
0.2511440763723492	2.0545641266863385e-7
0.2530997967542111	2.0580672929661747e-7
0.25506529573798215	2.0615982741938086e-7
0.2570406222166721	2.065157358783558e-7
0.25902582532775553	2.0687448390716692e-7
0.2610209544543945	2.0723610113836126e-7
0.2630260592266663	2.0760061761029343e-7
0.2650411895227997	2.079680637741528e-7
0.26706639547041383	2.08338470501147e-7
0.2691017274477658	2.0871186908981715e-7
0.2711472360850044	2.0908829127352766e-7
0.27320297226542956	2.0946776922811314e-7
0.2752689871267568	2.098503355796706e-7
0.2773453320623904	2.1023602341254868e-7
0.27943205872270227	2.1062486627748208e-7
0.2815292190163157	2.1101689819991946e-7
0.28363686511139713	2.114121536885156e-7
0.2857550494369543	2.118106677438221e-7
0.287883824684139	2.122124758671807e-7
0.2900232438075598	2.1261761406976768e-7
0.29217336002659744	2.130261188818903e-7
0.2943342268267306	2.134380273624424e-7
0.2965058979608642	2.1385337710861466e-7
0.2986884274506685	2.1427220626578455e-7
0.3008818695879217	2.1469455353764603e-7
0.3030862789358613	2.1512045819655805e-7
0.3053017103305407	2.1554996009414423e-7
0.30752821888219345	2.1598309967210775e-7
0.3097658599766045	2.164199179733175e-7
0.31201468927648746	2.1686045665312345e-7
0.3142747627228697	2.1730475799095114e-7
0.31654613653648417	2.1775286490214836e-7
0.31882886721916665	2.182048209501361e-7
0.32112301155526257	2.1866067035878256e-7
0.3234286266130387	2.1912045802513593e-7
0.325745769746104	2.1958422953239827e-7
0.3280744985948343	2.200520311632489e-7
0.33041487108780826	2.205239099134462e-7
0.3327669454432473	2.2099991350577736e-7
0.3351307801704635	2.2148009040432885e-7
0.3375064340713156	2.2196448982910487e-7
0.33989396624167195	2.2245316177097605e-7
0.3422934360728803	2.2294615700703927e-7
0.3447049032532445	2.2344352711628376e-7
0.34712842776951053	2.2394532449569215e-7
0.3495640699083581	2.2445160237671048e-7
0.3520118902578999	2.249624148421224e-7
0.35447194970918944	2.254778168433545e-7
0.35694430945773536	2.2599786421818906e-7
0.35942903100502394	2.2652261370894188e-7
0.36192617616004885	2.270521229810764e-7
0.36443580704084905	2.275864506422925e-7
0.3669579860760533	2.2812565626209318e-7
0.3694927760064337	2.2866980039185826e-7
0.3720402398864656	2.2921894458541763e-7
0.37460044108589774	2.2977315142015303e-7
0.37717344329132724	2.3033248451864527e-7
0.37975931050778367	2.3089700857087885e-7
0.38235810706032236	2.3146678935702952e-7
0.3849698975956241	2.3204189377082782e-7
0.38759474708360203	2.3262238984356163e-7
0.39023272081902005	2.3320834676868313e-7
0.39288388442311495	2.3379983492707494e-7
0.3955483038452304	2.3439692591301808e-7
0.39822604536445655	2.349996925607894e-7
0.40091717559127893	2.3560820897204266e-7
0.4036217614692354	2.3622255054387373e-7
0.4063398702765814	2.3684279399767658e-7
0.40907156962796437	2.3746901740877945e-7
0.4118169274761041	2.3810130023688086e-7
0.41457601211348477	2.3873972335733814e-7
0.41734889217405197	2.393843690933027e-7
0.42013563663492237	2.40035321248782e-7
0.4229363148180968	2.406926651425682e-7
0.4257509963921872	2.413564876431824e-7
0.4285797513741481	2.4202687720475466e-7
0.431422650131019	2.427039239039557e-7
0.4342797633816742	2.433877194779619e-7
0.4371511621985827	2.440783573635078e-7
0.4400369180095757	2.4477593273707887e-7
0.4429371025996235	2.4548054255625724e-7
0.44585178811262155	2.461922856022675e-7
0.44878104705318456	2.469112625237724e-7
0.4517249522884503	2.476375758819689e-7
0.4546835770498925	2.4837133019700107e-7
0.4576569949351417	2.4911263199575155e-7
0.4606452799098173	2.4986158986109135e-7
0.46364850630936627	2.5061831448257085e-7
0.46666674884091325	2.513829187086835e-7
0.46970008258511775	2.5215551760068394e-7
0.4727485829980431	2.5293622848808375e-7
0.47581232591303324	2.537251710258197e-7
0.47889138754259847	2.5452246725323816e-7
0.4819858444803113	2.553282416548629e-7
0.48509577370271284	2.5614262122310307e-7
0.48822125257122634	2.5696573552291107e-7
0.4913623588340824	2.5779771675851204e-7
0.49451917062825274	2.586386998422253e-7
0.49769176648139396	2.594888224655325e-7
0.5008802253138008	2.603482251724005e-7
0.50408462644037	2.612170514349982e-7
0.5073050495725719	2.620954477318783e-7
0.5105415748204347	2.629835636287352e-7
0.513794282694537	2.6388155186182073e-7
0.5170632541080095	2.6478956842413253e-7
0.5203485703785496	2.657077726544799e-7
0.5236503132304423	2.666363273295628e-7
0.5269685647965943	2.675753987591546e-7
0.530303407620577	2.68525156884529e-7
0.5336549246586798	2.694857753802662e-7
0.5370231992819733	2.704574317595825e-7
0.5404083152783831	2.7144030748328905e-7
0.5438103568547752	2.724345880725982e-7
0.5472294086390488	2.734404632258866e-7
0.5506655556822441	2.7445812693957766e-7
0.5541188834606553	2.754877776333651e-7
0.5575894778779587	2.765296182799264e-7
0.5610774252673482	2.7758385653929623e-7
0.5645828123936848	2.7865070489819896e-7
0.5681057264556529	2.7973038081442e-7
0.5716462550879313	2.808231068665501e-7
0.575204486363371	2.819291109092783e-7
0.5787805087951877	2.830486262345234e-7
0.5823744113391636	2.8418189173860836e-7
0.5859862833958592	2.8532915209581904e-7
0.5896162148128385	2.864906579385802e-7
0.5932642958869029	2.8766666604459894e-7
0.5969306173663373	2.8885743953127233e-7
0.6006152704531689	2.9006324805765623e-7
0.6043183468054348	2.912843680344959e-7
0.6080399385394619	2.925210828425108e-7
0.6117801382321592	2.937736830594545e-7
0.6155390389233196	2.9504246669636037e-7
0.6193167341179363	2.9632773944332483e-7
0.623113317788526	2.976298149254747e-7
0.6269288843774687	2.989490149694333e-7
0.6307635287993559	3.0028566988088823e-7
0.6346173464433525	3.016401187339037e-7
0.6384904331755692	3.0301270967240095e-7
0.642382885341447	3.0440380022458117e-7
0.6462947997681542	3.05813757630866e-7
0.6502262737669948	3.0724295918614124e-7
0.6541774051358298	3.0869179259697144e-7
0.6581482921615086	3.1016065635466446e-7
0.6621390336223161	3.1164996012498143e-7
0.6661497287904276	3.131601251554421e-7
0.6701804774343794	3.146915847011636e-7
0.6742313798215511	3.162447844702743e-7
0.678302536720659	3.1782018309002176e-7
0.6823940494042624	3.1941825259474153e-7
0.6865060196512838	3.210394789369433e-7
0.6906385497495403	3.226843625228979e-7
0.694791742498288	3.2435341877412175e-7
0.6989657012107795	3.2604717871641816e-7
0.7031605297168335	3.2776618959802635e-7
0.7073763323654175	3.2951101553882356e-7
0.7116132140272448	3.3128223821243195e-7
0.7158712800973807	3.3308045756339775e-7
0.7201506364978674	3.349062925617174e-7
0.7244513896803564	3.367603819972304e-7
0.728773646628758	3.386433853164812e-7
0.7331175148619017	3.4055598350517364e-7
0.7374831024362114	3.42498880019275e-7
0.7418705179483922	3.444728017684029e-7
0.7462798705381343	3.46478500155358e-7
0.750711269890825	3.4851675217605773e-7
0.7551648262402791	3.5058836158468255e-7
0.7596406503714807	3.526941601292042e-7
0.7641388536233382	3.5483500886320685e-7
0.7686595478914547	3.5701179954054737e-7
0.773202845630912	3.592254561001582e-7
0.7777688598590664	3.6147693624933233e-7
0.7823577041583616	3.637672331547614e-7
0.7869694926791535	3.660973772520612e-7
0.7916043401425493	3.6846843818582486e-7
0.796262361843262	3.70881526894179e-7
0.8009436736524783	3.733377978538555e-7
0.8056483920207407	3.758384515042018e-7
0.8103766339808444	3.78384736871778e-7
0.8151285171507487	3.809779544205861e-7
0.8199041597365022	3.836194591572941e-7
0.8247036805351848	3.863106640262154e-7
0.8295271989378608	3.8905304363490697e-7
0.8343748349325502	3.91848138359042e-7
0.8392467091072129	3.946975588844524e-7
0.844142942652749	3.976029912557212e-7
0.8490636573660127	4.005662025144797e-7
0.8540089756528428	4.0358904702778603e-7
0.8589790205311072	4.0667347362778755e-7
0.8639739156337627	4.098215337098495e-7
0.8689739156337625	4.1302256863473115e-7
0.8739739156337623	4.162748124692116e-7
0.878973915633762	4.1957977001253637e-7
0.8839739156337618	4.2293903277589593e-7
0.8889739156337617	4.2635428876592647e-7
0.8939739156337615	4.2982733388367897e-7
0.8989739156337613	4.3336008524839347e-7
0.9039739156337611	4.3695459681511706e-7
0.9089739156337608	4.4061307772926357e-7
0.9139739156337606	4.4433791394992354e-7
0.9189739156337604	4.481316937809722e-7
0.9239739156337602	4.5199723807770496e-7
0.9289739156337601	4.559376360519771e-7
0.9339739156337599	4.599562877856533e-7
0.9389739156337596	4.6405695478725836e-7
0.9439739156337594	4.682438201978028e-7
0.9489739156337592	4.7252156057860073e-7
0.953973915633759	4.768954316074017e-7
0.9589739156337588	4.813713704836054e-7
0.9639739156337586	4.859561184151822e-7
0.9689739156337585	4.906573672489098e-7
0.9739739156337582	4.954839351365009e-7
0.978973915633758	5.004459771304307e-7
0.9839739156337578	5.055552378108602e-7
0.9889739156337576	5.108253545004385e-7
0.9939739156337574	5.162722213790094e-7
0.9989739156337571	5.219144269262134e-7
1.003973915633757	5.277737796715093e-7
1.0089739156337567	5.338759403076766e-7
1.0139739156337566	5.402511819332904e-7
1.0189739156337563	5.469353046625314e-7
1.0239739156337562	5.539707362336221e-7
1.028973915633756	5.61407856749121e-7
1.0339739156337557	5.693065935204939e-7
1.0389739156337556	5.77738341439321e-7
1.0439739156337553	5.867882756888091e-7
1.0489739156337552	5.965581373387447e-7
1.0539739156337549	6.071695889130983e-7
1.0589739156337548	6.187682569557376e-7
1.0639739156337544	6.315286026368846e-7
1.0689739156337543	6.456597903700518e-7
1.0739739156337542	6.614127592397855e-7
1.0789739156337539	6.79088743967706e-7
1.0839739156337538	6.990495425945937e-7
1.0889739156337535	7.217298887381975e-7
1.0939739156337533	7.476523592382932e-7
1.098973915633753	7.77445335655406e-7
1.103973915633753	8.118646433419922e-7
1.1089739156337528	8.51819618092414e-7
1.1139739156337525	8.984045017747309e-7
1.1189739156337524	9.52936249662175e-7
1.123973915633752	1.0170000490776998e-6
1.128973915633752	1.0925041080749326e-6
1.1339739156337516	1.181745581942018e-6
1.1389739156337515	1.2874898733000804e-6
1.1439739156337512	1.413065978800274e-6
1.148973915633751	1.5624810736849434e-6
1.153973915633751	1.7405581380639792e-6
1.1589739156337506	1.9531011504848697e-6
1.1639739156337505	2.2070932214502762e-6
1.1689739156337502	2.5109340293143602e-6
1.17397391563375	2.8747240714458404e-6
1.1789739156337498	3.3106045724865905e-6
1.1839739156337497	3.83316341530637e-6
1.1889739156337495	4.459919191890485e-6
1.1939739156337492	5.2118974179447715e-6
1.197980436725312	5.921661791437008e-6
1.2019869578168745	6.7431804636508364e-6
1.2059934789084372	7.69406974972048e-6
1.21	8.794675624607863e-6
