0.0006999999999999628	6.110231309246091e-8
0.001403500000000035	6.11456949035406e-8
0.0021105174999999296	6.118933987410386e-8
0.0028210700874998964	6.123325050398455e-8
0.003535175437937438	6.12774286760848e-8
0.004252851315127062	6.132187628211786e-8
0.004974115571702636	6.1366595229952e-8
0.005698986149561044	6.141158744387886e-8
0.006427481080308875	6.145685486478856e-8
0.007159618485710418	6.1502399450344e-8
0.007895416578138905	6.154822317516116e-8
0.008634893661029494	6.159432803098816e-8
0.00937806812933463	6.164071602688668e-8
0.010124958469981361	6.168738918941988e-8
0.010875583262331262	6.173434956283705e-8
0.01162996117864295	6.178159920926388e-8
0.012388110984536127	6.18291402088946e-8
0.013150051539458866	6.187697466018806e-8
0.013915801797156208	6.192510468006205e-8
0.014685380806142003	6.197353240409482e-8
0.015458807710172712	6.202225998672771e-8
0.01623610174872358	6.207128960146799e-8
0.017017282257467212	6.212062344109846e-8
0.017802368668754516	6.217026371788654e-8
0.01859138051209827	6.222021266379799e-8
0.019384337414658823	6.227047253071175e-8
0.020181259101732015	6.232104559063942e-8
0.020982165397240727	6.23719341359463e-8
0.02178707622422691	6.242314047957564e-8
0.02259601160534814	6.24746669552782e-8
0.02340899166337483	6.25265159178372e-8
0.024226036621691812	6.257868974330988e-8
0.02504716680480027	6.263119082925553e-8
0.025872402638824326	6.26840215949819e-8
0.02670176465201842	6.273718448178409e-8
0.02753527347527842	6.279068195319344e-8
0.028372949842654864	6.284451649522427e-8
0.0292148145918682	6.28986906166295e-8
0.03006088866482743	6.295320684915474e-8
0.03091119310815165	6.300806774779905e-8
0.0317657490736924	6.306327589107845e-8
0.03262457781906081	6.311883388129184e-8
0.03348770070815601	6.317474434479164e-8
0.034355139211696875	6.323100993225915e-8
0.035226914907755424	6.328763331898015e-8
0.03610304948229413	6.334461720512968e-8
0.03698356472970569	6.34019643160531e-8
0.03786848255335419	6.345967740256008e-8
0.038757824966120964	6.351775924121641e-8
0.03965161409095162	6.35762126346404e-8
0.04054987216140643	6.363504041180567e-8
0.04145262152221345	6.369424542834696e-8
0.04235988462982453	6.375383056686926e-8
0.04327168405297366	6.38137987372638e-8
0.0441880424732386	6.387415287702549e-8
0.04510898268560485	6.393489595157632e-8
0.046034527599032954	6.39960309545947e-8
0.04696470023702812	6.405756090834518e-8
0.04789952373821329	6.411948886401764e-8
0.048839021356904266	6.41818179020685e-8
0.04978321646368884	6.424455113256687e-8
0.05073213254600732	6.430769169554751e-8
0.05168579320873729	6.437124276136585e-8
0.052644222174780875	6.443520753106118e-8
0.05360744328565471	6.449958923672254e-8
0.054575480502083065	6.456439114186019e-8
0.055548357904593434	6.462961654178584e-8
0.056526099694116344	6.469526876399262e-8
0.0575087301925869	6.47613511685447e-8
0.05849627384354973	6.482786714847141e-8
0.05948875521276744	6.489482013016665e-8
0.06048619898883127	6.496221357379517e-8
0.061488629983775384	6.503005097370321e-8
0.06249607313369419	6.509833585883646e-8
0.06350855349936275	6.516707179316389e-8
0.06452609626685958	6.523626237610615e-8
0.06554872674819387	6.530591124297472e-8
0.06657647038193484	6.537602206541024e-8
0.06760935273384447	6.544659855183587e-8
0.06864739949751365	6.551764444790939e-8
0.0696906364950013	6.558916353698899e-8
0.07073908967747639	6.566115964059904e-8
0.07179278512586384	6.57336366189118e-8
0.07285174905149322	6.580659837122447e-8
0.0739160077967507	6.58800488364537e-8
0.07498558783573436	6.595399199363425e-8
0.07606051577491299	6.602843186242331e-8
0.07714081835378758	6.610337250361427e-8
0.07822652244555647	6.617881801965653e-8
0.07931765505778425	6.62547725551857e-8
0.0804142433330731	6.633124029756136e-8
0.08151631454973848	6.640822547740993e-8
0.08262389612248718	6.648573236918064e-8
0.0837370156030995	6.656376529170574e-8
0.0848557006811149	6.664232860877235e-8
0.0859799791845205	6.67214267297002e-8
0.08710987908044313	6.680106410993253e-8
0.08824542847584534	6.68812452516317e-8
0.08938665561822454	6.696197470428509e-8
0.09053358889631567	6.704325706532475e-8
0.09168625684079722	6.712509698075031e-8
0.09284468812500112	6.720749914576455e-8
0.09400891156562617	6.72904683054194e-8
0.0951789561234543	6.737400925527413e-8
0.09635485090407148	6.74581268420557e-8
0.09753662515859184	6.754282596434255e-8
0.0987243082843847	6.7628111573245e-8
0.09991792982580656	6.771398867310763e-8
0.10111751947493569	6.780046232221662e-8
0.10232310707231031	6.78875376335221e-8
0.1035347226076718	6.797521977536921e-8
0.10475239622071016	6.806351397223977e-8
0.10597615820181366	6.815242550551243e-8
0.10720603899282274	6.824195971422798e-8
0.10844206918778684	6.833212199587013e-8
0.10968427953372567	6.842291780715713e-8
0.1109327009313943	6.851435266485212e-8
0.11218736443605135	6.860643214657699e-8
0.11344830125823162	6.869916189164908e-8
0.11471554276452282	6.879254760192402e-8
0.11598912047834534	6.888659504265807e-8
0.11726906608073695	6.898131004337877e-8
0.11855541141114062	6.907669849878025e-8
0.11984818846819621	6.91727663696196e-8
0.12114742941053713	6.92695196836384e-8
0.12245316655758978	6.936696453649544e-8
0.1237654323903777	6.946510709271755e-8
0.12508425955232963	6.956395358666233e-8
0.12640968085009122	6.96635103235008e-8
0.1277417292543416	6.976378368021458e-8
0.1290804379006133	6.986478010661117e-8
0.13042584009011637	6.996650612635343e-8
0.1317779692905669	7.006896833801347e-8
0.13313685913701961	7.017217341613541e-8
0.13450254343270476	7.027612811232208e-8
0.13587505614986833	7.038083925633966e-8
0.13725443143061763	7.048631375723923e-8
0.13864070358777073	7.059255860450059e-8
0.14003390710570945	7.069958086919235e-8
0.14143407664123803	7.080738770515528e-8
0.1428412470244442	7.091598635020318e-8
0.1442554532595664	7.10253841273491e-8
0.14567673052586416	7.113558844604473e-8
0.1471051141784935	7.124660680345434e-8
0.14854063974938603	7.135844678573795e-8
0.149983342948133	7.147111606936366e-8
0.15143325966287374	7.158462242244382e-8
0.15289042596118813	7.169897370609175e-8
0.15435487809099402	7.181417787580487e-8
0.15582665248144906	7.193024298287105e-8
0.1573057857438562	7.204717717580137e-8
0.15879231467257537	7.216498870178679e-8
0.16028627624593816	7.228368590818155e-8
0.16178770762716785	7.240327724401718e-8
0.16329664616530362	7.252377126153598e-8
0.16481312939613008	7.26451766177572e-8
0.1663371950431107	7.276750207607633e-8
0.16786888101832628	7.289075650788187e-8
0.1694082254234178	7.30149488942104e-8
0.1709552665505349	7.314008832743193e-8
0.17251004288328747	7.3266184012961e-8
0.17407259309770393	7.339324527100674e-8
0.17564295606319252	7.352128153834256e-8
0.17722117084350858	7.365030237012844e-8
0.17880727669772617	7.378031744174637e-8
0.18040131308121476	7.391133655068482e-8
0.18200331964662084	7.404336961844974e-8
0.18361333624485401	7.417642669251885e-8
0.18523140292607826	7.431051794832519e-8
0.18685755994070874	7.444565369128122e-8
0.1884918477404122	7.458184435884893e-8
0.19013430697911424	7.471910052263319e-8
0.1917849785140098	7.485743289052913e-8
0.19344390340657974	7.499685230890429e-8
0.19511112292361268	7.513736976482469e-8
0.1967866785382308	7.527899638832147e-8
0.19847061193092203	7.542174345470525e-8
0.20016296499057665	7.556562238692016e-8
0.20186377981552947	7.571064475794991e-8
0.2035730987146071	7.585682229326445e-8
0.20529096420818022	7.600416687331873e-8
0.20701741902922113	7.615269053609717e-8
0.20875250612436722	7.630240547971542e-8
0.210496268654989	7.645332406506443e-8
0.21224874999826396	7.660545881850687e-8
0.21400999374825516	7.675882243464305e-8
0.21578004371699644	7.691342777910625e-8
0.21755894393558148	7.706928789144013e-8
0.2193467386552594	7.722641598801252e-8
0.22114347234853576	7.738482546500349e-8
0.22294918971027836	7.754452990144331e-8
0.2247639356588297	7.770554306232115e-8
0.2265877553371239	7.786787890174369e-8
0.2284206941138094	7.803155156617775e-8
0.23026279758437848	7.819657539773891e-8
0.23211411157230027	7.836296493756314e-8
0.23397468213016168	7.85307349292386e-8
0.23584455554081238	7.869990032231337e-8
0.23772377831851643	7.887047627587636e-8
0.23961239721010893	7.90424781622083e-8
0.24151045919615952	7.921592157051134e-8
0.24341801149214037	7.93908223107217e-8
0.24533510154960114	7.956719641739634e-8
0.24726177705734917	7.974506015367965e-8
0.24919808594263598	7.99244300153697e-8
0.2511440763723492	8.010532273504379e-8
0.2530997967542111	8.028775528630666e-8
0.25506529573798215	8.047174488809334e-8
0.2570406222166721	8.065730900909925e-8
0.25902582532775553	8.084446537227666e-8
0.2610209544543945	8.103323195944687e-8
0.2630260592266663	8.122362701600655e-8
0.2650411895227997	8.141566905573921e-8
0.26706639547041383	8.160937686572542e-8
0.2691017274477658	8.180476951136916e-8
0.2711472360850044	8.200186634153268e-8
0.27320297226542956	8.220068699378202e-8
0.2752689871267568	8.240125139974972e-8
0.2773453320623904	8.260357979062569e-8
0.27943205872270227	8.280769270275606e-8
0.2815292190163157	8.301361098337942e-8
0.28363686511139713	8.32213557964921e-8
0.2857550494369543	8.343094862883567e-8
0.287883824684139	8.364241129603641e-8
0.2900232438075598	8.385576594887288e-8
0.29217336002659744	8.407103507969145e-8
0.2943342268267306	8.428824152896446e-8
0.2965058979608642	8.450740849201595e-8
0.2986884274506685	8.472855952587749e-8
0.3008818695879217	8.495171855632661e-8
0.3030862789358613	8.517690988507826e-8
0.3053017103305407	8.540415819714744e-8
0.30752821888219345	8.563348856838406e-8
0.3097658599766045	8.586492647318862e-8
0.31201468927648746	8.609849779240813e-8
0.3142747627228697	8.633422882142278e-8
0.31654613653648417	8.657214627842164e-8
0.31882886721916665	8.681227731288253e-8
0.32112301155526257	8.705464951425459e-8
0.3234286266130387	8.729929092084955e-8
0.325745769746104	8.754623002894929e-8
0.3280744985948343	8.779549580213882e-8
0.33041487108780826	8.804711768086281e-8
0.3327669454432473	8.83011255922263e-8
0.3351307801704635	8.855754996002439e-8
0.3375064340713156	8.881642171503426e-8
0.33989396624167195	8.90777723055561e-8
0.3422934360728803	8.934163370821718e-8
0.3447049032532445	8.960803843905865e-8
0.34712842776951053	8.987701956488125e-8
0.3495640699083581	9.014861071490195e-8
0.3520118902578999	9.042284609269304e-8
0.35447194970918944	9.06997604884288e-8
0.35694430945773536	9.097938929145038e-8
0.35942903100502394	9.126176850315419e-8
0.36192617616004885	9.154693475020929e-8
0.36443580704084905	9.18349252981267e-8
0.3669579860760533	9.212577806517409e-8
0.3694927760064337	9.241953163667003e-8
0.3720402398864656	9.271622527963606e-8
0.37460044108589774	9.301589895785575e-8
0.37717344329132724	9.331859334732248e-8
0.37975931050778367	9.362434985210612e-8
0.38235810706032236	9.393321062064376e-8
0.3849698975956241	9.424521856246964e-8
0.38759474708360203	9.456041736540248e-8
0.39023272081902005	9.487885151319502e-8
0.39288388442311495	9.520056630367172e-8
0.3955483038452304	9.552560786736671e-8
0.39822604536445655	9.58540231866659e-8
0.40091717559127893	9.618586011549295e-8
0.4036217614692354	9.6521167399543e-8
0.4063398702765814	9.685999469707145e-8
0.40907156962796437	9.720239260028462e-8
0.4118169274761041	9.754841265732403e-8
0.41457601211348477	9.789810739488086e-8
0.41734889217405197	9.82515303414585e-8
0.42013563663492237	9.860873605129702e-8
0.4229363148180968	9.896978012899268e-8
0.4257509963921872	9.933471925483409e-8
0.4285797513741481	9.970361121087091e-8
0.431422650131019	1.0007651490775301e-7
0.4342797633816742	1.0045349041235341e-7
0.4371511621985827	1.0083459897621313e-7
0.4400369180095757	1.012199030648354e-7
0.4429371025996235	1.0160946638784787e-7
0.44585178811262155	1.0200335393008158e-7
0.44878104705318456	1.0240163198358422e-7
0.4517249522884503	1.0280436818060113e-7
0.4546835770498925	1.032116315275764e-7
0.4576569949351417	1.0362349244018826e-7
0.4606452799098173	1.0404002277947094e-7
0.46364850630936627	1.044612958890533e-7
0.46666674884091325	1.0488738663357117e-7
0.46970008258511775	1.0531837143826764e-7
0.4727485829980431	1.0575432832986293e-7
0.47581232591303324	1.0619533697870335e-7
0.47889138754259847	1.0664147874227238e-7
0.4819858444803113	1.0709283671008444e-7
0.48509577370271284	1.0754949575003346e-7
0.48822125257122634	1.080115425562503e-7
0.4913623588340824	1.0847906569851304e-7
0.49451917062825274	1.0895215567329241e-7
0.49769176648139396	1.0943090495646596e-7
0.5008802253138008	1.0991540805780388e-7
0.50408462644037	1.1040576157726171e-7
0.5073050495725719	1.1090206426316905e-7
0.5105415748204347	1.1140441707238831e-7
0.513794282694537	1.1191292323252084e-7
0.5170632541080095	1.1242768830623452e-7
0.5203485703785496	1.1294882025782311e-7
0.5236503132304423	1.134764295220527e-7
0.5269685647965943	1.140106290754278e-7
0.530303407620577	1.1455153450993931e-7
0.5336549246586798	1.1509926410943444e-7
0.5370231992819733	1.156539389286881e-7
0.5404083152783831	1.162156828753028e-7
0.5438103568547752	1.1678462279456806e-7
0.5472294086390488	1.1736088855737548e-7
0.5506655556822441	1.1794461315135478e-7
0.5541188834606553	1.1853593277534866e-7
0.5575894778779587	1.191349869373775e-7
0.5610774252673482	1.1974191855625038e-7
0.5645828123936848	1.2035687406698148e-7
0.5681057264556529	1.2098000353017079e-7
0.5716462550879313	1.2161146074556278e-7
0.575204486363371	1.222514033699121e-7
0.5787805087951877	1.2289999303941167e-7
0.5823744113391636	1.2355739549685836e-7
0.5859862833958592	1.242237807237766e-7
0.5896162148128385	1.2489932307775153e-7
0.5932642958869029	1.2558420143518354e-7
0.5969306173663373	1.2627859933975782e-7
0.6006152704531689	1.2698270515685982e-7
0.6043183468054348	1.276967122342619e-7
0.6080399385394619	1.2842081906935145e-7
0.6117801382321592	1.2915522948324053e-7
0.6155390389233196	1.2990015280208317e-7
0.6193167341179363	1.306558040459634e-7
0.623113317788526	1.3142240412572947e-7
0.6269288843774687	1.3220018004817383e-7
0.6307635287993559	1.3298936512998414e-7
0.6346173464433525	1.3379019922092431e-7
0.6384904331755692	1.346029289366823e-7
0.642382885341447	1.3542780790196028e-7
0.6462947997681542	1.3626509700427473e-7
0.6502262737669948	1.3711506465908384e-7
0.6541774051358298	1.3797798708680944e-7
0.6581482921615086	1.3885414860246144e-7
0.6621390336223161	1.397438419184705e-7
0.6661497287904276	1.4064736846152545e-7
0.6701804774343794	1.415650387041836e-7
0.6742313798215511	1.4249717251205974e-7
0.678302536720659	1.4344409950752675e-7
0.6823940494042624	1.4440615945084729e-7
0.6865060196512838	1.4538370263978959e-7
0.6906385497495403	1.4637709032878092e-7
0.694791742498288	1.4738669516882825e-7
0.6989657012107795	1.4841290166941348e-7
0.7031605297168335	1.4945610668375705e-7
0.7073763323654175	1.5051671991890998e-7
0.7116132140272448	1.5159516447223502e-7
0.7158712800973807	1.5269187739601078e-7
0.7201506364978674	1.538073102919849e-7
0.7244513896803564	1.5494192993790396e-7
0.728773646628758	1.5609621894819075e-7
0.7331175148619017	1.5727067647114254e-7
0.7374831024362114	1.584658189252674e-7
0.7418705179483922	1.5968218077757755e-7
0.7462798705381343	1.6092031536699065e-7
0.750711269890825	1.6218079577625478e-7
0.7551648262402791	1.6346421575621249e-7
0.7596406503714807	1.6477119070661504e-7
0.7641388536233382	1.6610235871815695e-7
0.7686595478914547	1.674583816809818e-7
0.773202845630912	1.688399464654947e-7
0.7777688598590664	1.7024776618208024e-7
0.7823577041583616	1.7168258152717796e-7
0.7869694926791535	1.7314516222414243e-7
0.7916043401425493	1.7463630856852296e-7
0.796262361843262	1.761568530887643e-7
0.8009436736524783	1.7770766233500506e-7
0.8056483920207407	1.7928963881057352e-7
0.8103766339808444	1.8090372306317436e-7
0.8151285171507487	1.8255089595553823e-7
0.8199041597365022	1.8423218113869495e-7
0.8247036805351848	1.8594864775513308e-7
0.8295271989378608	1.877014134040116e-7
0.8343748349325502	1.8949164740666624e-7
0.8392467091072129	1.9132057441788446e-7
0.844142942652749	1.9318947843737998e-7
0.8490636573660127	1.950997072868947e-7
0.8540089756528428	1.9705267763165325e-7
0.8589790205311072	1.9904988064149732e-7
0.8639739156337627	2.010928884073074e-7
0.8689739156337625	2.0317501168956016e-7
0.8739739156337623	2.0529530493086526e-7
0.878973915633762	2.0745495434796017e-7
0.8839739156337618	2.0965521511653394e-7
0.8889739156337617	2.118974190836779e-7
0.8939739156337615	2.1418298375345208e-7
0.8989739156337613	2.1651342278998668e-7
0.9039739156337611	2.1889035833091838e-7
0.9089739156337608	2.2131553546304724e-7
0.9139739156337606	2.2379083928327995e-7
0.9189739156337604	2.263183150536571e-7
0.9239739156337602	2.2890019206266847e-7
0.9289739156337601	2.3153891192968183e-7
0.9339739156337599	2.3423716223961648e-7
0.9389739156337596	2.3699791657621272e-7
0.9439739156337594	2.398244822407778e-7
0.9489739156337592	2.427205572070451e-7
0.953973915633759	2.4569029818067143e-7
0.9589739156337588	2.4873840201571777e-7
0.9639739156337586	2.5187020320325576e-7
0.9689739156337585	2.5509179070587085e-7
0.9739739156337582	2.584101480856862e-7
0.978973915633758	2.6183332168689325e-7
0.9839739156337578	2.6537062261506035e-7
0.9889739156337576	2.690328694398612e-7
0.9939739156337574	2.7283267997700064e-7
0.9989739156337571	2.7678482222992846e-7
1.003973915633757	2.80906636653245e-7
1.0089739156337567	2.852185444114882e-7
1.0139739156337566	2.8974465933799035e-7
1.0189739156337563	2.9451352495578285e-7
1.0239739156337562	2.9955900233563214e-7
1.028973915633756	3.049213398905619e-7
1.0339739156337557	3.1064846262928674e-7
1.0389739156337556	3.167975261391699e-7
1.0439739156337553	3.2343678991373975e-7
1.0489739156337552	3.306478759085066e-7
1.0539739156337549	3.3852849179468153e-7
1.0589739156337548	3.4719571475622694e-7
1.0639739156337544	3.567899514095307e-7
1.0689739156337543	3.674797131971968e-7
1.0739739156337542	3.7946737523490956e-7
1.0789739156337539	3.92996121049083e-7
1.0839739156337538	4.08358317101183e-7
1.0889739156337535	4.2590561084499154e-7
1.0939739156337533	4.4606110596504835e-7
1.098973915633753	4.693340403692315e-7
1.103973915633753	4.963374787928428e-7
1.1089739156337528	5.278096352745507e-7
1.1139739156337525	5.646395645358844e-7
1.1189739156337524	6.078981092398985e-7
1.123973915633752	6.588751666585366e-7
1.128973915633752	7.19124548577251e-7
1.1339739156337516	7.905179582122338e-7
1.1389739156337515	8.753099042247486e-7
1.1439739156337512	9.76215722138891e-7
1.148973915633751	1.096505285962043e-6
1.153973915633751	1.240115476638842e-6
1.1589739156337506	1.4117850387175912e-6
1.1639739156337505	1.6172161119955475e-6
1.1689739156337502	1.8632674802447553e-6
1.17397391563375	2.1581854424310393e-6
1.1789739156337498	2.5118791886348e-6
1.1839739156337497	2.9362486544092165e-6
1.1889739156337495	3.44557402817514e-6
1.1939739156337492	4.056977381280956e-6
1.197980436725312	4.634255603354196e-6
1.2019869578168745	5.3025580285859304e-6
1.2059934789084372	6.076172154120188e-6
1.21	6.971569794107629e-6
