0.0006999999999999628	4.988970234586043e-9
0.001403500000000035	4.993708462781105e-9
0.0021105174999999296	4.998477337057339e-9
0.0028210700874998964	5.003277084672866e-9
0.003535175437937438	5.008107944494846e-9
0.004252851315127062	5.012970157755414e-9
0.004974115571702636	5.017863968005855e-9
0.005698986149561044	5.022789621143513e-9
0.006427481080308875	5.02774736543928e-9
0.007159618485710418	5.032737451566203e-9
0.007895416578138905	5.03776013262779e-9
0.008634893661029494	5.042815664187198e-9
0.00937806812933463	5.047904304296567e-9
0.010124958469981361	5.053026313526953e-9
0.010875583262331262	5.05818195499854e-9
0.01162996117864295	5.0633714944113136e-9
0.012388110984536127	5.068595200076365e-9
0.013150051539458866	5.073853342947328e-9
0.013915801797156208	5.079146196652553e-9
0.014685380806142003	5.084474037527545e-9
0.015458807710172712	5.089837144647983e-9
0.01623610174872358	5.095235799863189e-9
0.017017282257467212	5.10067028783023e-9
0.017802368668754516	5.1061408960480336e-9
0.01859138051209827	5.11164791489271e-9
0.019384337414658823	5.117191637652864e-9
0.020181259101732015	5.122772360565564e-9
0.020982165397240727	5.128390382852865e-9
0.02178707622422691	5.134046006758978e-9
0.02259601160534814	5.1397395375878684e-9
0.02340899166337483	5.145471283741258e-9
0.024226036621691812	5.1512415567575356e-9
0.02504716680480027	5.15705067135111e-9
0.025872402638824326	5.162898945452081e-9
0.02670176465201842	5.168786700247048e-9
0.02753527347527842	5.174714260219957e-9
0.028372949842654864	5.1806819531940245e-9
0.0292148145918682	5.186690110373959e-9
0.03006088866482743	5.1927390663890404e-9
0.03091119310815165	5.198829159336745e-9
0.0317657490736924	5.204960730827111e-9
0.03262457781906081	5.211134126027659e-9
0.03348770070815601	5.2173496937090105e-9
0.034355139211696875	5.2236077862915344e-9
0.035226914907755424	5.229908759892096e-9
0.03610304948229413	5.23625297437212e-9
0.03698356472970569	5.242640793385984e-9
0.03786848255335419	5.249072584430424e-9
0.038757824966120964	5.2555487188944795e-9
0.03965161409095162	5.2620695721105536e-9
0.04054987216140643	5.268635523405749e-9
0.04145262152221345	5.275246956154555e-9
0.04235988462982453	5.2819042578319006e-9
0.04327168405297366	5.28860782006746e-9
0.0441880424732386	5.295358038700453e-9
0.04510898268560485	5.302155313835428e-9
0.046034527599032954	5.309000049899043e-9
0.04696470023702812	5.315892655697657e-9
0.04789952373821329	5.322833544475718e-9
0.048839021356904266	5.32982313397531e-9
0.04978321646368884	5.336861846496473e-9
0.05073213254600732	5.343950108958604e-9
0.05168579320873729	5.351088352962675e-9
0.052644222174780875	5.358277014854619e-9
0.05360744328565471	5.365516535789816e-9
0.054575480502083065	5.372807361798232e-9
0.055548357904593434	5.380149943851011e-9
0.056526099694116344	5.387544737928112e-9
0.0575087301925869	5.394992205086557e-9
0.05849627384354973	5.402492811530696e-9
0.05948875521276744	5.410047028682578e-9
0.06048619898883127	5.417655333254444e-9
0.061488629983775384	5.425318207321582e-9
0.06249607313369419	5.433036138397087e-9
0.06350855349936275	5.440809619507256e-9
0.06452609626685958	5.448639149268741e-9
0.06554872674819387	5.456525231966563e-9
0.06657647038193484	5.464468377633739e-9
0.06760935273384447	5.472469102132098e-9
0.06864739949751365	5.480527927234296e-9
0.0696906364950013	5.488645380707691e-9
0.07073908967747639	5.496821996399054e-9
0.07179278512586384	5.5050583143210366e-9
0.07285174905149322	5.513354880740006e-9
0.0739160077967507	5.521712248265583e-9
0.07498558783573436	5.53013097594127e-9
0.07606051577491299	5.538611629336916e-9
0.07714081835378758	5.547154780642873e-9
0.07822652244555647	5.555761008765451e-9
0.07931765505778425	5.564430899424257e-9
0.0804142433330731	5.573165045251054e-9
0.08151631454973848	5.581964045890563e-9
0.08262389612248718	5.590828508102474e-9
0.0837370156030995	5.5997590458660985e-9
0.0848557006811149	5.608756280485998e-9
0.0859799791845205	5.617820840699936e-9
0.08710987908044313	5.626953362788557e-9
0.08824542847584534	5.636154490686976e-9
0.08938665561822454	5.64542487609854e-9
0.09053358889631567	5.654765178610353e-9
0.09168625684079722	5.664176065810843e-9
0.09284468812500112	5.673658213409626e-9
0.09400891156562617	5.683212305359328e-9
0.0951789561234543	5.6928390339796705e-9
0.09635485090407148	5.702539100083719e-9
0.09753662515859184	5.712313213106443e-9
0.0987243082843847	5.722162091235537e-9
0.09991792982580656	5.732086461544669e-9
0.10111751947493569	5.742087060129048e-9
0.10232310707231031	5.752164632243589e-9
0.1035347226076718	5.762319932443463e-9
0.10475239622071016	5.772553724727228e-9
0.10597615820181366	5.782866782682725e-9
0.10720603899282274	5.793259889635456e-9
0.10844206918778684	5.803733838799687e-9
0.10968427953372567	5.814289433432681e-9
0.1109327009313943	5.824927486991293e-9
0.11218736443605135	5.835648823291843e-9
0.11344830125823162	5.8464542766728325e-9
0.11471554276452282	5.857344692160556e-9
0.11598912047834534	5.868320925638259e-9
0.11726906608073695	5.8793838440177934e-9
0.11855541141114062	5.890534325415264e-9
0.11984818846819621	5.901773259329325e-9
0.12114742941053713	5.913101546823265e-9
0.12245316655758978	5.924520100710496e-9
0.1237654323903777	5.936029845743323e-9
0.12508425955232963	5.947631718805714e-9
0.12640968085009122	5.959326669109392e-9
0.1277417292543416	5.9711156583939805e-9
0.1290804379006133	5.982999661130869e-9
0.13042584009011637	5.994979664730938e-9
0.1317779692905669	6.007056669756585e-9
0.13313685913701961	6.0192316901375274e-9
0.13450254343270476	6.031505753391245e-9
0.13587505614986833	6.0438799008471595e-9
0.13725443143061763	6.056355187875762e-9
0.13864070358777073	6.068932684122042e-9
0.14003390710570945	6.081613473743343e-9
0.14143407664123803	6.0943986556523124e-9
0.1428412470244442	6.1072893437643065e-9
0.1442554532595664	6.120286667249949e-9
0.14567673052586416	6.1333917707926134e-9
0.1471051141784935	6.146605814851257e-9
0.14854063974938603	6.159929975928265e-9
0.149983342948133	6.1733654468429626e-9
0.15143325966287374	6.18691343701041e-9
0.15289042596118813	6.2005751727261395e-9
0.15435487809099402	6.214351897456386e-9
0.15582665248144906	6.2282448721345565e-9
0.1573057857438562	6.242255375463555e-9
0.15879231467257537	6.256384704224228e-9
0.16028627624593816	6.27063417359055e-9
0.16178770762716785	6.285005117450954e-9
0.16329664616530362	6.299498888736622e-9
0.16481312939613008	6.314116859756263e-9
0.1663371950431107	6.328860422538186e-9
0.16786888101832628	6.343730989179465e-9
0.1694082254234178	6.358729992202299e-9
0.1709552665505349	6.373858884918081e-9
0.17251004288328747	6.3891191417990205e-9
0.17407259309770393	6.404512258857754e-9
0.17564295606319252	6.420039754034911e-9
0.17722117084350858	6.435703167595074e-9
0.17880727669772617	6.451504062531149e-9
0.18040131308121476	6.4674440249774525e-9
0.18200331964662084	6.4835246646317516e-9
0.18361333624485401	6.499747615186352e-9
0.18523140292607826	6.5161145347685364e-9
0.18685755994070874	6.532627106390629e-9
0.1884918477404122	6.549287038409994e-9
0.19013430697911424	6.566096064998883e-9
0.1917849785140098	6.583055946624831e-9
0.19344390340657974	6.600168470541524e-9
0.19511112292361268	6.617435451290589e-9
0.1967866785382308	6.634858731214455e-9
0.19847061193092203	6.652440180980852e-9
0.20016296499057665	6.670181700118677e-9
0.20186377981552947	6.6880852175662415e-9
0.2035730987146071	6.706152692231693e-9
0.20529096420818022	6.72438611356608e-9
0.20701741902922113	6.742787502149329e-9
0.20875250612436722	6.761358910289846e-9
0.210496268654989	6.780102422637523e-9
0.21224874999826396	6.799020156810805e-9
0.21400999374825516	6.818114264038256e-9
0.21578004371699644	6.837386929814903e-9
0.21755894393558148	6.856840374573688e-9
0.2193467386552594	6.8764768543727055e-9
0.22114347234853576	6.896298661598035e-9
0.22294918971027836	6.916308125683429e-9
0.2247639356588297	6.936507613846731e-9
0.2265877553371239	6.956899531843607e-9
0.2284206941138094	6.9774863247390156e-9
0.23026279758437848	6.998270477697056e-9
0.23211411157230027	7.019254516789642e-9
0.23397468213016168	7.040441009824334e-9
0.23584455554081238	7.061832567192138e-9
0.23772377831851643	7.083431842735678e-9
0.23961239721010893	7.105241534638109e-9
0.24151045919615952	7.127264386333977e-9
0.24341801149214037	7.149503187441625e-9
0.24533510154960114	7.1719607747189744e-9
0.24726177705734917	7.194640033042207e-9
0.24919808594263598	7.217543896408618e-9
0.2511440763723492	7.240675348964445e-9
0.2530997967542111	7.26403742605776e-9
0.25506529573798215	7.287633215317585e-9
0.2570406222166721	7.3114658577603104e-9
0.25902582532775553	7.335538548923097e-9
0.2610209544543945	7.35985454002634e-9
0.2630260592266663	7.384417139164959e-9
0.2650411895227997	7.409229712530402e-9
0.26706639547041383	7.434295685662963e-9
0.2691017274477658	7.45961854473645e-9
0.2711472360850044	7.48520183787571e-9
0.27320297226542956	7.511049176507916e-9
0.2752689871267568	7.537164236748413e-9
0.2773453320623904	7.563550760822969e-9
0.27943205872270227	7.59021255852617e-9
0.2815292190163157	7.617153508718838e-9
0.28363686511139713	7.644377560863599e-9
0.2857550494369543	7.671888736601491e-9
0.287883824684139	7.699691131369784e-9
0.2900232438075598	7.727788916062768e-9
0.29217336002659744	7.756186338736512e-9
0.2943342268267306	7.78488772635932e-9
0.2965058979608642	7.813897486608843e-9
0.2986884274506685	7.843220109717523e-9
0.3008818695879217	7.872860170367936e-9
0.3030862789358613	7.902822329639434e-9
0.3053017103305407	7.933111337007599e-9
0.30752821888219345	7.963732032398582e-9
0.3097658599766045	7.994689348299296e-9
0.31201468927648746	8.025988311926412e-9
0.3142747627228697	8.057634047454214e-9
0.31654613653648417	8.089631778305645e-9
0.31882886721916665	8.121986829505637e-9
0.32112301155526257	8.154704630101848e-9
0.3234286266130387	8.187790715651863e-9
0.325745769746104	8.22125073078175e-9
0.3280744985948343	8.255090431816453e-9
0.33041487108780826	8.28931568948486e-9
0.3327669454432473	8.3239324917028e-9
0.3351307801704635	8.358946946434781e-9
0.3375064340713156	8.394365284639269e-9
0.33989396624167195	8.430193863298301e-9
0.3422934360728803	8.466439168535185e-9
0.3447049032532445	8.503107818823669e-9
0.34712842776951053	8.540206568290124e-9
0.3495640699083581	8.577742310113889e-9
0.3520118902578999	8.615722080027306e-9
0.35447194970918944	8.654153059919816e-9
0.35694430945773536	8.693042581549529e-9
0.35942903100502394	8.732398130365876e-9
0.36192617616004885	8.772227349446918e-9
0.36443580704084905	8.812538043555729e-9
0.3669579860760533	8.853338183320014e-9
0.3694927760064337	8.894635909538489e-9
0.3720402398864656	8.936439537619616e-9
0.37460044108589774	8.978757562156255e-9
0.37717344329132724	9.021598661642405e-9
0.37975931050778367	9.06497170333498e-9
0.38235810706032236	9.108885748268631e-9
0.3849698975956241	9.153350056426387e-9
0.38759474708360203	9.198374092073424e-9
0.39023272081902005	9.243967529259373e-9
0.39288388442311495	9.290140257495888e-9
0.3955483038452304	9.336902387614044e-9
0.39822604536445655	9.384264257810845e-9
0.40091717559127893	9.432236439890013e-9
0.4036217614692354	9.480829745704415e-9
0.4063398702765814	9.530055233809032e-9
0.40907156962796437	9.5799242163302e-9
0.4118169274761041	9.63044826606136e-9
0.41457601211348477	9.681639223792998e-9
0.41734889217405197	9.733509205885078e-9
0.42013563663492237	9.786070612093045e-9
0.4229363148180968	9.839336133654948e-9
0.4257509963921872	9.893318761652162e-9
0.4285797513741481	9.948031795651784e-9
0.431422650131019	1.0003488852644723e-8
0.4342797633816742	1.005970387628807e-8
0.4371511621985827	1.0116691146466235e-8
0.4400369180095757	1.0174465289182112e-8
0.4429371025996235	1.0233041286791912e-8
0.44585178811262155	1.029243448859814e-8
0.44878104705318456	1.0352660621813538e-8
0.4517249522884503	1.0413735802913173e-8
0.4546835770498925	1.0475676549388615e-8
0.4576569949351417	1.0538499791922487e-8
0.4606452799098173	1.0602222886999225e-8
0.46364850630936627	1.0666863629971493e-8
0.46666674884091325	1.0732440268600202e-8
0.46970008258511775	1.0798971517088898e-8
0.4727485829980431	1.086647657063308e-8
0.47581232591303324	1.0934975120506539e-8
0.47889138754259847	1.100448736970739e-8
0.4819858444803113	1.1075034049188195e-8
0.48509577370271284	1.1146636434695444e-8
0.48822125257122634	1.1219316364245165e-8
0.4913623588340824	1.1293096256262e-8
0.49451917062825274	1.1367999128411344e-8
0.49769176648139396	1.1444048617156097e-8
0.5008802253138008	1.1521268998068762e-8
0.50408462644037	1.1599685206934551e-8
0.5073050495725719	1.1679322861680354e-8
0.5105415748204347	1.1760208285167473e-8
0.513794282694537	1.1842368528888e-8
0.5170632541080095	1.1925831397606639e-8
0.5203485703785496	1.2010625474991174e-8
0.5236503132304423	1.2096780150279275e-8
0.5269685647965943	1.218432564603003e-8
0.530303407620577	1.22732930470112e-8
0.5336549246586798	1.2363714330277445e-8
0.5370231992819733	1.2455622396498036e-8
0.5404083152783831	1.2549051102592301e-8
0.5438103568547752	1.2644035295740095e-8
0.5472294086390488	1.2740610848833267e-8
0.5506655556822441	1.2838814697442414e-8
0.5541188834606553	1.2938684878372119e-8
0.5575894778779587	1.3040260569890067e-8
0.5610774252673482	1.3143582133712298e-8
0.5645828123936848	1.3248691158838036e-8
0.5681057264556529	1.335563050733095e-8
0.5716462550879313	1.3464444362149438e-8
0.575204486363371	1.3575178277137657e-8
0.5787805087951877	1.3687879229292667e-8
0.5823744113391636	1.3802595673434398e-8
0.5859862833958592	1.3919377599412301e-8
0.5896162148128385	1.4038276591991059e-8
0.5932642958869029	1.4159345893568944e-8
0.5969306173663373	1.4282640469894129e-8
0.6006152704531689	1.440821707895464e-8
0.6043183468054348	1.4536134343232234e-8
0.6080399385394619	1.4666452825525633e-8
0.6117801382321592	1.479923510856231e-8
0.6155390389233196	1.4934545878640274e-8
0.6193167341179363	1.507245201355544e-8
0.623113317788526	1.521302267509743e-8
0.6269288843774687	1.535632940641795e-8
0.6307635287993559	1.5502446234604087e-8
0.6346173464433525	1.5651449778819577e-8
0.6384904331755692	1.5803419364410707e-8
0.642382885341447	1.5958437143414447e-8
0.6462947997681542	1.6116588221943658e-8
0.6502262737669948	1.6277960794982616e-8
0.6541774051358298	1.6442646289173088e-8
0.6581482921615086	1.661073951423849e-8
0.6621390336223161	1.678233882376689e-8
0.6661497287904276	1.6957546286150996e-8
0.6701804774343794	1.7136467866583274e-8
0.6742313798215511	1.7319213621108038e-8
0.678302536720659	1.7505897903859493e-8
0.6823940494042624	1.769663958875488e-8
0.6865060196512838	1.7891562307083184e-8
0.6906385497495403	1.8090794702616665e-8
0.694791742498288	1.8294470706098096e-8
0.6989657012107795	1.8502729831218743e-8
0.7031605297168335	1.871571749449999e-8
0.7073763323654175	1.8933585361852438e-8
0.7116132140272448	1.9156491724995568e-8
0.7158712800973807	1.9384601911412464e-8
0.7201506364978674	1.961808873208488e-8
0.7244513896803564	1.985713297192842e-8
0.728773646628758	2.010192392864419e-8
0.7331175148619017	2.035266000664461e-8
0.7374831024362114	2.0609549373822906e-8
0.7418705179483922	2.087281069025801e-8
0.7462798705381343	2.114267391951554e-8
0.750711269890825	2.1419381235068743e-8
0.7551648262402791	2.170318803658986e-8
0.7596406503714807	2.199436409350906e-8
0.7641388536233382	2.2293194836411394e-8
0.7686595478914547	2.2599982820624807e-8
0.773202845630912	2.2915049390901532e-8
0.7777688598590664	2.323873658153097e-8
0.7823577041583616	2.3571409292772248e-8
0.7869694926791535	2.3913457792357067e-8
0.7916043401425493	2.426530060028816e-8
0.796262361843262	2.462738782658411e-8
0.8009436736524783	2.500020504540901e-8
0.8056483920207407	2.5384277805690956e-8
0.8103766339808444	2.578017689851345e-8
0.8151285171507487	2.6188524525988036e-8
0.8199041597365022	2.661000154597454e-8
0.8247036805351848	2.7045356003008607e-8
0.8295271989378608	2.7495413199580462e-8
0.8343748349325502	2.7961087615188058e-8
0.8392467091072129	2.8443397045541467e-8
0.844142942652749	2.894347941353392e-8
0.8490636573660127	2.9462612800396557e-8
0.8540089756528428	3.0002239363836914e-8
0.8589790205311072	3.0563993954914123e-8
0.8639739156337627	3.114973842307966e-8
0.8689739156337625	3.17591324972369e-8
0.8739739156337623	3.239363209356463e-8
0.878973915633762	3.305557837994654e-8
0.8839739156337618	3.37476615932491e-8
0.8889739156337617	3.447298166936494e-8
0.8939739156337615	3.52351199117288e-8
0.8989739156337613	3.603822374978778e-8
0.9039739156337611	3.688710702407351e-8
0.9089739156337608	3.778736869373947e-8
0.9139739156337606	3.8745533409074405e-8
0.9189739156337604	3.976921804239118e-8
0.9239739156337602	4.086732904584748e-8
0.9289739156337601	4.205029642814319e-8
0.9339739156337599	4.333035124223921e-8
0.9389739156337596	4.4721854787415064e-8
0.9439739156337594	4.6241689291913734e-8
0.9489739156337592	4.7909721705873197e-8
0.953973915633759	4.974935445646835e-8
0.9589739156337588	5.1788179667830654e-8
0.9639739156337586	5.4058756510604003e-8
0.9689739156337585	5.6599535119529165e-8
0.9739739156337582	5.945595502119616e-8
0.978973915633758	6.26817513905081e-8
0.9839739156337578	6.63405088737479e-8
0.9889739156337576	7.050751038217925e-8
0.9939739156337574	7.527193741669312e-8
0.9989739156337571	8.073948942280366e-8
1.003973915633757	8.70355027455185e-8
1.0089739156337567	9.430866537300142e-8
1.0139739156337566	1.027354423268243e-7
1.0189739156337563	1.125253488732959e-7
1.0239739156337562	1.2392723541172803e-7
1.028973915633756	1.3723677979885596e-7
1.0339739156337557	1.52805421020588e-7
1.0389739156337556	1.7105101375123755e-7
1.0439739156337553	1.9247053791619686e-7
1.0489739156337552	2.1765526265554526e-7
1.0539739156337549	2.4730884217643706e-7
1.0589739156337548	2.8226891439747114e-7
1.0639739156337544	3.2353288503399013e-7
1.0689739156337543	3.7228871344324636e-7
1.0739739156337542	4.299516764305351e-7
1.0789739156337539	4.982082774314207e-7
1.0839739156337538	5.790686971330738e-7
1.0889739156337535	6.749294549485537e-7
1.0939739156337533	7.88648277459479e-7
1.098973915633753	9.236335602666838e-7
1.103973915633753	1.0839512758214734e-6
1.1089739156337528	1.2744527361662676e-6
1.1139739156337525	1.500927283124808e-6
1.1189739156337524	1.7702847693843972e-6
1.123973915633752	2.090773635626048e-6
1.128973915633752	2.4722415088521224e-6
1.1339739156337516	2.926446577273527e-6
1.1389739156337515	3.467429574449298e-6
1.1439739156337512	4.11195807213894e-6
1.148973915633751	4.8800569856325195e-6
1.153973915633751	5.795641791172594e-6
1.1589739156337506	6.887274002319437e-6
1.1639739156337505	8.189062015674389e-6
1.1689739156337502	9.741734585072682e-6
1.17397391563375	1.1593918987395128e-5
1.1789739156337498	1.3803661470391763e-5
1.1839739156337497	1.6440233883082333e-5
1.1889739156337495	1.9586277525555226e-5
1.1939739156337492	2.334034323211873e-5
1.197980436725312	2.6865732180726643e-5
1.2019869578168745	3.0927182622421434e-5
1.2059934789084372	3.560594742013959e-5
1.21	4.099542392500115e-5
