0.0006999999999999628	2.265989152593045e-7
0.001403500000000035	2.267081621196185e-7
0.0021105174999999296	2.2681804605315496e-7
0.0028210700874998964	2.2692857274979236e-7
0.003535175437937438	2.270397464919106e-7
0.004252851315127062	2.2715157158436276e-7
0.004974115571702636	2.2726405236621657e-7
0.005698986149561044	2.2737719321120015e-7
0.006427481080308875	2.2749099852803581e-7
0.007159618485710418	2.2760547276078927e-7
0.007895416578138905	2.2772062038921683e-7
0.008634893661029494	2.2783644592912624e-7
0.00937806812933463	2.279529539327194e-7
0.010124958469981361	2.2807014898895934e-7
0.010875583262331262	2.2818803572394262e-7
0.01162996117864295	2.2830661880125767e-7
0.012388110984536127	2.2842590292236835e-7
0.013150051539458866	2.2854589282698595e-7
0.013915801797156208	2.2866659329345557e-7
0.014685380806142003	2.2878800913914594e-7
0.015458807710172712	2.2891014522083501e-7
0.01623610174872358	2.2903300643512356e-7
0.017017282257467212	2.2915659771881388e-7
0.017802368668754516	2.2928092404934008e-7
0.01859138051209827	2.2940599044516915e-7
0.019384337414658823	2.2953180196620997e-7
0.020181259101732015	2.296583637142604e-7
0.020982165397240727	2.2978568083341326e-7
0.02178707622422691	2.2991375851049495e-7
0.02259601160534814	2.3004260197550656e-7
0.02340899166337483	2.3017221650207634e-7
0.024226036621691812	2.303026074078839e-7
0.02504716680480027	2.3043378005514646e-7
0.025872402638824326	2.3056573985105453e-7
0.02670176465201842	2.3069849224825326e-7
0.02753527347527842	2.3083204274531414e-7
0.028372949842654864	2.3096639688719886e-7
0.0292148145918682	2.311015602657636e-7
0.03006088866482743	2.3123753852024363e-7
0.03091119310815165	2.313743373377413e-7
0.0317657490736924	2.3151196245373155e-7
0.03262457781906081	2.3165041965258515e-7
0.03348770070815601	2.3178971476807016e-7
0.034355139211696875	2.3192985368388528e-7
0.035226914907755424	2.320708423341725e-7
0.03610304948229413	2.3221268670407503e-7
0.03698356472970569	2.323553928302689e-7
0.03786848255335419	2.324989668015099e-7
0.038757824966120964	2.3264341475919737e-7
0.03965161409095162	2.327887428979406e-7
0.04054987216140643	2.3293495746612614e-7
0.04145262152221345	2.3308206476649617e-7
0.04235988462982453	2.3323007115673683e-7
0.04327168405297366	2.3337898305008154e-7
0.0441880424732386	2.3352880691589623e-7
0.04510898268560485	2.336795492803036e-7
0.046034527599032954	2.3383121672679857e-7
0.04696470023702812	2.339838158968736e-7
0.04789952373821329	2.3413735349065435e-7
0.048839021356904266	2.342918362675401e-7
0.04978321646368884	2.3444727104686372e-7
0.05073213254600732	2.3460366470854065e-7
0.05168579320873729	2.347610241937488e-7
0.052644222174780875	2.3491935650560612e-7
0.05360744328565471	2.350786687098504e-7
0.054575480502083065	2.3523896793554224e-7
0.055548357904593434	2.3540026137577388e-7
0.056526099694116344	2.3556255628838005e-7
0.0575087301925869	2.3572585999666436e-7
0.05849627384354973	2.358901798901376e-7
0.05948875521276744	2.3605552342525823e-7
0.06048619898883127	2.3622189812619373e-7
0.061488629983775384	2.3638931158558824e-7
0.06249607313369419	2.36557771465328e-7
0.06350855349936275	2.3672728549734294e-7
0.06452609626685958	2.3689786148439316e-7
0.06554872674819387	2.3706950730088598e-7
0.06657647038193484	2.3724223089369447e-7
0.06760935273384447	2.374160402829845e-7
0.06864739949751365	2.3759094356306582e-7
0.0696906364950013	2.3776694890324246e-7
0.07073908967747639	2.3794406454867774e-7
0.07179278512586384	2.3812229882128483e-7
0.07285174905149322	2.3830166012060844e-7
0.0739160077967507	2.384821569247228e-7
0.07498558783573436	2.386637977911695e-7
0.07606051577491299	2.3884659135787605e-7
0.07714081835378758	2.3903054634408687e-7
0.07822652244555647	2.3921567155134345e-7
0.07931765505778425	2.394019758644435e-7
0.0804142433330731	2.395894682524193e-7
0.08151631454973848	2.397781577695478e-7
0.08262389612248718	2.3996805355636007e-7
0.0837370156030995	2.4015916484066473e-7
0.0848557006811149	2.403515009385907e-7
0.0859799791845205	2.405450712556552e-7
0.08710987908044313	2.407398852878212e-7
0.08824542847584534	2.4093595262259634e-7
0.08938665561822454	2.4113328294013143e-7
0.09053358889631567	2.4133188601435415e-7
0.09168625684079722	2.415317717140836e-7
0.09284468812500112	2.4173295000420847e-7
0.09400891156562617	2.4193543094683847e-7
0.0951789561234543	2.4213922470250606e-7
0.09635485090407148	2.4234434153136093e-7
0.09753662515859184	2.4255079179440835e-7
0.0987243082843847	2.427585859547386e-7
0.09991792982580656	2.4296773457879487e-7
0.10111751947493569	2.431782483376425e-7
0.10232310707231031	2.4339013800828534e-7
0.1035347226076718	2.436034144749691e-7
0.10475239622071016	2.438180887305268e-7
0.10597615820181366	2.4403417187773936e-7
0.10720603899282274	2.4425167513070255e-7
0.10844206918778684	2.4447060981624733e-7
0.10968427953372567	2.4469098737534283e-7
0.1109327009313943	2.449128193645545e-7
0.11218736443605135	2.451361174575004e-7
0.11344830125823162	2.453608934463396e-7
0.11471554276452282	2.4558715924328966e-7
0.11598912047834534	2.458149268821617e-7
0.11726906608073695	2.4604420851990873e-7
0.11855541141114062	2.4627501643822274e-7
0.11984818846819621	2.4650736304512713e-7
0.12114742941053713	2.4674126087662634e-7
0.12245316655758978	2.4697672259835305e-7
0.1237654323903777	2.4721376100724937e-7
0.12508425955232963	2.4745238903329125e-7
0.12640968085009122	2.4769261974122264e-7
0.1277417292543416	2.4793446633230736e-7
0.1290804379006133	2.4817794214614097e-7
0.13042584009011637	2.4842306066246747e-7
0.1317779692905669	2.4866983550302984e-7
0.13313685913701961	2.489182804334505e-7
0.13450254343270476	2.4916840936514595e-7
0.13587505614986833	2.4942023635727323e-7
0.13725443143061763	2.496737756186917e-7
0.13864070358777073	2.499290415099888e-7
0.14003390710570945	2.5018604854549637e-7
0.14143407664123803	2.504448113953814e-7
0.1428412470244442	2.5070534488774415e-7
0.1442554532595664	2.509676640107678e-7
0.14567673052586416	2.512317839148716e-7
0.1471051141784935	2.514977199149558e-7
0.14854063974938603	2.517654874926217e-7
0.149983342948133	2.5203510229848614e-7
0.15143325966287374	2.5230658015447514e-7
0.15289042596118813	2.525799370562054e-7
0.15435487809099402	2.528551891753916e-7
0.15582665248144906	2.5313235286227636e-7
0.1573057857438562	2.534114446481293e-7
0.15879231467257537	2.5369248124775083e-7
0.16028627624593816	2.5397547956207255e-7
0.16178770762716785	2.5426045668075113e-7
0.16329664616530362	2.5454742988481994e-7
0.16481312939613008	2.548364166494173e-7
0.1663371950431107	2.5512743464651626e-7
0.16786888101832628	2.554205017477245e-7
0.1694082254234178	2.557156360271417e-7
0.1709552665505349	2.560128557642456e-7
0.17251004288328747	2.5631217944682927e-7
0.17407259309770393	2.5661362577402007e-7
0.17564295606319252	2.569172136593121e-7
0.17722117084350858	2.572229622336722e-7
0.17880727669772617	2.575308908487038e-7
0.18040131308121476	2.578410190798521e-7
0.18200331964662084	2.5815336672968267e-7
0.18361333624485401	2.584679538312059e-7
0.18523140292607826	2.5878480065125673e-7
0.18685755994070874	2.5910392769397133e-7
0.1884918477404122	2.5942535570424974e-7
0.19013430697911424	2.5974910567138686e-7
0.1917849785140098	2.600751988326663e-7
0.19344390340657974	2.6040365667707875e-7
0.19511112292361268	2.6073450094910566e-7
0.1967866785382308	2.6106775365254116e-7
0.19847061193092203	2.614034370544191e-7
0.20016296499057665	2.6174157368897835e-7
0.20186377981552947	2.620821863617326e-7
0.2035730987146071	2.624252981536054e-7
0.20529096420818022	2.6277093242511663e-7
0.20701741902922113	2.631191128206885e-7
0.20875250612436722	2.63469863273003e-7
0.210496268654989	2.6382320800745403e-7
0.21224874999826396	2.641791715466698e-7
0.21400999374825516	2.6453777871513986e-7
0.21578004371699644	2.648990546439137e-7
0.21755894393558148	2.652630247754037e-7
0.2193467386552594	2.656297148682472e-7
0.22114347234853576	2.659991510023123e-7
0.22294918971027836	2.6637135958375327e-7
0.2247639356588297	2.667463673501834e-7
0.2265877553371239	2.6712420137596565e-7
0.2284206941138094	2.6750488907755516e-7
0.23026279758437848	2.6788845821899996e-7
0.23211411157230027	2.682749369175208e-7
0.23397468213016168	2.6866435364920415e-7
0.23584455554081238	2.6905673725480156e-7
0.23772377831851643	2.694521169456651e-7
0.23961239721010893	2.6985052230977073e-7
0.24151045919615952	2.7025198331789143e-7
0.24341801149214037	2.7065653032986335e-7
0.24533510154960114	2.7106419410100065e-7
0.24726177705734917	2.7147500578862916e-7
0.24919808594263598	2.718889969587511e-7
0.2511440763723492	2.7230619959284954e-7
0.2530997967542111	2.727266460948239e-7
0.25506529573798215	2.731503692980841e-7
0.2570406222166721	2.7357740247276195e-7
0.25902582532775553	2.7400777933308104e-7
0.2610209544543945	2.744415340449092e-7
0.2630260592266663	2.748787012334111e-7
0.2650411895227997	2.753193159909122e-7
0.26706639547041383	2.7576341388489005e-7
0.2691017274477658	2.762110309661421e-7
0.2711472360850044	2.766622037771587e-7
0.27320297226542956	2.7711696936060305e-7
0.2752689871267568	2.7757536526803695e-7
0.2773453320623904	2.780374295688061e-7
0.27943205872270227	2.785032008590912e-7
0.2815292190163157	2.789727182712089e-7
0.28363686511139713	2.794460214830543e-7
0.2857550494369543	2.799231507277789e-7
0.287883824684139	2.8040414680367227e-7
0.2900232438075598	2.8088905108427546e-7
0.29217336002659744	2.8137790552865557e-7
0.2943342268267306	2.818707526919875e-7
0.2965058979608642	2.823676357363163e-7
0.2986884274506685	2.828685984415568e-7
0.3008818695879217	2.8337368521676293e-7
0.3030862789358613	2.838829411116346e-7
0.3053017103305407	2.8439641182827073e-7
0.30752821888219345	2.8491414373320524e-7
0.3097658599766045	2.854361838697077e-7
0.31201468927648746	2.859625799703604e-7
0.3142747627228697	2.8649338046991614e-7
0.31654613653648417	2.8702863451844967e-7
0.31882886721916665	2.8756839199483566e-7
0.32112301155526257	2.8811270352049896e-7
0.3234286266130387	2.8866162047350163e-7
0.325745769746104	2.8921519500296666e-7
0.3280744985948343	2.8977348004381877e-7
0.33041487108780826	2.90336529331868e-7
0.3327669454432473	2.9090439741928137e-7
0.3351307801704635	2.9147713969036786e-7
0.3375064340713156	2.9205481237779163e-7
0.33989396624167195	2.9263747257912065e-7
0.3422934360728803	2.932251782738244e-7
0.3447049032532445	2.938179883406263e-7
0.34712842776951053	2.94415962575296e-7
0.3495640699083581	2.95019161708898e-7
0.3520118902578999	2.9562764742645133e-7
0.35447194970918944	2.962414823860458e-7
0.35694430945773536	2.9686073023846336e-7
0.35942903100502394	2.974854556472211e-7
0.36192617616004885	2.9811572430918166e-7
0.36443580704084905	2.987516029756264e-7
0.3669579860760533	2.993931594738741e-7
0.3694927760064337	3.000404627294332e-7
0.3720402398864656	3.0069358278872966e-7
0.37460044108589774	3.0135259084239704e-7
0.37717344329132724	3.0201755924916383e-7
0.37975931050778367	3.0268856156035204e-7
0.38235810706032236	3.033656725450058e-7
0.3849698975956241	3.040489682156536e-7
0.38759474708360203	3.0473852585478633e-7
0.39023272081902005	3.054344240419625e-7
0.39288388442311495	3.061367426816723e-7
0.3955483038452304	3.068455630319057e-7
0.39822604536445655	3.0756096773349855e-7
0.40091717559127893	3.0828304084023563e-7
0.4036217614692354	3.0901186784979484e-7
0.4063398702765814	3.0974753573547054e-7
0.40907156962796437	3.1049013297878635e-7
0.4118169274761041	3.1123974960300706e-7
0.41457601211348477	3.1199647720751774e-7
0.41734889217405197	3.127604090031843e-7
0.42013563663492237	3.1353163984867306e-7
0.4229363148180968	3.1431026628776094e-7
0.4257509963921872	3.1509638658772236e-7
0.4285797513741481	3.1589010077873975e-7
0.431422650131019	3.1669151069447144e-7
0.4342797633816742	3.175007200137097e-7
0.4371511621985827	3.183178343032949e-7
0.4400369180095757	3.191429610621738e-7
0.4429371025996235	3.1997620976677567e-7
0.44585178811262155	3.2081769191769934e-7
0.44878104705318456	3.216675210877122e-7
0.4517249522884503	3.2252581297119137e-7
0.4546835770498925	3.2339268543499264e-7
0.4576569949351417	3.242682585708454e-7
0.4606452799098173	3.251526547492523e-7
0.46364850630936627	3.260459986750311e-7
0.46666674884091325	3.2694841744454145e-7
0.46970008258511775	3.278600406045825e-7
0.4727485829980431	3.2878100021312073e-7
0.47581232591303324	3.297114309018363e-7
0.47889138754259847	3.3065146994063876e-7
0.4819858444803113	3.3160125730411176e-7
0.48509577370271284	3.3256093574002644e-7
0.48822125257122634	3.3353065084008624e-7
0.4913623588340824	3.345105511127289e-7
0.49451917062825274	3.3550078805838763e-7
0.49769176648139396	3.365015162470298e-7
0.5008802253138008	3.375128933982334e-7
0.50408462644037	3.385350804638202e-7
0.5073050495725719	3.395682417131473e-7
0.5105415748204347	3.406125448212007e-7
0.513794282694537	3.4166816095956457e-7
0.5170632541080095	3.427352648903643e-7
0.5203485703785496	3.438140350633524e-7
0.5236503132304423	3.449046537162325e-7
0.5269685647965943	3.460073069783109e-7
0.530303407620577	3.4712218497772365e-7
0.5336549246586798	3.482494819522381e-7
0.5370231992819733	3.4938939636387234e-7
0.5404083152783831	3.5054213101748653e-7
0.5438103568547752	3.51707893183453e-7
0.5472294086390488	3.5288689472462116e-7
0.5506655556822441	3.5407935222774337e-7
0.5541188834606553	3.5528548713954904e-7
0.5575894778779587	3.565055259076745e-7
0.5610774252673482	3.577397001266453e-7
0.5645828123936848	3.589882466890792e-7
0.5681057264556529	3.602514079424894e-7
0.5716462550879313	3.615294318517435e-7
0.575204486363371	3.6282257216752366e-7
0.5787805087951877	3.641310886011031e-7
0.5823744113391636	3.6545524700556194e-7
0.5859862833958592	3.66795319563955e-7
0.5896162148128385	3.6815158498449734e-7
0.5932642958869029	3.6952432870328375e-7
0.5969306173663373	3.709138430948371e-7
0.6006152704531689	3.7232042769075876e-7
0.6043183468054348	3.737443894069863e-7
0.6080399385394619	3.7518604278000056e-7
0.6117801382321592	3.766457102124023e-7
0.6155390389233196	3.781237222283124e-7
0.6193167341179363	3.7962041773914073e-7
0.623113317788526	3.8113614432006874e-7
0.6269288843774687	3.8267125849796303e-7
0.6307635287993559	3.8422612605114366e-7
0.6346173464433525	3.8580112232168243e-7
0.6384904331755692	3.8739663254081645e-7
0.642382885341447	3.890130521681516e-7
0.6462947997681542	3.9065078724545444e-7
0.6502262737669948	3.923102547656244e-7
0.6541774051358298	3.9399188305779136e-7
0.6581482921615086	3.956961121893391e-7
0.6621390336223161	3.974233943857642e-7
0.6661497287904276	3.991741944693285e-7
0.6701804774343794	4.0094899031755825e-7
0.6742313798215511	4.027482733426985e-7
0.678302536720659	4.0457254899328e-7
0.6823940494042624	4.064223372790524e-7
0.6865060196512838	4.082981733206577e-7
0.6906385497495403	4.102006079254847e-7
0.694791742498288	4.121302081912358e-7
0.6989657012107795	4.140875581389186e-7
0.7031605297168335	4.1607325937697896e-7
0.7073763323654175	4.180879317986239e-7
0.7116132140272448	4.2013221431430854e-7
0.7158712800973807	4.2220676562177156e-7
0.7201506364978674	4.2431226501594887e-7
0.7244513896803564	4.264494132415388e-7
0.728773646628758	4.2861893339105455e-7
0.7331175148619017	4.308215718515536e-7
0.7374831024362114	4.330580993035343e-7
0.7418705179483922	4.3532931177575863e-7
0.7462798705381343	4.3763603176019634e-7
0.750711269890825	4.3997910939178e-7
0.7551648262402791	4.4235942369794744e-7
0.7596406503714807	4.4477788392378423e-7
0.7641388536233382	4.4723543093904917e-7
0.7686595478914547	4.497330387341266e-7
0.773202845630912	4.522717160129863e-7
0.7777688598590664	4.5485250789197256e-7
0.7823577041583616	4.5747649771476615e-7
0.7869694926791535	4.601448089949954e-7
0.7916043401425493	4.6285860749966366e-7
0.796262361843262	4.6561910348876494e-7
0.8009436736524783	4.684275541283215e-7
0.8056483920207407	4.712852660972958e-7
0.8103766339808444	4.7419359841173516e-7
0.8151285171507487	4.771539654937815e-7
0.8199041597365022	4.80167840517685e-7
0.8247036805351848	4.832367590707869e-7
0.8295271989378608	4.863623231744134e-7
0.8343748349325502	4.895462057179785e-7
0.8392467091072129	4.927901553698209e-7
0.844142942652749	4.960960020408246e-7
0.8490636573660127	4.994656629921726e-7
0.8540089756528428	5.029011496971077e-7
0.8589790205311072	5.064045755898585e-7
0.8639739156337627	5.099781648628164e-7
0.8689739156337625	5.136097205804057e-7
0.8739739156337623	5.172971542377237e-7
0.878973915633762	5.210420871782592e-7
0.8839739156337618	5.248462347557278e-7
0.8889739156337617	5.28711417038839e-7
0.8939739156337615	5.32639571284073e-7
0.8989739156337613	5.36632766513866e-7
0.9039739156337611	5.406932206022951e-7
0.9089739156337608	5.448233203501424e-7
0.9139739156337606	5.490256451278641e-7
0.9189739156337604	5.533029947802865e-7
0.9239739156337602	5.576584226266661e-7
0.9289739156337601	5.620952745568551e-7
0.9339739156337599	5.666172354262088e-7
0.9389739156337596	5.712283841947344e-7
0.9439739156337594	5.759332595478896e-7
0.9489739156337592	5.807369380885558e-7
0.953973915633759	5.856451276132657e-7
0.9589739156337588	5.906642784960814e-7
0.9639739156337586	5.958017168178443e-7
0.9689739156337585	6.010658036192186e-7
0.9739739156337582	6.064661255472386e-7
0.978973915633758	6.120137232399634e-7
0.9839739156337578	6.177213650878992e-7
0.9889739156337576	6.236038755711866e-7
0.9939739156337574	6.296785292507919e-7
0.9989739156337571	6.359655237572603e-7
1.003973915633757	6.42488547850281e-7
1.0089739156337567	6.492754639118998e-7
1.0139739156337566	6.56359128201103e-7
1.0189739156337563	6.637783769752519e-7
1.0239739156337562	6.715792123425299e-7
1.028973915633756	6.798162286487286e-7
1.0339739156337557	6.885543285647663e-7
1.0389739156337556	6.978707881184125e-7
1.0439739156337553	7.078577420559947e-7
1.0489739156337552	7.186251755496131e-7
1.0539739156337549	7.303045258887284e-7
1.0589739156337548	7.430530190235573e-7
1.0639739156337544	7.570588913924614e-7
1.0689739156337543	7.725476782480781e-7
1.0739739156337542	7.897897867520873e-7
1.0789739156337539	8.091096167020606e-7
1.0839739156337538	8.30896545403338e-7
1.0889739156337535	8.556181577167715e-7
1.0939739156337533	8.838361798686891e-7
1.098973915633753	9.162256687889095e-7
1.103973915633753	9.535981206271934e-7
1.1089739156337528	9.96929296351731e-7
1.1139739156337525	1.047392723299396e-6
1.1189739156337524	1.1064000243657941e-6
1.123973915633752	1.1756494572537115e-6
1.128973915633752	1.257184321959106e-6
1.1339739156337516	1.3534632237916734e-6
1.1389739156337515	1.467444571387874e-6
1.1439739156337512	1.6026881555809234e-6
1.148973915633751	1.7634772085009108e-6
1.153973915633751	1.9549649975049594e-6
1.1589739156337506	2.1833507819260855e-6
1.1639739156337505	2.4560908703980502e-6
1.1689739156337502	2.782151582497901e-6
1.17397391563375	3.1723121617093283e-6
1.1789739156337498	3.6395271288588548e-6
1.1839739156337497	4.19935922727691e-6
1.1889739156337495	4.870496011817884e-6
1.1939739156337492	5.675365287688557e-6
1.197980436725312	6.434775770341754e-6
1.2019869578168745	7.313498888860487e-6
1.2059934789084372	8.330331052789435e-6
1.21	9.506986271639142e-6
