0.0006999999999999628	4.775949525480003e-7
0.001403500000000035	4.777679942947794e-7
0.0021105174999999296	4.779420294849985e-7
0.0028210700874998964	4.781170658574821e-7
0.003535175437937438	4.78293109895377e-7
0.004252851315127062	4.784701681265462e-7
0.004974115571702636	4.786482471291642e-7
0.005698986149561044	4.78827353532173e-7
0.006427481080308875	4.790074940157568e-7
0.007159618485710418	4.791886753118225e-7
0.007895416578138905	4.79370904204507e-7
0.008634893661029494	4.795541875306606e-7
0.00937806812933463	4.797385321803595e-7
0.010124958469981361	4.799239450974171e-7
0.010875583262331262	4.801104332798962e-7
0.01162996117864295	4.8029800378062e-7
0.012388110984536127	4.804866637077266e-7
0.013150051539458866	4.806764202251645e-7
0.013915801797156208	4.808672805532744e-7
0.014685380806142003	4.810592519693008e-7
0.015458807710172712	4.812523418079786e-7
0.01623610174872358	4.814465574620512e-7
0.017017282257467212	4.816419063828831e-7
0.017802368668754516	4.818383960809864e-7
0.01859138051209827	4.820360341266503e-7
0.019384337414658823	4.822348281504726e-7
0.020181259101732015	4.824347858440076e-7
0.020982165397240727	4.826359149603313e-7
0.02178707622422691	4.828382233146512e-7
0.02259601160534814	4.83041718784946e-7
0.02340899166337483	4.832464093125707e-7
0.024226036621691812	4.834523029028763e-7
0.02504716680480027	4.836594076258781e-7
0.025872402638824326	4.838677316168769e-7
0.02670176465201842	4.840772830771266e-7
0.02753527347527842	4.842880702744752e-7
0.028372949842654864	4.845001015440689e-7
0.0292148145918682	4.847133852889906e-7
0.03006088866482743	4.849279299809905e-7
0.03091119310815165	4.851437441611383e-7
0.0317657490736924	4.853608364405629e-7
0.03262457781906081	4.855792155011198e-7
0.03348770070815601	4.857988900961695e-7
0.034355139211696875	4.860198690512663e-7
0.035226914907755424	4.862421612648989e-7
0.03610304948229413	4.864657757092709e-7
0.03698356472970569	4.866907214310141e-7
0.03786848255335419	4.869170075520037e-7
0.038757824966120964	4.871446432700807e-7
0.03965161409095162	4.873736378599009e-7
0.04054987216140643	4.876040006736685e-7
0.04145262152221345	4.878357411419895e-7
0.04235988462982453	4.880688687746715e-7
0.04327168405297366	4.883033931615478e-7
0.0441880424732386	4.885393239733249e-7
0.04510898268560485	4.887766709624341e-7
0.046034527599032954	4.89015443963868e-7
0.04696470023702812	4.89255652896068e-7
0.04789952373821329	4.89497307761815e-7
0.048839021356904266	4.897404186491183e-7
0.04978321646368884	4.899849957320906e-7
0.05073213254600732	4.902310492719196e-7
0.05168579320873729	4.904785896177451e-7
0.052644222174780875	4.907276272076227e-7
0.05360744328565471	4.909781725694873e-7
0.054575480502083065	4.912302363220952e-7
0.055548357904593434	4.914838291760228e-7
0.056526099694116344	4.917389619346376e-7
0.0575087301925869	4.919956454951252e-7
0.05849627384354973	4.922538908494856e-7
0.05948875521276744	4.925137090855679e-7
0.06048619898883127	4.927751113881497e-7
0.061488629983775384	4.930381090399282e-7
0.06249607313369419	4.933027134226542e-7
0.06350855349936275	4.935689360181967e-7
0.06452609626685958	4.938367884096307e-7
0.06554872674819387	4.94106282282374e-7
0.06657647038193484	4.943774294253175e-7
0.06760935273384447	4.94650241731959e-7
0.06864739949751365	4.949247312015775e-7
0.0696906364950013	4.952009099404064e-7
0.07073908967747639	4.954787901628168e-7
0.07179278512586384	4.957583841925653e-7
0.07285174905149322	4.960397044639693e-7
0.0739160077967507	4.963227635231945e-7
0.07498558783573436	4.966075740294997e-7
0.07606051577491299	4.968941487564943e-7
0.07714081835378758	4.971825005934783e-7
0.07822652244555647	4.974726425467252e-7
0.07931765505778425	4.97764587740813e-7
0.0804142433330731	4.980583494200024e-7
0.08151631454973848	4.983539409495703e-7
0.08262389612248718	4.986513758172472e-7
0.0837370156030995	4.989506676345682e-7
0.0848557006811149	4.99251830138325e-7
0.0859799791845205	4.99554877192059e-7
0.08710987908044313	4.998598227874514e-7
0.08824542847584534	5.001666810458727e-7
0.08938665561822454	5.004754662198753e-7
0.09053358889631567	5.007861926947108e-7
0.09168625684079722	5.010988749899148e-7
0.09284468812500112	5.014135277608571e-7
0.09400891156562617	5.017301658003725e-7
0.0951789561234543	5.020488040403326e-7
0.09635485090407148	5.023694575533528e-7
0.09753662515859184	5.026921415544292e-7
0.0987243082843847	5.030168714026183e-7
0.09991792982580656	5.033436626027892e-7
0.10111751947493569	5.036725308073538e-7
0.10232310707231031	5.040034918180327e-7
0.1035347226076718	5.043365615876662e-7
0.10475239622071016	5.046717562219998e-7
0.10597615820181366	5.050090919815858e-7
0.10720603899282274	5.053485852836167e-7
0.10844206918778684	5.056902527038618e-7
0.10968427953372567	5.060341109785574e-7
0.1109327009313943	5.063801770064194e-7
0.11218736443605135	5.067284678506047e-7
0.11344830125823162	5.070790007407343e-7
0.11471554276452282	5.074317930749368e-7
0.11598912047834534	5.077868624219749e-7
0.11726906608073695	5.081442265232895e-7
0.11855541141114062	5.085039032952062e-7
0.11984818846819621	5.088659108310698e-7
0.12114742941053713	5.092302674035012e-7
0.12245316655758978	5.095969914665988e-7
0.1237654323903777	5.099661016582589e-7
0.12508425955232963	5.103376168024383e-7
0.12640968085009122	5.107115559115745e-7
0.1277417292543416	5.11087938188908e-7
0.1290804379006133	5.114667830309509e-7
0.13042584009011637	5.118481100299279e-7
0.1317779692905669	5.122319389762788e-7
0.13313685913701961	5.126182898612151e-7
0.13450254343270476	5.130071828792809e-7
0.13587505614986833	5.133986384309724e-7
0.13725443143061763	5.13792677125421e-7
0.13864070358777073	5.141893197830688e-7
0.14003390710570945	5.14588587438428e-7
0.14143407664123803	5.14990501342906e-7
0.1428412470244442	5.153950829675704e-7
0.1442554532595664	5.158023540060831e-7
0.14567673052586416	5.162123363776137e-7
0.1471051141784935	5.16625052229818e-7
0.14854063974938603	5.170405239418398e-7
0.149983342948133	5.174587741274033e-7
0.15143325966287374	5.178798256379453e-7
0.15289042596118813	5.183037015657528e-7
0.15435487809099402	5.18730425247203e-7
0.15582665248144906	5.191600202660582e-7
0.1573057857438562	5.195925104567747e-7
0.15879231467257537	5.200279199078888e-7
0.16028627624593816	5.204662729654749e-7
0.16178770762716785	5.209075942366393e-7
0.16329664616530362	5.213519085930693e-7
0.16481312939613008	5.217992411746557e-7
0.1663371950431107	5.222496173931733e-7
0.16786888101832628	5.227030629360217e-7
0.1694082254234178	5.231596037700189e-7
0.1709552665505349	5.23619266145276e-7
0.17251004288328747	5.240820765991332e-7
0.17407259309770393	5.245480619601497e-7
0.17564295606319252	5.250172493521842e-7
0.17722117084350858	5.254896661985173e-7
0.17880727669772617	5.259653402260707e-7
0.18040131308121476	5.264442994696975e-7
0.18200331964662084	5.269265722765192e-7
0.18361333624485401	5.274121873103502e-7
0.18523140292607826	5.279011735562564e-7
0.18685755994070874	5.283935603250743e-7
0.1884918477404122	5.288893772581254e-7
0.19013430697911424	5.293886543319506e-7
0.1917849785140098	5.298914218631395e-7
0.19344390340657974	5.303977105132617e-7
0.19511112292361268	5.309075512938673e-7
0.1967866785382308	5.314209755715534e-7
0.19847061193092203	5.319380150732082e-7
0.20016296499057665	5.324587018912408e-7
0.20186377981552947	5.329830684889845e-7
0.2035730987146071	5.335111477061336e-7
0.20529096420818022	5.340429727643658e-7
0.20701741902922113	5.345785772729677e-7
0.20875250612436722	5.351179952346207e-7
0.210496268654989	5.356612610512927e-7
0.21224874999826396	5.362084095302127e-7
0.21400999374825516	5.367594758899824e-7
0.21578004371699644	5.373144957667766e-7
0.21755894393558148	5.378735052206673e-7
0.2193467386552594	5.384365407420752e-7
0.22114347234853576	5.390036392583363e-7
0.22294918971027836	5.395748381403646e-7
0.2247639356588297	5.401501752094909e-7
0.2265877553371239	5.407296887443953e-7
0.2284206941138094	5.41313417488185e-7
0.23026279758437848	5.419014006555698e-7
0.23211411157230027	5.424936779402446e-7
0.23397468213016168	5.430902895223532e-7
0.23584455554081238	5.436912760761299e-7
0.23772377831851643	5.44296678777638e-7
0.23961239721010893	5.449065393127317e-7
0.24151045919615952	5.45520899885121e-7
0.24341801149214037	5.461398032246067e-7
0.24533510154960114	5.467632925954816e-7
0.24726177705734917	5.473914118050471e-7
0.24919808594263598	5.48024205212429e-7
0.2511440763723492	5.486617177374007e-7
0.2530997967542111	5.49303994869485e-7
0.25506529573798215	5.499510826772212e-7
0.2570406222166721	5.506030278176052e-7
0.25902582532775553	5.512598775457003e-7
0.2610209544543945	5.519216797244843e-7
0.2630260592266663	5.525884828348714e-7
0.2650411895227997	5.532603359859209e-7
0.26706639547041383	5.539372889252976e-7
0.2691017274477658	5.5461939204988e-7
0.2711472360850044	5.553066964166709e-7
0.27320297226542956	5.559992537538492e-7
0.2752689871267568	5.566971164721107e-7
0.2773453320623904	5.574003376761871e-7
0.27943205872270227	5.581089711766904e-7
0.2815292190163157	5.588230715021094e-7
0.28363686511139713	5.595426939110997e-7
0.2857550494369543	5.602678944050317e-7
0.287883824684139	5.609987297408605e-7
0.2900232438075598	5.617352574441111e-7
0.29217336002659744	5.624775358223379e-7
0.2943342268267306	5.632256239787141e-7
0.2965058979608642	5.639795818259791e-7
0.2986884274506685	5.64739470100715e-7
0.3008818695879217	5.655053503778582e-7
0.3030862789358613	5.662772850856002e-7
0.3053017103305407	5.670553375205391e-7
0.30752821888219345	5.67839571863238e-7
0.3097658599766045	5.686300531940812e-7
0.31201468927648746	5.694268475094512e-7
0.3142747627228697	5.70230021738345e-7
0.31654613653648417	5.710396437593203e-7
0.31882886721916665	5.718557824177864e-7
0.32112301155526257	5.726785075437029e-7
0.3234286266130387	5.735078899697577e-7
0.325745769746104	5.743440015497813e-7
0.3280744985948343	5.751869151777924e-7
0.33041487108780826	5.760367048072725e-7
0.3327669454432473	5.768934454710662e-7
0.3351307801704635	5.777572133015939e-7
0.3375064340713156	5.786280855515917e-7
0.33989396624167195	5.795061406153856e-7
0.3422934360728803	5.803914580505323e-7
0.3447049032532445	5.812841186001056e-7
0.34712842776951053	5.821842042154186e-7
0.3495640699083581	5.830917980793021e-7
0.3520118902578999	5.840069846299316e-7
0.35447194970918944	5.849298495852907e-7
0.35694430945773536	5.858604799680728e-7
0.35942903100502394	5.867989641313545e-7
0.36192617616004885	5.877453917847375e-7
0.36443580704084905	5.886998540212394e-7
0.3669579860760533	5.896624433447816e-7
0.3694927760064337	5.906332536983478e-7
0.3720402398864656	5.916123804928493e-7
0.37460044108589774	5.925999206367572e-7
0.37717344329132724	5.935959725663468e-7
0.37975931050778367	5.946006362768118e-7
0.38235810706032236	5.95614013354102e-7
0.3849698975956241	5.966362070075822e-7
0.38759474708360203	5.976673221035018e-7
0.39023272081902005	5.987074651993631e-7
0.39288388442311495	5.997567445790705e-7
0.3955483038452304	6.008152702891182e-7
0.39822604536445655	6.018831541755699e-7
0.40091717559127893	6.02960509922092e-7
0.4036217614692354	6.040474530889857e-7
0.4063398702765814	6.051441011531571e-7
0.40907156962796437	6.062505735492299e-7
0.4118169274761041	6.07366991711679e-7
0.41457601211348477	6.084934791181176e-7
0.41734889217405197	6.096301613337695e-7
0.42013563663492237	6.107771660570774e-7
0.4229363148180968	6.119346231665587e-7
0.4257509963921872	6.131026647689886e-7
0.4285797513741481	6.142814252487826e-7
0.431422650131019	6.154710413189099e-7
0.4342797633816742	6.166716520730195e-7
0.4371511621985827	6.178833990391186e-7
0.4400369180095757	6.191064262347639e-7
0.4429371025996235	6.20340880223735e-7
0.44585178811262155	6.215869101743406e-7
0.44878104705318456	6.228446679193775e-7
0.4517249522884503	6.241143080177803e-7
0.4546835770498925	6.253959878180592e-7
0.4576569949351417	6.266898675235537e-7
0.4606452799098173	6.279961102595688e-7
0.46364850630936627	6.293148821424805e-7
0.46666674884091325	6.306463523508789e-7
0.46970008258511775	6.319906931987552e-7
0.4727485829980431	6.333480802109195e-7
0.47581232591303324	6.3471869220063e-7
0.47889138754259847	6.361027113495689e-7
0.4819858444803113	6.375003232901981e-7
0.48509577370271284	6.389117171906639e-7
0.48822125257122634	6.403370858422452e-7
0.4913623588340824	6.417766257495087e-7
0.49451917062825274	6.432305372232486e-7
0.49769176648139396	6.446990244763053e-7
0.5008802253138008	6.461822957223892e-7
0.50408462644037	6.476805632780248e-7
0.5073050495725719	6.491940436676628e-7
0.5105415748204347	6.507229577322232e-7
0.513794282694537	6.522675307410973e-7
0.5170632541080095	6.53827992507653e-7
0.5203485703785496	6.554045775086656e-7
0.5236503132304423	6.569975250075593e-7
0.5269685647965943	6.586070791816333e-7
0.530303407620577	6.602334892536762e-7
0.5336549246586798	6.618770096277877e-7
0.5370231992819733	6.635379000298827e-7
0.5404083152783831	6.65216425652853e-7
0.5438103568547752	6.669128573067372e-7
0.5472294086390488	6.686274715739874e-7
0.5506655556822441	6.703605509700935e-7
0.5541188834606553	6.721123841098191e-7
0.5575894778779587	6.738832658792203e-7
0.5610774252673482	6.756734976136919e-7
0.5645828123936848	6.77483387282432e-7
0.5681057264556529	6.793132496793653e-7
0.5716462550879313	6.811634066210807e-7
0.575204486363371	6.830341871518094e-7
0.5787805087951877	6.849259277560168e-7
0.5823744113391636	6.86838972578705e-7
0.5859862833958592	6.887736736540285e-7
0.5896162148128385	6.907303911423542e-7
0.5932642958869029	6.927094935762679e-7
0.5969306173663373	6.947113581159968e-7
0.6006152704531689	6.967363708145522e-7
0.6043183468054348	6.987849268931697e-7
0.6080399385394619	7.008574310274623e-7
0.6117801382321592	7.029542976447441e-7
0.6155390389233196	7.050759512333056e-7
0.6193167341179363	7.072228266639126e-7
0.623113317788526	7.09395369524326e-7
0.6269288843774687	7.11594036467492e-7
0.6307635287993559	7.138192955739181e-7
0.6346173464433525	7.160716267292646e-7
0.6384904331755692	7.183515220176075e-7
0.642382885341447	7.206594861313796e-7
0.6462947997681542	7.229960367989091e-7
0.6502262737669948	7.253617052303384e-7
0.6541774051358298	7.277570365830353e-7
0.6581482921615086	7.301825904475317e-7
0.6621390336223161	7.326389413551678e-7
0.6661497287904276	7.351266793086485e-7
0.6701804774343794	7.376464103367694e-7
0.6742313798215511	7.401987570748997e-7
0.678302536720659	7.42784359372462e-7
0.6823940494042624	7.454038749293661e-7
0.6865060196512838	7.480579799629941e-7
0.6906385497495403	7.507473699074944e-7
0.694791742498288	7.534727601479331e-7
0.6989657012107795	7.562348867908948e-7
0.7031605297168335	7.590345074745995e-7
0.7073763323654175	7.618724022207593e-7
0.7116132140272448	7.647493743312511e-7
0.7158712800973807	7.676662513327001e-7
0.7201506364978674	7.706238859726484e-7
0.7244513896803564	7.736231572707966e-7
0.728773646628758	7.766649716297503e-7
0.7331175148619017	7.797502640098973e-7
0.7374831024362114	7.828799991735838e-7
0.7418705179483922	7.860551730040973e-7
0.7462798705381343	7.892768139061215e-7
0.750711269890825	7.925459842946571e-7
0.7551648262402791	7.958637821802007e-7
0.7596406503714807	7.992313428595201e-7
0.7641388536233382	8.026498407218051e-7
0.7686595478914547	8.061204911818662e-7
0.773202845630912	8.096445527532147e-7
0.7777688598590664	8.132233292759138e-7
0.7823577041583616	8.168581723161627e-7
0.7869694926791535	8.205504837569028e-7
0.7916043401425493	8.24301718601827e-7
0.796262361843262	8.281133880186916e-7
0.8009436736524783	8.319870626514815e-7
0.8056483920207407	8.359243762365127e-7
0.8103766339808444	8.399270295625986e-7
0.8151285171507487	8.439967948228912e-7
0.8199041597365022	8.481355204136804e-7
0.8247036805351848	8.523451362456793e-7
0.8295271989378608	8.56627659644918e-7
0.8343748349325502	8.609852019346713e-7
0.8392467091072129	8.654199758067846e-7
0.844142942652749	8.699343036118842e-7
0.8490636573660127	8.745306267225208e-7
0.8540089756528428	8.792115161543117e-7
0.8589790205311072	8.839796846666291e-7
0.8639739156337627	8.888380006100329e-7
0.8689739156337625	8.93769766052267e-7
0.8739739156337623	8.987720827553875e-7
0.878973915633762	9.038471139680255e-7
0.8839739156337618	9.089971688191914e-7
0.8889739156337617	9.142247201305536e-7
0.8939739156337615	9.195324250764574e-7
0.8989739156337613	9.249231492040983e-7
0.9039739156337611	9.303999944172482e-7
0.9089739156337608	9.359663316398024e-7
0.9139739156337606	9.416258390109862e-7
0.9189739156337604	9.473825466253114e-7
0.9239739156337602	9.532408890227778e-7
0.9289739156337601	9.592057668656188e-7
0.9339739156337599	9.652826195123012e-7
0.9389739156337596	9.714775105288375e-7
0.9439739156337594	9.777972285705223e-7
0.9489739156337592	9.842494065380998e-7
0.953973915633759	9.908426624751587e-7
0.9589739156337588	9.975867663483606e-7
0.9639739156337586	1.004492837659314e-6
0.9689739156337585	1.0115735798045373e-6
0.9739739156337582	1.0188435582592907e-6
0.978973915633758	1.0263195310504504e-6
0.9839739156337578	1.0340208416499905e-6
0.9889739156337576	1.041969886418246e-6
0.9939739156337574	1.050192671123032e-6
0.9989739156337571	1.058719473935798e-6
1.003973915633757	1.067585635756596e-6
1.0089739156337567	1.0768325028606413e-6
1.0139739156337566	1.0865085518305595e-6
1.0189739156337563	1.0966707327065866e-6
1.0239739156337562	1.1073860734539738e-6
1.028973915633756	1.1187335974521767e-6
1.0339739156337557	1.1308066160478272e-6
1.0389739156337556	1.1437154706272977e-6
1.0439739156337553	1.1575908135777558e-6
1.0489739156337552	1.1725875354187102e-6
1.0539739156337549	1.188889466903557e-6
1.0589739156337548	1.2067150107387748e-6
1.0639739156337544	1.2263238886148566e-6
1.0689739156337543	1.2480252265335623e-6
1.0739739156337542	1.2721872461980797e-6
1.0789739156337539	1.2992488840066506e-6
1.0839739156337538	1.3297337237456395e-6
1.0889739156337535	1.3642667065614771e-6
1.0939739156337533	1.403594174760648e-6
1.098973915633753	1.4486079174999582e-6
1.103973915633753	1.5003740201282618e-6
1.1089739156337528	1.5601674791546803e-6
1.1139739156337525	1.6295137366984177e-6
1.1189739156337524	1.7102385179141427e-6
1.123973915633752	1.804527629499151e-6
1.128973915633752	1.914998705472746e-6
1.1339739156337516	2.044787277962915e-6
1.1389739156337515	2.1976500174346884e-6
1.1439739156337512	2.378088542271347e-6
1.148973915633751	2.591497857673356e-6
1.153973915633751	2.844344266655547e-6
1.1589739156337506	3.1443785223050074e-6
1.1639739156337505	3.500891083960693e-6
1.1689739156337502	3.925017626965105e-6
1.17397391563375	4.430104465229665e-6
1.1789739156337498	5.032145309561613e-6
1.1839739156337497	5.750302835791005e-6
1.1889739156337495	6.607530909042741e-6
1.1939739156337492	7.631316036552216e-6
1.197980436725312	8.59383993237659e-6
1.2019869578168745	9.704185598867237e-6
1.2059934789084372	1.0985277421814678e-5
1.21	1.246357163483057e-5
