0.0006999999999999628	1.456976529417289e-8
0.001403500000000035	1.4584256839463375e-8
0.0021105174999999296	1.4598842661007462e-8
0.0028210700874998964	1.4613523111445046e-8
0.003535175437937438	1.462829891884988e-8
0.004252851315127062	1.4643170823590057e-8
0.004974115571702636	1.4658139573219695e-8
0.005698986149561044	1.4673205922487232e-8
0.006427481080308875	1.4688370633419198e-8
0.007159618485710418	1.4703634475406155e-8
0.007895416578138905	1.4718998225289992e-8
0.008634893661029494	1.4734462667452518e-8
0.00937806812933463	1.4750028593905152e-8
0.010124958469981361	1.4765696804379886e-8
0.010875583262331262	1.4781468106421653e-8
0.01162996117864295	1.4797343315481892e-8
0.012388110984536127	1.4813323255013616e-8
0.013150051539458866	1.4829408756567538e-8
0.013915801797156208	1.4845600659889965e-8
0.014685380806142003	1.4861899813021507e-8
0.015458807710172712	1.4878307072398122e-8
0.01623610174872358	1.4894823302952534e-8
0.017017282257467212	1.4911449378218003e-8
0.017802368668754516	1.4928186180433012e-8
0.01859138051209827	1.4945034600648143e-8
0.019384337414658823	1.496199553883329e-8
0.020181259101732015	1.497906990398771e-8
0.020982165397240727	1.4996258614251416e-8
0.02178707622422691	1.501356259701723e-8
0.02259601160534814	1.5030982789045798e-8
0.02340899166337483	1.5048520136581443e-8
0.024226036621691812	1.5066175595470105e-8
0.02504716680480027	1.5083950131278555e-8
0.025872402638824326	1.510184471941625e-8
0.02670176465201842	1.5119860345257906e-8
0.02753527347527842	1.5137998004268754e-8
0.028372949842654864	1.515625870213134e-8
0.0292148145918682	1.5174643454873766e-8
0.03006088866482743	1.5193153289001155e-8
0.03091119310815165	1.5211789241627173e-8
0.0317657490736924	1.5230552360609443e-8
0.03262457781906081	1.524944370468569e-8
0.03348770070815601	1.5268464343612412e-8
0.034355139211696875	1.5287615358305638e-8
0.035226914907755424	1.5306897840983854e-8
0.03610304948229413	1.5326312895313102e-8
0.03698356472970569	1.5345861636553812e-8
0.03786848255335419	1.5365545191710817e-8
0.038757824966120964	1.5385364699684805e-8
0.03965161409095162	1.540532131142644e-8
0.04054987216140643	1.5425416190092925e-8
0.04145262152221345	1.544565051120667e-8
0.04235988462982453	1.5466025462816763e-8
0.04327168405297366	1.548654224566293e-8
0.0441880424732386	1.550720207334159e-8
0.04510898268560485	1.5528006172474742e-8
0.046034527599032954	1.5548955782881962e-8
0.04696470023702812	1.5570052157754225e-8
0.04789952373821329	1.5591296563831057e-8
0.048839021356904266	1.561269028158021e-8
0.04978321646368884	1.5634234605380404e-8
0.05073213254600732	1.5655930843706446e-8
0.05168579320873729	1.5677780319317825e-8
0.052644222174780875	1.569978436945016e-8
0.05360744328565471	1.572194434600935e-8
0.054575480502083065	1.5744261615769218e-8
0.055548357904593434	1.5766737560572093e-8
0.056526099694116344	1.578937357753256e-8
0.0575087301925869	1.581217107924478e-8
0.05849627384354973	1.5835131493992875e-8
0.05948875521276744	1.5858256265964373e-8
0.06048619898883127	1.5881546855468125e-8
0.061488629983775384	1.590500473915421e-8
0.06249607313369419	1.5928631410239472e-8
0.06350855349936275	1.5952428378734444e-8
0.06452609626685958	1.597639717167564e-8
0.06554872674819387	1.6000539333360812e-8
0.06657647038193484	1.602485642558861e-8
0.06760935273384447	1.6049350027901543e-8
0.06864739949751365	1.6074021737833356e-8
0.0696906364950013	1.6098873171160755e-8
0.07073908967747639	1.6123905962158306e-8
0.07179278512586384	1.6149121763858673e-8
0.07285174905149322	1.6174522248316722e-8
0.0739160077967507	1.6200109106877626e-8
0.07498558783573436	1.622588405045021e-8
0.07606051577491299	1.6251848809784174e-8
0.07714081835378758	1.6278005135752555e-8
0.07822652244555647	1.6304354799638544e-8
0.07931765505778425	1.633089959342715e-8
0.0804142433330731	1.6357641330102145e-8
0.08151631454973848	1.638458184394768e-8
0.08262389612248718	1.6411722990855018e-8
0.0837370156030995	1.643906664863503e-8
0.0848557006811149	1.6466614717335137e-8
0.0859799791845205	1.6494369119562437e-8
0.08710987908044313	1.6522331800812153e-8
0.08824542847584534	1.6550504729801603e-8
0.08938665561822454	1.657888989880993e-8
0.09053358889631567	1.6607489324024144e-8
0.09168625684079722	1.6636305045890206e-8
0.09284468812500112	1.6665339129471586e-8
0.09400891156562617	1.6694593664812795e-8
0.0951789561234543	1.6724070767309886e-8
0.09635485090407148	1.6753772578087515e-8
0.09753662515859184	1.678370126438229e-8
0.0987243082843847	1.6813859019933315e-8
0.09991792982580656	1.6844248065378964e-8
0.10111751947493569	1.6874870648661555e-8
0.10232310707231031	1.6905729045438168e-8
0.1035347226076718	1.693682555950024e-8
0.10475239622071016	1.6968162523198552e-8
0.10597615820181366	1.6999742297878013e-8
0.10720603899282274	1.7031567274319052e-8
0.10844206918778684	1.706363987318675e-8
0.10968427953372567	1.7095962545488954e-8
0.1109327009313943	1.712853777304199e-8
0.11218736443605135	1.7161368068945043e-8
0.11344830125823162	1.719445597806314e-8
0.11471554276452282	1.7227804077518957e-8
0.11598912047834534	1.7261414977193835e-8
0.11726906608073695	1.7295291320237433e-8
0.11855541141114062	1.7329435783587376e-8
0.11984818846819621	1.736385107849769e-8
0.12114742941053713	1.7398539951078277e-8
0.12245316655758978	1.743350518284301e-8
0.1237654323903777	1.7468749591268548e-8
0.12508425955232963	1.750427603036424e-8
0.12640968085009122	1.7540087391251362e-8
0.1277417292543416	1.757618660275436e-8
0.1290804379006133	1.7612576632002656e-8
0.13042584009011637	1.7649260485043612e-8
0.1317779692905669	1.7686241207467705e-8
0.13313685913701961	1.7723521885045248e-8
0.13450254343270476	1.776110564437464e-8
0.13587505614986833	1.7798995653543942e-8
0.13725443143061763	1.783719512280436e-8
0.13864070358777073	1.7875707305257327e-8
0.14003390710570945	1.7914535497553472e-8
0.14143407664123803	1.795368304060701e-8
0.1428412470244442	1.7993153320322083e-8
0.1442554532595664	1.803294976833436e-8
0.14567673052586416	1.8073075862766313e-8
0.1471051141784935	1.8113535128997824e-8
0.14854063974938603	1.8154331140451676e-8
0.149983342948133	1.8195467519393594e-8
0.15143325966287374	1.8236947937749653e-8
0.15289042596118813	1.8278776117938567e-8
0.15435487809099402	1.8320955833720473e-8
0.15582665248144906	1.8363490911063054e-8
0.1573057857438562	1.840638522902489e-8
0.15879231467257537	1.844964272065572e-8
0.16028627624593816	1.8493267373915327e-8
0.16178770762716785	1.853726323261111e-8
0.16329664616530362	1.858163439735356e-8
0.16481312939613008	1.8626385026532024e-8
0.1663371950431107	1.8671519337309224e-8
0.16786888101832628	1.8717041606637004e-8
0.1694082254234178	1.8762956172292126e-8
0.1709552665505349	1.880926743393312e-8
0.17251004288328747	1.8855979854179245e-8
0.17407259309770393	1.8903097959711396e-8
0.17564295606319252	1.8950626342395326e-8
0.17722117084350858	1.899856966042853e-8
0.17880727669772617	1.904693263951112e-8
0.18040131308121476	1.9095720074040478e-8
0.18200331964662084	1.9144936828330632e-8
0.18361333624485401	1.9194587837858368e-8
0.18523140292607826	1.924467811053363e-8
0.18685755994070874	1.9295212727998947e-8
0.1884918477404122	1.9346196846953888e-8
0.19013430697911424	1.9397635700509253e-8
0.1917849785140098	1.944953459956947e-8
0.19344390340657974	1.9501898934244193e-8
0.19511112292361268	1.9554734175290325e-8
0.1967866785382308	1.9608045875585638e-8
0.19847061193092203	1.9661839671632342e-8
0.20016296499057665	1.9716121285094652e-8
0.20186377981552947	1.9770896524369218e-8
0.2035730987146071	1.9826171286189153e-8
0.20529096420818022	1.988195155726404e-8
0.20701741902922113	1.993824341595399e-8
0.20875250612436722	1.9995053033982676e-8
0.210496268654989	2.0052386678186148e-8
0.21224874999826396	2.0110250712300922e-8
0.21400999374825516	2.016865159879172e-8
0.21578004371699644	2.0227595900719958e-8
0.21755894393558148	2.0287090283652872e-8
0.2193467386552594	2.0347141517616532e-8
0.22114347234853576	2.0407756479091885e-8
0.22294918971027836	2.0468942153055738e-8
0.2247639356588297	2.053070563506806e-8
0.2265877553371239	2.0593054133406328e-8
0.2284206941138094	2.065599497124795e-8
0.23026279758437848	2.0719535588903644e-8
0.23211411157230027	2.0783683546099973e-8
0.23397468213016168	2.0848446524316404e-8
0.23584455554081238	2.0913832329173746e-8
0.23772377831851643	2.0979848892880155e-8
0.23961239721010893	2.1046504276731858e-8
0.24151045919615952	2.111380667367282e-8
0.24341801149214037	2.1181764410914283e-8
0.24533510154960114	2.125038595261501e-8
0.24726177705734917	2.1319679902625108e-8
0.24919808594263598	2.1389655007293424e-8
0.2511440763723492	2.1460320158342636e-8
0.2530997967542111	2.153168439581162e-8
0.25506529573798215	2.1603756911067812e-8
0.2570406222166721	2.1676547049892336e-8
0.25902582532775553	2.1750064315637484e-8
0.2610209544543945	2.1824318372461926e-8
0.2630260592266663	2.189931904864271e-8
0.2650411895227997	2.1975076339968136e-8
0.26706639547041383	2.2051600413212112e-8
0.2691017274477658	2.2128901609694233e-8
0.2711472360850044	2.2206990448926524e-8
0.27320297226542956	2.2285877632349997e-8
0.2752689871267568	2.2365574047162348e-8
0.2773453320623904	2.2446090770241503e-8
0.27943205872270227	2.2527439072165078e-8
0.2815292190163157	2.2609630421332e-8
0.28363686511139713	2.2692676488184537e-8
0.2857550494369543	2.2776589149539002e-8
0.287883824684139	2.286138049302208e-8
0.2900232438075598	2.2947062821622932e-8
0.29217336002659744	2.3033648658357927e-8
0.2943342268267306	2.3121150751054877e-8
0.2965058979608642	2.3209582077260095e-8
0.2986884274506685	2.3298955849270188e-8
0.3008818695879217	2.3389285519293828e-8
0.3030862789358613	2.3480584784747028e-8
0.3053017103305407	2.357286759368505e-8
0.30752821888219345	2.3666148150375313e-8
0.3097658599766045	2.3760440921017156e-8
0.31201468927648746	2.3855760639610548e-8
0.3142747627228697	2.395212231397812e-8
0.31654613653648417	2.404954123194862e-8
0.31882886721916665	2.4148032967702044e-8
0.32112301155526257	2.4247613388284412e-8
0.3234286266130387	2.4348298660296887e-8
0.325745769746104	2.4450105256763083e-8
0.3280744985948343	2.4553049964182276e-8
0.33041487108780826	2.465714988977233e-8
0.3327669454432473	2.4762422468909468e-8
0.3351307801704635	2.4868885472769916e-8
0.3375064340713156	2.4976557016180987e-8
0.33989396624167195	2.5085455565687518e-8
0.3422934360728803	2.519559994783957e-8
0.3447049032532445	2.5307009357710397e-8
0.34712842776951053	2.5419703367649674e-8
0.3495640699083581	2.5533701936281698e-8
0.3520118902578999	2.5649025417754434e-8
0.35447194970918944	2.5765694571248554e-8
0.35694430945773536	2.5883730570755392e-8
0.35942903100502394	2.6003155015130147e-8
0.36192617616004885	2.612398993843209e-8
0.36443580704084905	2.6246257820559374e-8
0.3669579860760533	2.6369981598189104e-8
0.3694927760064337	2.64951846760314e-8
0.3720402398864656	2.6621890938408707e-8
0.37460044108589774	2.6750124761171697e-8
0.37717344329132724	2.6879911023961736e-8
0.37975931050778367	2.701127512283158e-8
0.38235810706032236	2.714424298323791e-8
0.3849698975956241	2.7278841073416046e-8
0.38759474708360203	2.7415096418150654e-8
0.39023272081902005	2.755303661295751e-8
0.39288388442311495	2.769268983868634e-8
0.3955483038452304	2.7834084876564443e-8
0.39822604536445655	2.797725112369074e-8
0.40091717559127893	2.812221860900121e-8
0.4036217614692354	2.8269018009716274e-8
0.4063398702765814	2.8417680668293796e-8
0.40907156962796437	2.8568238609897403e-8
0.4118169274761041	2.8720724560405932e-8
0.41457601211348477	2.887517196497766e-8
0.41734889217405197	2.9031615007190973e-8
0.42013563663492237	2.919008862878352e-8
0.4229363148180968	2.9350628550006838e-8
0.4257509963921872	2.9513271290624358e-8
0.4285797513741481	2.9678054191571275e-8
0.431422650131019	2.984501543730156e-8
0.4342797633816742	3.0014194078849644e-8
0.4371511621985827	3.018563005762861e-8
0.4400369180095757	3.035936422999537e-8
0.4429371025996235	3.053543839260991e-8
0.44585178811262155	3.071389530861766e-8
0.44878104705318456	3.089477873468593e-8
0.4517249522884503	3.1078133448927497e-8
0.4546835770498925	3.126400527974254e-8
0.4576569949351417	3.145244113561524e-8
0.4606452799098173	3.164348903590124e-8
0.46364850630936627	3.183719814264212e-8
0.46666674884091325	3.203361879344976e-8
0.46970008258511775	3.223280253549646e-8
0.4727485829980431	3.243480216065969e-8
0.47581232591303324	3.2639671741860834e-8
0.47889138754259847	3.28474666706489e-8
0.4819858444803113	3.305824369607521e-8
0.48509577370271284	3.3272060964911916e-8
0.48822125257122634	3.3488978063266276e-8
0.4913623588340824	3.3709056059647066e-8
0.49451917062825274	3.393235754954164e-8
0.49769176648139396	3.4158946701563745e-8
0.5008802253138008	3.438888930523572e-8
0.50408462644037	3.462225282047271e-8
0.5073050495725719	3.4859106428837e-8
0.5105415748204347	3.509952108663773e-8
0.513794282694537	3.534356957994802e-8
0.5170632541080095	3.5591326581623864e-8
0.5203485703785496	3.5842868710407145e-8
0.5236503132304423	3.6098274592197915e-8
0.5269685647965943	3.635762492359085e-8
0.530303407620577	3.662100253777174e-8
0.5336549246586798	3.6888492472872253e-8
0.5370231992819733	3.716018204289179e-8
0.5404083152783831	3.743616091129694e-8
0.5438103568547752	3.771652116741368e-8
0.5472294086390488	3.80013574057353e-8
0.5506655556822441	3.8290766808275195e-8
0.5541188834606553	3.858484923009838e-8
0.5575894778779587	3.8883707288175235e-8
0.5610774252673482	3.918744645370337e-8
0.5645828123936848	3.949617514805757e-8
0.5681057264556529	3.9810004842530966e-8
0.5716462550879313	4.0129050162041576e-8
0.575204486363371	4.045342899298451e-8
0.5787805087951877	4.0783262595429274e-8
0.5823744113391636	4.1118675719851895e-8
0.5859862833958592	4.145979672863159e-8
0.5896162148128385	4.180675772252269e-8
0.5932642958869029	4.2159694672348625e-8
0.5969306173663373	4.251874755616599e-8
0.6006152704531689	4.288406050216373e-8
0.6043183468054348	4.3255781937576197e-8
0.6080399385394619	4.3634064743909425e-8
0.6117801382321592	4.4019066418790916e-8
0.6155390389233196	4.4410949244777295e-8
0.6193167341179363	4.48098804654681e-8
0.623113317788526	4.521603246930191e-8
0.6269288843774687	4.562958298142802e-8
0.6307635287993559	4.605071526407574e-8
0.6346173464433525	4.647961832586366e-8
0.6384904331755692	4.6916487140529557e-8
0.642382885341447	4.736152287558319e-8
0.6462947997681542	4.781493313142227e-8
0.6502262737669948	4.827693219148774e-8
0.6541774051358298	4.8747741284074834e-8
0.6581482921615086	4.922758885645776e-8
0.6621390336223161	4.97167108620351e-8
0.6661497287904276	5.021535106125516e-8
0.6701804774343794	5.072376133713623e-8
0.6742313798215511	5.124220202626144e-8
0.678302536720659	5.177094226619923e-8
0.6823940494042624	5.2310260360375144e-8
0.6865060196512838	5.286044416151172e-8
0.6906385497495403	5.342179147484689e-8
0.694791742498288	5.3994610482456946e-8
0.6989657012107795	5.457922019012327e-8
0.7031605297168335	5.51759508983389e-8
0.7073763323654175	5.578514469919144e-8
0.7116132140272448	5.6407156001057726e-8
0.7158712800973807	5.704235208324366e-8
0.7201506364978674	5.76911136829535e-8
0.7244513896803564	5.8353835617239134e-8
0.728773646628758	5.903092744291801e-8
0.7331175148619017	5.972281415781908e-8
0.7374831024362114	6.042993694715305e-8
0.7418705179483922	6.115275397933795e-8
0.7462798705381343	6.189174125621048e-8
0.750711269890825	6.264739352328539e-8
0.7551648262402791	6.342022524659087e-8
0.7596406503714807	6.421077166363087e-8
0.7641388536233382	6.501958991725752e-8
0.7686595478914547	6.584726028271232e-8
0.773202845630912	6.669438749986399e-8
0.7777688598590664	6.756160222481634e-8
0.7823577041583616	6.84495626176419e-8
0.7869694926791535	6.935895608612935e-8
0.7916043401425493	7.029050120924568e-8
0.796262361843262	7.12449498686544e-8
0.8009436736524783	7.222308962227795e-8
0.8056483920207407	7.322574636082618e-8
0.8103766339808444	7.425378729667649e-8
0.8151285171507487	7.53081243449011e-8
0.8199041597365022	7.638971796900981e-8
0.8247036805351848	7.749958157974152e-8
0.8295271989378608	7.86387865946317e-8
0.8343748349325502	7.980846829008937e-8
0.8392467091072129	8.100983260737582e-8
0.844142942652749	8.224416411063362e-8
0.8490636573660127	8.351283534072877e-8
0.8540089756528428	8.481731786528133e-8
0.8589790205311072	8.615919539573529e-8
0.8639739156337627	8.754017943004498e-8
0.8689739156337625	8.895643046379848e-8
0.8739739156337623	9.040800569966588e-8
0.878973915633762	9.189649642686261e-8
0.8839739156337618	9.342365638672344e-8
0.8889739156337617	9.49914291834169e-8
0.8939739156337615	9.660198108505544e-8
0.8989739156337613	9.825774031844017e-8
0.9039739156337611	9.996144418864935e-8
0.9089739156337608	1.0171619563048139e-7
0.9139739156337606	1.0352553113191476e-7
0.9189739156337604	1.0539350237224241e-7
0.9239739156337602	1.0732477440380291e-7
0.9289739156337601	1.0932474379371389e-7
0.9339739156337599	1.1139968085187228e-7
0.9389739156337596	1.1355690092914854e-7
0.9439739156337594	1.1580497080607073e-7
0.9489739156337592	1.1815395744458089e-7
0.953973915633759	1.2061572788867747e-7
0.9589739156337588	1.232043109283421e-7
0.9639739156337586	1.2593633335084818e-7
0.9689739156337585	1.2883154627379948e-7
0.9739739156337582	1.3191346028099775e-7
0.978973915633758	1.3521011198155815e-7
0.9839739156337578	1.3875498932460308e-7
0.9889739156337576	1.4258814869565451e-7
0.9939739156337574	1.4675756370094245e-7
0.9989739156337571	1.5132075385908867e-7
1.003973915633757	1.563467514641597e-7
1.0089739156337567	1.6191847701965566e-7
1.0139739156337566	1.6813560830413938e-7
1.0189739156337563	1.7511804583972572e-7
1.0239739156337562	1.8301009892706087e-7
1.028973915633756	1.9198554224688863e-7
1.0339739156337557	2.0225372422779912e-7
1.0389739156337556	2.140669460496861e-7
1.0439739156337553	2.2772937562581576e-7
1.0489739156337552	2.4360781578815644e-7
1.0539739156337549	2.6214471212005685e-7
1.0589739156337548	2.8387386575662944e-7
1.0639739156337544	3.0943941278904516e-7
1.0689739156337543	3.3961874800281303e-7
1.0739739156337542	3.7535021054765207e-7
1.0789739156337539	4.1776651755713553e-7
1.0839739156337538	4.6823513441261415e-7
1.0889739156337535	5.284070140702152e-7
1.0939739156337533	6.002754307110086e-7
1.098973915633753	6.862469844892165e-7
1.103973915633753	7.892272756231467e-7
1.1089739156337528	9.127242507529722e-7
1.1139739156337525	1.0609728278858509e-6
1.1189739156337524	1.239085126375781e-6
1.123973915633752	1.45323148603085e-6
1.128973915633752	1.7108584783567533e-6
1.1339739156337516	2.0209513199678714e-6
1.1389739156337515	2.3943495231910418e-6
1.1439739156337512	2.844126294446855e-6
1.148973915633751	3.3860441517699703e-6
1.153973915633751	4.039101514260528e-6
1.1589739156337506	4.8261876525939735e-6
1.1639739156337505	5.774866410810144e-6
1.1689739156337502	6.9183125363767925e-6
1.17397391563375	8.296428293329404e-6
1.1789739156337498	9.95717226282764e-6
1.1839739156337497	1.1958136800489122e-5
1.1889739156337495	1.4368415410999125e-5
1.1939739156337492	1.7270806134727923e-5
1.197980436725312	2.001780856552877e-5
1.2019869578168745	2.320383767864587e-5
1.2059934789084372	2.6897771713717303e-5
1.21	3.117889124961386e-5
