0.0006999999999999628	9.036633630927829e-9
0.001403500000000035	9.045356454561535e-9
0.0021105174999999296	9.054135937745768e-9
0.0028210700874998964	9.062972375371019e-9
0.003535175437937438	9.071866207233457e-9
0.004252851315127062	9.080817879399671e-9
0.004974115571702636	9.08982784226258e-9
0.005698986149561044	9.098896550562207e-9
0.006427481080308875	9.108024463436955e-9
0.007159618485710418	9.117212044475777e-9
0.007895416578138905	9.126459761771116e-9
0.008634893661029494	9.135768087972899e-9
0.00937806812933463	9.145137500343097e-9
0.010124958469981361	9.154568480810784e-9
0.010875583262331262	9.164061516028538e-9
0.01162996117864295	9.173617097429219e-9
0.012388110984536127	9.183235721283892e-9
0.013150051539458866	9.192917888760111e-9
0.013915801797156208	9.202664105981672e-9
0.014685380806142003	9.21247488408853e-9
0.015458807710172712	9.222350739298301e-9
0.01623610174872358	9.232292192968038e-9
0.017017282257467212	9.242299771657451e-9
0.017802368668754516	9.252374007192321e-9
0.01859138051209827	9.262515436729806e-9
0.019384337414658823	9.272724602823744e-9
0.020181259101732015	9.283002053491798e-9
0.020982165397240727	9.29334834228264e-9
0.02178707622422691	9.303764028345065e-9
0.02259601160534814	9.314249676497463e-9
0.02340899166337483	9.32480585729858e-9
0.024226036621691812	9.335433147119407e-9
0.02504716680480027	9.346132128215942e-9
0.025872402638824326	9.356903388803048e-9
0.02670176465201842	9.367747523129691e-9
0.02753527347527842	9.378665131555016e-9
0.028372949842654864	9.389656820625509e-9
0.0292148145918682	9.400723203153779e-9
0.03006088866482743	9.411864898297902e-9
0.03091119310815165	9.42308253164262e-9
0.0317657490736924	9.434376735280996e-9
0.03262457781906081	9.445748147898193e-9
0.03348770070815601	9.457197414855797e-9
0.034355139211696875	9.468725188277754e-9
0.035226914907755424	9.480332127137661e-9
0.03610304948229413	9.49201889734742e-9
0.03698356472970569	9.50378617184672e-9
0.03786848255335419	9.515634630694833e-9
0.038757824966120964	9.527564961163006e-9
0.03965161409095162	9.539577857828763e-9
0.04054987216140643	9.551674022671367e-9
0.04145262152221345	9.56385416516903e-9
0.04235988462982453	9.576119002397405e-9
0.04327168405297366	9.588469259129814e-9
0.0441880424732386	9.600905667938973e-9
0.04510898268560485	9.613428969300221e-9
0.046034527599032954	9.626039911696455e-9
0.04696470023702812	9.638739251724839e-9
0.04789952373821329	9.651527754204898e-9
0.048839021356904266	9.664406192288746e-9
0.04978321646368884	9.677375347572539e-9
0.05073213254600732	9.690436010210298e-9
0.05168579320873729	9.703588979029062e-9
0.052644222174780875	9.716835061645934e-9
0.05360744328565471	9.730175074587593e-9
0.054575480502083065	9.74360984341087e-9
0.055548357904593434	9.757140202825721e-9
0.056526099694116344	9.770766996820444e-9
0.0575087301925869	9.784491078788193e-9
0.05849627384354973	9.798313311656283e-9
0.05948875521276744	9.812234568017289e-9
0.06048619898883127	9.826255730262077e-9
0.061488629983775384	9.840377690715414e-9
0.06249607313369419	9.854601351773648e-9
0.06350855349936275	9.868927626044494e-9
0.06452609626685958	9.883357436489373e-9
0.06554872674819387	9.897891716567925e-9
0.06657647038193484	9.912531410384861e-9
0.06760935273384447	9.927277472839686e-9
0.06864739949751365	9.94213086977837e-9
0.0696906364950013	9.95709257814775e-9
0.07073908967747639	9.972163586152968e-9
0.07179278512586384	9.987344893416323e-9
0.07285174905149322	1.0002637511140563e-8
0.0739160077967507	1.001804246227337e-8
0.07498558783573436	1.0033560781675368e-8
0.07606051577491299	1.0049193516291014e-8
0.07714081835378758	1.0064941725322049e-8
0.07822652244555647	1.0080806480404176e-8
0.07931765505778425	1.0096788865786718e-8
0.0804142433330731	1.0112889978515167e-8
0.08151631454973848	1.0129110928617246e-8
0.08262389612248718	1.0145452839291626e-8
0.0837370156030995	1.0161916847100556e-8
0.0848557006811149	1.0178504102165343e-8
0.0859799791845205	1.01952157683652e-8
0.08710987908044313	1.0212053023540188e-8
0.08824542847584534	1.0229017059696782e-8
0.08938665561822454	1.0246109083217638e-8
0.09053358889631567	1.0263330315075138e-8
0.09168625684079722	1.0280681991048158e-8
0.09284468812500112	1.0298165361943038e-8
0.09400891156562617	1.0315781693818556e-8
0.0951789561234543	1.0333532268214342e-8
0.09635485090407148	1.0351418382384245e-8
0.09753662515859184	1.0369441349532781e-8
0.0987243082843847	1.0387602499056861e-8
0.09991792982580656	1.040590317679096e-8
0.10111751947493569	1.0424344745257563e-8
0.10232310707231031	1.044292858392112e-8
0.1035347226076718	1.0461656089447507e-8
0.10475239622071016	1.0480528675967726e-8
0.10597615820181366	1.0499547775346528e-8
0.10720603899282274	1.051871483745552e-8
0.10844206918778684	1.0538031330452406e-8
0.10968427953372567	1.0557498741063686e-8
0.1109327009313943	1.057711857487407e-8
0.11218736443605135	1.0596892356620256e-8
0.11344830125823162	1.0616821630490676e-8
0.11471554276452282	1.0636907960430384e-8
0.11598912047834534	1.0657152930451938e-8
0.11726906608073695	1.0677558144952038e-8
0.11855541141114062	1.0698125229033617e-8
0.11984818846819621	1.0718855828834913e-8
0.12114742941053713	1.0739751611863587e-8
0.12245316655758978	1.0760814267338201e-8
0.1237654323903777	1.0782045506535119e-8
0.12508425955232963	1.0803447063142987e-8
0.12640968085009122	1.0825020693623194e-8
0.1277417292543416	1.0846768177577716e-8
0.1290804379006133	1.0868691318123501e-8
0.13042584009011637	1.089079194227428e-8
0.1317779692905669	1.0913071901330273e-8
0.13313685913701961	1.0935533071273931e-8
0.13450254343270476	1.0958177353175112e-8
0.13587505614986833	1.0981006673602812e-8
0.13725443143061763	1.1004022985045496e-8
0.13864070358777073	1.1027228266339296e-8
0.14003390710570945	1.1050624523105105e-8
0.14143407664123803	1.1074213788193652e-8
0.1428412470244442	1.1097998122139827e-8
0.1442554532595664	1.1121979613625295e-8
0.14567673052586416	1.114616037995129e-8
0.1471051141784935	1.1170542567519872e-8
0.14854063974938603	1.1195128352325032e-8
0.149983342948133	1.1219919940454042e-8
0.15143325966287374	1.1244919568598273e-8
0.15289042596118813	1.1270129504574285e-8
0.15435487809099402	1.1295552047856078e-8
0.15582665248144906	1.1321189530117373e-8
0.1573057857438562	1.1347044315784929e-8
0.15879231467257537	1.1373118802604142e-8
0.16028627624593816	1.1399415422214354e-8
0.16178770762716785	1.1425936640737628e-8
0.16329664616530362	1.1452684959378904e-8
0.16481312939613008	1.1479662915038174e-8
0.1663371950431107	1.1506873080936004e-8
0.16786888101832628	1.1534318067251605e-8
0.1694082254234178	1.1562000521773868e-8
0.1709552665505349	1.1589923130566918e-8
0.17251004288328747	1.1618088618648746e-8
0.17407259309770393	1.1646499750683819e-8
0.17564295606319252	1.1675159331691493e-8
0.17722117084350858	1.1704070207768188e-8
0.17880727669772617	1.1733235266825452e-8
0.18040131308121476	1.1762657439343388e-8
0.18200331964662084	1.1792339699140409e-8
0.18361333624485401	1.1822285064159223e-8
0.18523140292607826	1.1852496597269712e-8
0.18685755994070874	1.1882977407089374e-8
0.1884918477404122	1.1913730648820766e-8
0.19013430697911424	1.1944759525107913e-8
0.1917849785140098	1.1976067286910478e-8
0.19344390340657974	1.2007657234397989e-8
0.19511112292361268	1.2039532717862326e-8
0.1967866785382308	1.2071697138651619e-8
0.19847061193092203	1.2104153950123216e-8
0.20016296499057665	1.213690665861898e-8
0.20186377981552947	1.2169958824461584e-8
0.2035730987146071	1.2203314062972695e-8
0.20529096420818022	1.2236976045514327e-8
0.20701741902922113	1.2270948500553271e-8
0.20875250612436722	1.2305235214749528e-8
0.210496268654989	1.2339840034068675e-8
0.21224874999826396	1.237476686492043e-8
0.21400999374825516	1.2410019675321971e-8
0.21578004371699644	1.2445602496088081e-8
0.21755894393558148	1.2481519422048745e-8
0.2193467386552594	1.2517774613294203e-8
0.22114347234853576	1.255437229644851e-8
0.22294918971027836	1.2591316765973236e-8
0.2247639356588297	1.2628612385499974e-8
0.2265877553371239	1.2666263589195243e-8
0.2284206941138094	1.2704274883155885e-8
0.23026279758437848	1.2742650846837888e-8
0.23211411157230027	1.2781396134518427e-8
0.23397468213016168	1.282051547679226e-8
0.23584455554081238	1.2860013682103418e-8
0.23772377831851643	1.2899895638313255e-8
0.23961239721010893	1.2940166314305687e-8
0.24151045919615952	1.2980830761630967e-8
0.24341801149214037	1.302189411618839e-8
0.24533510154960114	1.3063361599949572e-8
0.24726177705734917	1.3105238522723676e-8
0.24919808594263598	1.3147530283964562e-8
0.2511440763723492	1.3190242374622486e-8
0.2530997967542111	1.3233380379040574e-8
0.25506529573798215	1.3276949976897778e-8
0.2570406222166721	1.332095694519928e-8
0.25902582532775553	1.3365407160316414e-8
0.2610209544543945	1.3410306600076285e-8
0.2630260592266663	1.3455661345904073e-8
0.2650411895227997	1.3501477585017855e-8
0.26706639547041383	1.354776161267886e-8
0.2691017274477658	1.3594519834497691e-8
0.2711472360850044	1.3641758768799124e-8
0.27320297226542956	1.3689485049046047e-8
0.2752689871267568	1.3737705426325247e-8
0.2773453320623904	1.3786426771896736e-8
0.27943205872270227	1.38356560798071e-8
0.2815292190163157	1.3885400469571506e-8
0.28363686511139713	1.3935667188922976e-8
0.2857550494369543	1.3986463616634217e-8
0.287883824684139	1.4037797265411361e-8
0.2900232438075598	1.4089675784864286e-8
0.29217336002659744	1.4142106964553232e-8
0.2943342268267306	1.4195098737116467e-8
0.2965058979608642	1.4248659181479484e-8
0.2986884274506685	1.4302796526149626e-8
0.3008818695879217	1.4357519152597878e-8
0.3030862789358613	1.4412835598730142e-8
0.3053017103305407	1.4468754562452914e-8
0.30752821888219345	1.4525284905332776e-8
0.3097658599766045	1.4582435656355977e-8
0.31201468927648746	1.464021601578888e-8
0.3142747627228697	1.4698635359143746e-8
0.31654613653648417	1.4757703241252439e-8
0.31882886721916665	1.4817429400451502e-8
0.32112301155526257	1.4877823762882908e-8
0.3234286266130387	1.4938896446912674e-8
0.325745769746104	1.5000657767672508e-8
0.3280744985948343	1.5063118241727654e-8
0.33041487108780826	1.5126288591874987e-8
0.3327669454432473	1.5190179752075753e-8
0.3351307801704635	1.5254802872527438e-8
0.3375064340713156	1.532016932487862e-8
0.33989396624167195	1.5386290707592606e-8
0.3422934360728803	1.545317885146282e-8
0.3447049032532445	1.5520845825287528e-8
0.34712842776951053	1.5589303941706424e-8
0.3495640699083581	1.565856576320677e-8
0.3520118902578999	1.572864410830253e-8
0.35447194970918944	1.5799552057894618e-8
0.35694430945773536	1.587130296181596e-8
0.35942903100502394	1.5943910445569696e-8
0.36192617616004885	1.601738841726506e-8
0.36443580704084905	1.6091751074759528e-8
0.3669579860760533	1.6167012913013044e-8
0.3694927760064337	1.62431887316611e-8
0.3720402398864656	1.632029364281667e-8
0.37460044108589774	1.6398343079105323e-8
0.37717344329132724	1.6477352801944797e-8
0.37975931050778367	1.6557338910075633e-8
0.38235810706032236	1.6638317848351974e-8
0.3849698975956241	1.6720306416802502e-8
0.38759474708360203	1.6803321779969707e-8
0.39023272081902005	1.6887381476538546e-8
0.39288388442311495	1.6972503429264035e-8
0.3955483038452304	1.705870595520877e-8
0.39822604536445655	1.7146007776301156e-8
0.40091717559127893	1.7234428030226296e-8
0.4036217614692354	1.7323986281661678e-8
0.4063398702765814	1.7414702533869625e-8
0.40907156962796437	1.7506597240659795e-8
0.4118169274761041	1.7599691318735043e-8
0.41457601211348477	1.7694006160436644e-8
0.41734889217405197	1.7789563646899777e-8
0.42013563663492237	1.7886386161638774e-8
0.4229363148180968	1.7984496604575206e-8
0.4257509963921872	1.8083918406527142e-8
0.4285797513741481	1.818467554417592e-8
0.431422650131019	1.8286792555528706e-8
0.4342797633816742	1.839029455589722e-8
0.4371511621985827	1.8495207254409285e-8
0.4400369180095757	1.8601556971077234e-8
0.4429371025996235	1.8709370654441734e-8
0.44585178811262155	1.8818675899815174e-8
0.44878104705318456	1.8929500968147794e-8
0.4517249522884503	1.904187480553974e-8
0.4546835770498925	1.9155827063425795e-8
0.4576569949351417	1.9271388119459077e-8
0.4606452799098173	1.9388589099121616e-8
0.46364850630936627	1.950746189808988e-8
0.46666674884091325	1.962803920538736e-8
0.46970008258511775	1.9750354527354198e-8
0.4727485829980431	1.987444221246836e-8
0.47581232591303324	2.0000337477052707e-8
0.47889138754259847	2.01280764319034e-8
0.4819858444803113	2.0257696109879378e-8
0.48509577370271284	2.038923449449132e-8
0.48822125257122634	2.0522730549531863e-8
0.4913623588340824	2.0658224249791234e-8
0.49451917062825274	2.0795756612904787e-8
0.49769176648139396	2.093536973237702e-8
0.5008802253138008	2.1077106811836347e-8
0.50408462644037	2.1221012200570932e-8
0.5073050495725719	2.1367131430400784e-8
0.5105415748204347	2.1515511253944116e-8
0.513794282694537	2.166619968433939e-8
0.5170632541080095	2.181924603648577e-8
0.5203485703785496	2.1974700969868445e-8
0.5236503132304423	2.2132616533040474e-8
0.5269685647965943	2.2293046209833382e-8
0.530303407620577	2.2456044967374462e-8
0.5336549246586798	2.2621669305992058e-8
0.5370231992819733	2.2789977311093953e-8
0.5404083152783831	2.2961028707109327e-8
0.5438103568547752	2.3134884913588648e-8
0.5472294086390488	2.3311609103559646e-8
0.5506655556822441	2.349126626424699e-8
0.5541188834606553	2.3673923260262694e-8
0.5575894778779587	2.3859648899384007e-8
0.5610774252673482	2.4048514001044358e-8
0.5645828123936848	2.4240591467660824e-8
0.5681057264556529	2.4435956358939324e-8
0.5716462550879313	2.4634685969295887e-8
0.575204486363371	2.483685990855058e-8
0.5787805087951877	2.5042560186049612e-8
0.5823744113391636	2.5251871298386843e-8
0.5859862833958592	2.5464880320901084e-8
0.5896162148128385	2.5681677003141014e-8
0.5932642958869029	2.5902353868492318e-8
0.5969306173663373	2.6127006318184007e-8
0.6006152704531689	2.635573273989195e-8
0.6043183468054348	2.6588634621181104e-8
0.6080399385394619	2.682581666803414e-8
0.6117801382321592	2.7067386928736227e-8
0.6155390389233196	2.731345692339741e-8
0.6193167341179363	2.756414177941289e-8
0.623113317788526	2.7819560373183078e-8
0.6269288843774687	2.807983547843324e-8
0.6307635287993559	2.8345093921495908e-8
0.6346173464433525	2.8615466743942058e-8
0.6384904331755692	2.8891089372977448e-8
0.642382885341447	2.9172101800043884e-8
0.6462947997681542	2.9458648768098496e-8
0.6502262737669948	2.9750879968080977e-8
0.6541774051358298	3.004895024510945e-8
0.6581482921615086	3.0353019814993546e-8
0.6621390336223161	3.0663254491695105e-8
0.6661497287904276	3.097982592641333e-8
0.6701804774343794	3.130291185903666e-8
0.6742313798215511	3.163269638275101e-8
0.678302536720659	3.196937022267688e-8
0.6823940494042624	3.231313102947239e-8
0.6865060196512838	3.266418368893583e-8
0.6906385497495403	3.302274064873036e-8
0.694791742498288	3.338902226346857e-8
0.6989657012107795	3.3763257159522326e-8
0.7031605297168335	3.4145682621057194e-8
0.7073763323654175	3.453654499896797e-8
0.7116132140272448	3.493610014456945e-8
0.7158712800973807	3.534461387012276e-8
0.7201506364978674	3.576236243852734e-8
0.7244513896803564	3.618963308480389e-8
0.728773646628758	3.6626724572342855e-8
0.7331175148619017	3.7073947787289237e-8
0.7374831024362114	3.753162637492322e-8
0.7418705179483922	3.800009742244556e-8
0.7462798705381343	3.847971219325824e-8
0.750711269890825	3.8970836918609044e-8
0.7551648262402791	3.947385365343316e-8
0.7596406503714807	3.9989161204339515e-8
0.7641388536233382	4.0517176139059154e-8
0.7686595478914547	4.1058333888301676e-8
0.773202845630912	4.161308995293734e-8
0.7777688598590664	4.218192123179257e-8
0.7823577041583616	4.276532748824377e-8
0.7869694926791535	4.336383297727178e-8
0.7916043401425493	4.397798825890971e-8
0.796262361843262	4.460837222918539e-8
0.8009436736524783	4.5255594405993084e-8
0.8056483920207407	4.592029751506072e-8
0.8103766339808444	4.660316043065422e-8
0.8151285171507487	4.730490153728982e-8
0.8199041597365022	4.802628259299984e-8
0.8247036805351848	4.876811319228689e-8
0.8295271989378608	4.953125594855833e-8
0.8343748349325502	5.03166325425642e-8
0.8392467091072129	5.112523081640569e-8
0.844142942652749	5.1958113133548383e-8
0.8490636573660127	5.281642627592274e-8
0.8540089756528428	5.370141321201214e-8
0.8589790205311072	5.4614427147847446e-8
0.8639739156337627	5.555694836984469e-8
0.8689739156337625	5.6526696636822216e-8
0.8739739156337623	5.752407342353872e-8
0.878973915633762	5.85505792527919e-8
0.8839739156337618	5.960788878642737e-8
0.8889739156337617	6.06978811642489e-8
0.8939739156337615	6.182267630305278e-8
0.8989739156337613	6.298467836464068e-8
0.9039739156337611	6.41866278487536e-8
0.9089739156337608	6.543166406515627e-8
0.9139739156337606	6.672340009868211e-8
0.9189739156337604	6.806601281460708e-8
0.9239739156337602	6.946435097447967e-8
0.9289739156337601	7.092406516288166e-8
0.9339739156337599	7.245176398569233e-8
0.9389739156337596	7.405520191709137e-8
0.9439739156337594	7.574350527796765e-8
0.9489739156337592	7.752744416163432e-8
0.953973915633759	7.941975973069269e-8
0.9589739156337588	8.14355582483193e-8
0.9639739156337586	8.359278554646409e-8
0.9689739156337585	8.591279845509461e-8
0.9739739156337582	8.842105312011483e-8
0.978973915633758	9.114793424317226e-8
0.9839739156337578	9.412975422904777e-8
0.9889739156337576	9.740995720057325e-8
0.9939739156337574	1.0104057004787167e-7
0.9989739156337571	1.0508395137253376e-7
1.003973915633757	1.096148996749753e-7
1.0089739156337567	1.1472319478454214e-7
1.0139739156337566	1.205166617933497e-7
1.0189739156337563	1.271248651639942e-7
1.0239739156337562	1.3470356288715043e-7
1.028973915633756	1.4344007734888737e-7
1.0339739156337557	1.5355977187158107e-7
1.0389739156337556	1.653338608511341e-7
1.0439739156337553	1.7908882839339567e-7
1.0489739156337552	1.9521778699933973e-7
1.0539739156337549	2.1419417614107407e-7
1.0589739156337548	2.365882828901352e-7
1.0639739156337544	2.6308716596646903e-7
1.0689739156337543	2.9451868410861187e-7
1.0739739156337542	3.3188047364600646e-7
1.0789739156337539	3.7637489352784445e-7
1.0839739156337538	4.294511647494132e-7
1.0889739156337535	4.928561821959765e-7
1.0939739156337533	5.686957788478792e-7
1.098973915633753	6.595085851292806e-7
1.103973915633753	7.683550619120186e-7
1.1089739156337528	8.989248085000246e-7
1.1139739156337525	1.055665873603519e-6
1.1189739156337524	1.2439405476217252e-6
1.123973915633752	1.4702130116520506e-6
1.128973915633752	1.7422752895313097e-6
1.1339739156337516	2.0695192251568044e-6
1.1389739156337515	2.46326372424212e-6
1.1439739156337512	2.9371482983580805e-6
1.148973915633751	3.507606075425766e-6
1.153973915633751	4.194431945339947e-6
1.1589739156337506	5.0214644467713905e-6
1.1639739156337505	6.017403428666842e-6
1.1689739156337502	7.216789494980728e-6
1.17397391563375	8.66117581742943e-6
1.1789739156337498	1.0400528122680957e-5
1.1839739156337497	1.2494894553455138e-5
1.1889739156337495	1.501639366360741e-5
1.1939739156337492	1.805157598531984e-5
1.197980436725312	2.09236769940493e-5
1.2019869578168745	2.4254597431713444e-5
1.2059934789084372	2.811678795604346e-5
1.21	3.259385664195342e-5
