0.0006999999999999628	1.217645864031315e-7
0.001403500000000035	1.2183637918549276e-7
0.0021105174999999296	1.2190859784519158e-7
0.0028210700874998964	1.2198124640463966e-7
0.003535175437937438	1.2205432780954114e-7
0.004252851315127062	1.2212784501875557e-7
0.004974115571702636	1.222018010154098e-7
0.005698986149561044	1.2227619880727235e-7
0.006427481080308875	1.2235104142701099e-7
0.007159618485710418	1.2242633193244378e-7
0.007895416578138905	1.225020734067897e-7
0.008634893661029494	1.225782689589378e-7
0.00937806812933463	1.2265492172370287e-7
0.010124958469981361	1.2273203486209667e-7
0.010875583262331262	1.2280961156158723e-7
0.01162996117864295	1.2288765503638494e-7
0.012388110984536127	1.2296616852770885e-7
0.013150051539458866	1.230451553040699e-7
0.013915801797156208	1.231246186615513e-7
0.014685380806142003	1.2320456192410092e-7
0.015458807710172712	1.2328498844380862e-7
0.01623610174872358	1.23365901601217e-7
0.017017282257467212	1.234473048056032e-7
0.017802368668754516	1.2352920149529125e-7
0.01859138051209827	1.236115951379484e-7
0.019384337414658823	1.2369448923090065e-7
0.020181259101732015	1.2377788730144351e-7
0.020982165397240727	1.23861792907153e-7
0.02178707622422691	1.2394620963621434e-7
0.02259601160534814	1.240311411077444e-7
0.02340899166337483	1.2411659097211504e-7
0.024226036621691812	1.2420256291129839e-7
0.02504716680480027	1.2428906063918868e-7
0.025872402638824326	1.2437608790195589e-7
0.02670176465201842	1.2446364847839102e-7
0.02753527347527842	1.2455174618024913e-7
0.028372949842654864	1.246403848526099e-7
0.0292148145918682	1.247295683742386e-7
0.03006088866482743	1.2481930065795283e-7
0.03091119310815165	1.2490958565097902e-7
0.0317657490736924	1.2500042733534276e-7
0.03262457781906081	1.2509182972823883e-7
0.03348770070815601	1.2518379688241644e-7
0.034355139211696875	1.2527633288657044e-7
0.035226914907755424	1.2536944186572967e-7
0.03610304948229413	1.254631279816678e-7
0.03698356472970569	1.255573954332961e-7
0.03786848255335419	1.2565224845707882e-7
0.038757824966120964	1.257476913274526e-7
0.03965161409095162	1.258437283572377e-7
0.04054987216140643	1.2594036389807425e-7
0.04145262152221345	1.2603760234085272e-7
0.04235988462982453	1.2613544811614473e-7
0.04327168405297366	1.2623390569465992e-7
0.0441880424732386	1.2633297958768636e-7
0.04510898268560485	1.2643267434754854e-7
0.046034527599032954	1.2653299456807584e-7
0.04696470023702812	1.2663394488506237e-7
0.04789952373821329	1.2673552997674695e-7
0.048839021356904266	1.2683775456430036e-7
0.04978321646368884	1.2694062341230063e-7
0.05073213254600732	1.2704414132923693e-7
0.05168579320873729	1.2714831316801485e-7
0.052644222174780875	1.272531438264516e-7
0.05360744328565471	1.27358638247807e-7
0.054575480502083065	1.2746480142129778e-7
0.055548357904593434	1.2757163838262536e-7
0.056526099694116344	1.276791542145226e-7
0.0575087301925869	1.2778735404729244e-7
0.05849627384354973	1.2789624305935991e-7
0.05948875521276744	1.2800582647783825e-7
0.06048619898883127	1.2811610957908634e-7
0.061488629983775384	1.282270976893012e-7
0.06249607313369419	1.2833879618508847e-7
0.06350855349936275	1.2845121049405935e-7
0.06452609626685958	1.285643460954309e-7
0.06554872674819387	1.28678208520645e-7
0.06657647038193484	1.287928033539703e-7
0.06760935273384447	1.2890813623314073e-7
0.06864739949751365	1.2902421284999098e-7
0.0696906364950013	1.2914103895109707e-7
0.07073908967747639	1.2925862033843316e-7
0.07179278512586384	1.2937696287004027e-7
0.07285174905149322	1.2949607246068905e-7
0.0739160077967507	1.2961595508257895e-7
0.07498558783573436	1.297366167660142e-7
0.07606051577491299	1.2985806360011722e-7
0.07714081835378758	1.2998030173354447e-7
0.07822652244555647	1.3010333737520027e-7
0.07931765505778425	1.3022717679498748e-7
0.0804142433330731	1.303518263245352e-7
0.08151631454973848	1.3047729235796686e-7
0.08262389612248718	1.3060358135266647e-7
0.0837370156030995	1.307306998300544e-7
0.0848557006811149	1.3085865437638283e-7
0.0859799791845205	1.3098745164353307e-7
0.08710987908044313	1.3111709834983425e-7
0.08824542847584534	1.3124760128089047e-7
0.08938665561822454	1.3137896729041217e-7
0.09053358889631567	1.3151120330108026e-7
0.09168625684079722	1.3164431630540095e-7
0.09284468812500112	1.3177831336658781e-7
0.09400891156562617	1.3191320161945257e-7
0.0951789561234543	1.3204898827130704e-7
0.09635485090407148	1.3218568060288827e-7
0.09753662515859184	1.3232328596927972e-7
0.0987243082843847	1.3246181180086805e-7
0.09991792982580656	1.3260126560430323e-7
0.10111751947493569	1.3274165496346768e-7
0.10232310707231031	1.3288298754047443e-7
0.1035347226076718	1.3302527107667042e-7
0.10475239622071016	1.331685133936624e-7
0.10597615820181366	1.333127223943483e-7
0.10720603899282274	1.3345790606397402e-7
0.10844206918778684	1.3360407247121193e-7
0.10968427953372567	1.3375122976923647e-7
0.1109327009313943	1.3389938619683582e-7
0.11218736443605135	1.3404855007953215e-7
0.11344830125823162	1.3419872983072337e-7
0.11471554276452282	1.3434993395283798e-7
0.11598912047834534	1.3450217103851227e-7
0.11726906608073695	1.3465544977178826e-7
0.11855541141114062	1.3480977892932513e-7
0.11984818846819621	1.3496516738163044e-7
0.12114742941053713	1.3512162409432405e-7
0.12245316655758978	1.3527915812939733e-7
0.1237654323903777	1.354377786465174e-7
0.12508425955232963	1.355974949043396e-7
0.12640968085009122	1.357583162618478e-7
0.1277417292543416	1.3592025217970233e-7
0.1290804379006133	1.3608331222163682e-7
0.13042584009011637	1.3624750605584335e-7
0.1317779692905669	1.364128434564168e-7
0.13313685913701961	1.3657933430478738e-7
0.13450254343270476	1.3674698859120968e-7
0.13587505614986833	1.3691581641625253e-7
0.13725443143061763	1.3708582799232228e-7
0.13864070358777073	1.3725703364521968e-7
0.14003390710570945	1.374294438156963e-7
0.14143407664123803	1.3760306906107846e-7
0.1428412470244442	1.3777792005687435e-7
0.1442554532595664	1.3795400759844746e-7
0.14567673052586416	1.381313426026846e-7
0.1471051141784935	1.3830993610971565e-7
0.14854063974938603	1.3848979928465318e-7
0.149983342948133	1.3867094341936386e-7
0.15143325966287374	1.3885337993426284e-7
0.15289042596118813	1.3903712038015785e-7
0.15435487809099402	1.3922217644010273e-7
0.15582665248144906	1.3940855993129024e-7
0.1573057857438562	1.3959628280699478e-7
0.15879231467257537	1.397853571585207e-7
0.16028627624593816	1.3997579521720215e-7
0.16178770762716785	1.401676093564303e-7
0.16329664616530362	1.40360812093735e-7
0.16481312939613008	1.4055541609286097e-7
0.1663371950431107	1.4075143416593688e-7
0.16786888101832628	1.4094887927562742e-7
0.1694082254234178	1.4114776453736848e-7
0.1709552665505349	1.4134810322160593e-7
0.17251004288328747	1.415499087561082e-7
0.17407259309770393	1.4175319472828888e-7
0.17564295606319252	1.4195797488759462e-7
0.17722117084350858	1.4216426314792412e-7
0.17880727669772617	1.4237207359009138e-7
0.18040131308121476	1.4258142046433262e-7
0.18200331964662084	1.4279231819287188e-7
0.18361333624485401	1.4300478137251697e-7
0.18523140292607826	1.4321882477730628e-7
0.18685755994070874	1.4343446336121275e-7
0.1884918477404122	1.4365171226088745e-7
0.19013430697911424	1.4387058679845935e-7
0.1917849785140098	1.4409110248439227e-7
0.19344390340657974	1.4431327502037431e-7
0.19511112292361268	1.4453712030228581e-7
0.1967866785382308	1.4476265442321594e-7
0.19847061193092203	1.4498989367651075e-7
0.20016296499057665	1.452188545589325e-7
0.20186377981552947	1.454495537738158e-7
0.2035730987146071	1.4568200823433103e-7
0.20529096420818022	1.4591623506678683e-7
0.20701741902922113	1.461522516139997e-7
0.20875250612436722	1.4639007543873415e-7
0.210496268654989	1.46629724327199e-7
0.21224874999826396	1.4687121629262167e-7
0.21400999374825516	1.4711456957888204e-7
0.21578004371699644	1.4735980266421824e-7
0.21755894393558148	1.476069342650122e-7
0.2193467386552594	1.478559833396412e-7
0.22114347234853576	1.4810696909240834e-7
0.22294918971027836	1.4835991097754972e-7
0.2247639356588297	1.486148287033162e-7
0.2265877553371239	1.4887174223613982e-7
0.2284206941138094	1.491306718048931e-7
0.23026279758437848	1.4939163790521106e-7
0.23211411157230027	1.4965466130390863e-7
0.23397468213016168	1.4991976304350565e-7
0.23584455554081238	1.501869644468114e-7
0.23772377831851643	1.504562871216248e-7
0.23961239721010893	1.5072775296551695e-7
0.24151045919615952	1.5100138417071907e-7
0.24341801149214037	1.5127720322910548e-7
0.24533510154960114	1.515552329372797e-7
0.24726177705734917	1.5183549640176867e-7
0.24919808594263598	1.5211801704430935e-7
0.2511440763723492	1.5240281860728199e-7
0.2530997967542111	1.5268992515919128e-7
0.25506529573798215	1.529793611003422e-7
0.2570406222166721	1.532711511685566e-7
0.25902582532775553	1.5356532044507495e-7
0.2610209544543945	1.5386189436053726e-7
0.2630260592266663	1.5416089870110982e-7
0.2650411895227997	1.5446235961474862e-7
0.26706639547041383	1.5476630361757218e-7
0.2691017274477658	1.5507275760039304e-7
0.2711472360850044	1.5538174883538605e-7
0.27320297226542956	1.5569330498288513e-7
0.2752689871267568	1.5600745409834837e-7
0.2773453320623904	1.563242246394558e-7
0.27943205872270227	1.5664364547337584e-7
0.2815292190163157	1.569657458841781e-7
0.28363686511139713	1.5729055558042528e-7
0.2857550494369543	1.576181047029111e-7
0.287883824684139	1.5794842383258548e-7
0.2900232438075598	1.582815439986576e-7
0.29217336002659744	1.5861749668686492e-7
0.2943342268267306	1.5895631384793714e-7
0.2965058979608642	1.5929802790624856e-7
0.2986884274506685	1.5964267176867342e-7
0.3008818695879217	1.599902788336229e-7
0.3030862789358613	1.60340883000306e-7
0.3053017103305407	1.6069451867819172e-7
0.30752821888219345	1.6105122079669741e-7
0.3097658599766045	1.614110248150849e-7
0.31201468927648746	1.6177396673260418e-7
0.3142747627228697	1.6214008309884796e-7
0.31654613653648417	1.625094110243846e-7
0.31882886721916665	1.6288198819159615e-7
0.32112301155526257	1.632578528658046e-7
0.3234286266130387	1.636370439066428e-7
0.325745769746104	1.6401960077970665e-7
0.3280744985948343	1.6440556356846425e-7
0.33041487108780826	1.6479497298648257e-7
0.3327669454432473	1.651878703899143e-7
0.3351307801704635	1.6558429779029958e-7
0.3375064340713156	1.6598429786768618e-7
0.33989396624167195	1.6638791398404905e-7
0.3422934360728803	1.6679519019705764e-7
0.3447049032532445	1.6720617127416101e-7
0.34712842776951053	1.6762090270703204e-7
0.3495640699083581	1.6803943072637515e-7
0.3520118902578999	1.684618023170798e-7
0.35447194970918944	1.6888806523376682e-7
0.35694430945773536	1.6931826801673202e-7
0.35942903100502394	1.6975246000826617e-7
0.36192617616004885	1.7019069136941596e-7
0.36443580704084905	1.706330130971425e-7
0.3669579860760533	1.7107947704194576e-7
0.3694927760064337	1.7153013592591365e-7
0.3720402398864656	1.7198504336125988e-7
0.37460044108589774	1.724442538693189e-7
0.37717344329132724	1.7290782290005228e-7
0.37975931050778367	1.733758068520544e-7
0.38235810706032236	1.7384826309307895e-7
0.3849698975956241	1.7432524998112422e-7
0.38759474708360203	1.7480682688604958e-7
0.39023272081902005	1.752930542117945e-7
0.39288388442311495	1.7578399341917343e-7
0.3955483038452304	1.7627970704927708e-7
0.39822604536445655	1.767802587475351e-7
0.40091717559127893	1.7728571328838804e-7
0.4036217614692354	1.777961366006733e-7
0.4063398702765814	1.7831159579367286e-7
0.40907156962796437	1.7883215918390397e-7
0.4118169274761041	1.7935789632262652e-7
0.41457601211348477	1.7988887802412825e-7
0.41734889217405197	1.8042517639480458e-7
0.42013563663492237	1.8096686486303538e-7
0.4229363148180968	1.8151401820992346e-7
0.4257509963921872	1.8206671260089962e-7
0.4285797513741481	1.8262502561821525e-7
0.431422650131019	1.8318903629438629e-7
0.4342797633816742	1.8375882514657346e-7
0.4371511621985827	1.8433447421200156e-7
0.4400369180095757	1.8491606708434624e-7
0.4429371025996235	1.8550368895124457e-7
0.44585178811262155	1.8609742663287585e-7
0.44878104705318456	1.8669736862168283e-7
0.4517249522884503	1.8730360512328932e-7
0.4546835770498925	1.8791622809863223e-7
0.4576569949351417	1.8853533130734318e-7
0.4606452799098173	1.8916101035247825e-7
0.46364850630936627	1.8979336272656316e-7
0.46666674884091325	1.904324878590806e-7
0.46970008258511775	1.9107848716538062e-7
0.4727485829980431	1.9173146409714536e-7
0.47581232591303324	1.9239152419437682e-7
0.47889138754259847	1.9305877513903303e-7
0.4819858444803113	1.9373332681034983e-7
0.48509577370271284	1.9441529134189938e-7
0.48822125257122634	1.9510478318046498e-7
0.4913623588340824	1.958019191468067e-7
0.49451917062825274	1.9650681849836494e-7
0.49769176648139396	1.972196029940073e-7
0.5008802253138008	1.979403969608695e-7
0.50408462644037	1.9866932736339594e-7
0.5073050495725719	1.9940652387463378e-7
0.5105415748204347	2.001521189499224e-7
0.513794282694537	2.0090624790300031e-7
0.5170632541080095	2.0166904898468657e-7
0.5203485703785496	2.024406634642215e-7
0.5236503132304423	2.0322123571335029e-7
0.5269685647965943	2.040109132932856e-7
0.530303407620577	2.048098470446888e-7
0.5336549246586798	2.0561819118071494e-7
0.5370231992819733	2.0643610338333634e-7
0.5404083152783831	2.0726374490303286e-7
0.5438103568547752	2.0810128066198743e-7
0.5472294086390488	2.0894887936097814e-7
0.5506655556822441	2.0980671359004065e-7
0.5541188834606553	2.106749599431762e-7
0.5575894778779587	2.115537991371592e-7
0.5610774252673482	2.1244341613471783e-7
0.5645828123936848	2.133440002722198e-7
0.5681057264556529	2.1425574539209074e-7
0.5716462550879313	2.1517884998014894e-7
0.575204486363371	2.1611351730812723e-7
0.5787805087951877	2.170599555815181e-7
0.5823744113391636	2.1801837809310876e-7
0.5859862833958592	2.1898900338235503e-7
0.5896162148128385	2.1997205540091961e-7
0.5932642958869029	2.2096776368464737e-7
0.5969306173663373	2.219763635322871e-7
0.6006152704531689	2.229980961912399e-7
0.6043183468054348	2.2403320905071358e-7
0.6080399385394619	2.2508195584262057e-7
0.6117801382321592	2.261445968505625e-7
0.6155390389233196	2.2722139912733122e-7
0.6193167341179363	2.2831263672135352e-7
0.623113317788526	2.2941859091244437e-7
0.6269288843774687	2.3053955045742768e-7
0.6307635287993559	2.3167581184606062e-7
0.6346173464433525	2.3282767956779114e-7
0.6384904331755692	2.3399546638993002e-7
0.642382885341447	2.351794936477699e-7
0.6462947997681542	2.3638009154734916e-7
0.6502262737669948	2.3759759948145602e-7
0.6541774051358298	2.3883236635960305e-7
0.6581482921615086	2.400847509527458e-7
0.6621390336223161	2.4135512225348575e-7
0.6661497287904276	2.426438598526664e-7
0.6701804774343794	2.439513543332317e-7
0.6742313798215511	2.452780076823052e-7
0.678302536720659	2.466242337225804e-7
0.6823940494042624	2.4799045856403453e-7
0.6865060196512838	2.493771210772506e-7
0.6906385497495403	2.507846733895204e-7
0.694791742498288	2.522135814051506e-7
0.6989657012107795	2.536643253514135e-7
0.7031605297168335	2.5513740035168844e-7
0.7073763323654175	2.5663331702754366e-7
0.7116132140272448	2.5815260213151995e-7
0.7158712800973807	2.596957992126489e-7
0.7201506364978674	2.6126346931677776e-7
0.7244513896803564	2.628561917241286e-7
0.728773646628758	2.644745647264763e-7
0.7331175148619017	2.6611920644683575e-7
0.7374831024362114	2.6779075570455473e-7
0.7418705179483922	2.694898729291783e-7
0.7462798705381343	2.71217241126674e-7
0.750711269890825	2.7297356690200126e-7
0.7551648262402791	2.747595815424328e-7
0.7596406503714807	2.765760421665303e-7
0.7641388536233382	2.784237329442064e-7
0.7686595478914547	2.803034663938984e-7
0.773202845630912	2.822160847637517e-7
0.7777688598590664	2.8416246150438245e-7
0.7823577041583616	2.8614350284196106e-7
0.7869694926791535	2.8816014946139247e-7
0.7916043401425493	2.9021337831081617e-7
0.796262361843262	2.923042045403313e-7
0.8009436736524783	2.944336835896113e-7
0.8056483920207407	2.9660291344159107e-7
0.8103766339808444	2.9881303706195455e-7
0.8151285171507487	3.010652450476453e-7
0.8199041597365022	3.03360778511443e-7
0.8247036805351848	3.0570093223439766e-7
0.8295271989378608	3.0808705812398373e-7
0.8343748349325502	3.105205690224871e-7
0.8392467091072129	3.1300294291904074e-7
0.844142942652749	3.1553572762889665e-7
0.8490636573660127	3.181205460166331e-7
0.8540089756528428	3.207591018553204e-7
0.8589790205311072	3.234531864332937e-7
0.8639739156337627	3.2620468604373125e-7
0.8689739156337625	3.290043724992006e-7
0.8739739156337623	3.318507787583208e-7
0.878973915633762	3.3474529969321097e-7
0.8839739156337618	3.3768941049444974e-7
0.8889739156337617	3.406846756814136e-7
0.8939739156337615	3.4373275959976203e-7
0.8989739156337613	3.4683543869110924e-7
0.9039739156337611	3.4999461587561685e-7
0.9089739156337608	3.5321233745685593e-7
0.9139739156337606	3.564908130404864e-7
0.9189739156337604	3.5983243905770996e-7
0.9239739156337602	3.632398266040204e-7
0.9289739156337601	3.6671583444764566e-7
0.9339739156337599	3.7026360823595e-7
0.9389739156337596	3.738866271368764e-7
0.9439739156337594	3.7758875940497517e-7
0.9489739156337592	3.813743286652997e-7
0.953973915633759	3.852481930747392e-7
0.9589739156337588	3.8921583996249215e-7
0.9639739156337586	3.932834990835409e-7
0.9689739156337585	3.9745827826171435e-7
0.9739739156337582	4.0174832597335125e-7
0.978973915633758	4.0616302635679484e-7
0.9839739156337578	4.1071323325967476e-7
0.9889739156337576	4.154115512950211e-7
0.9939739156337574	4.2027267351629e-7
0.9989739156337571	4.25313787298668e-7
1.003973915633757	4.3055506239882916e-7
1.0089739156337567	4.3602023804202535e-7
1.0139739156337566	4.4173732935524745e-7
1.0189739156337563	4.477394776502471e-7
1.0239739156337562	4.540659741082829e-7
1.028973915633756	4.607634925061384e-7
1.0339739156337557	4.678875739652914e-7
1.0389739156337556	4.755044155592132e-7
1.0439739156337553	4.836930252892263e-7
1.0489739156337552	4.925478188087352e-7
1.0539739156337549	5.021817487890539e-7
1.0589739156337548	5.127300765165187e-7
1.0639739156337544	5.243549178379309e-7
1.0689739156337543	5.372507227091123e-7
1.0739739156337542	5.516508802820154e-7
1.0789739156337539	5.678356808088109e-7
1.0839739156337538	5.861419129859936e-7
1.0889739156337535	6.069744323088755e-7
1.0939739156337533	6.308201044679686e-7
1.098973915633753	6.582646100707504e-7
1.103973915633753	6.900126957229339e-7
1.1089739156337528	7.269125749630586e-7
1.1139739156337525	7.699853245121556e-7
1.1189739156337524	8.204602912515672e-7
1.123973915633752	8.798177285334244e-7
1.128973915633752	9.498401229990739e-7
1.1339739156337516	1.0326739621656376e-6
1.1389739156337515	1.1309040368701337e-6
1.1439739156337512	1.247642780652489e-6
1.148973915633751	1.3866376309809778e-6
1.153973915633751	1.5523999667959865e-6
1.1589739156337506	1.7503598462913953e-6
1.1639739156337505	1.987051552271914e-6
1.1689739156337502	2.270335864567764e-6
1.17397391563375	2.6096660346094114e-6
1.1789739156337498	3.016405650170461e-6
1.1839739156337497	3.504207959897354e-6
1.1889739156337495	4.089467784536346e-6
1.1939739156337492	4.791858874422122e-6
1.197980436725312	5.4549644453027355e-6
1.2019869578168745	6.222602529466142e-6
1.2059934789084372	7.111243316500142e-6
1.21	8.139901181272443e-6
