0.0006999999999999628	2.8842000841678896e-8
0.001403500000000035	2.8865546367958265e-8
0.0021105174999999296	2.8889238259453244e-8
0.0028210700874998964	2.891307773973412e-8
0.003535175437937438	2.893706588921035e-8
0.004252851315127062	2.8961203796072016e-8
0.004974115571702636	2.8985492558227296e-8
0.005698986149561044	2.9009933283438444e-8
0.006427481080308875	2.903452708943061e-8
0.007159618485710418	2.9059275104001062e-8
0.007895416578138905	2.9084178465132044e-8
0.008634893661029494	2.9109238321102838e-8
0.00937806812933463	2.9134455830603272e-8
0.010124958469981361	2.9159832162851422e-8
0.010875583262331262	2.9185368497709434e-8
0.01162996117864295	2.921106602580306e-8
0.012388110984536127	2.9236925948643345e-8
0.013150051539458866	2.9262949478746882e-8
0.013915801797156208	2.928913783976081e-8
0.014685380806142003	2.9315492266588224e-8
0.015458807710172712	2.9342014005514893e-8
0.01623610174872358	2.936870431433907e-8
0.017017282257467212	2.939556446250092e-8
0.017802368668754516	2.942259573121578e-8
0.01859138051209827	2.9449799413608558e-8
0.019384337414658823	2.9477176814848593e-8
0.020181259101732015	2.950472925228894e-8
0.020982165397240727	2.9532458055605387e-8
0.02178707622422691	2.9560364566938287e-8
0.02259601160534814	2.9588450141036086e-8
0.02340899166337483	2.9616716145400903e-8
0.024226036621691812	2.9645163960436998e-8
0.02504716680480027	2.967379497959905e-8
0.025872402638824326	2.9702610609545118e-8
0.02670176465201842	2.973161227028937e-8
0.02753527347527842	2.9760801395359226e-8
0.028372949842654864	2.9790179431952344e-8
0.0292148145918682	2.981974784109794e-8
0.03006088866482743	2.9849508097819317e-8
0.03091119310815165	2.987946169129755e-8
0.0317657490736924	2.9909610125040806e-8
0.03262457781906081	2.993995491705177e-8
0.03348770070815601	2.997049760000062e-8
0.034355139211696875	3.0001239721399854e-8
0.035226914907755424	3.003218284378042e-8
0.03610304948229413	3.0063328544871e-8
0.03698356472970569	3.009467841778078e-8
0.03786848255335419	3.012623407118315e-8
0.038757824966120964	3.015799712950302e-8
0.03965161409095162	3.018996923310775e-8
0.04054987216140643	3.0222152038497515e-8
0.04145262152221345	3.02545472185035e-8
0.04235988462982453	3.0287156462483273e-8
0.04327168405297366	3.031998147652386e-8
0.0441880424732386	3.0353023983645225e-8
0.04510898268560485	3.0386285724006825e-8
0.046034527599032954	3.041976845511745e-8
0.04696470023702812	3.0453473952048916e-8
0.04789952373821329	3.048740400765173e-8
0.048839021356904266	3.052156043277494e-8
0.04978321646368884	3.0555945056487646e-8
0.05073213254600732	3.059055972630593e-8
0.05168579320873729	3.062540630842122e-8
0.052644222174780875	3.0660486687933347e-8
0.05360744328565471	3.069580276908679e-8
0.054575480502083065	3.073135647550889e-8
0.055548357904593434	3.076714975045473e-8
0.056526099694116344	3.08031845570525e-8
0.0575087301925869	3.0839462878554376e-8
0.05849627384354973	3.0875986718590936e-8
0.05948875521276744	3.09127581014292e-8
0.06048619898883127	3.094977907223356e-8
0.061488629983775384	3.0987051697333226e-8
0.06249607313369419	3.102457806449064e-8
0.06350855349936275	3.106236028317694e-8
0.06452609626685958	3.110040048484834e-8
0.06554872674819387	3.1138700823230675e-8
0.06657647038193484	3.1177263474603806e-8
0.06760935273384447	3.12160906380951e-8
0.06864739949751365	3.1255184535973925e-8
0.0696906364950013	3.1294547413951e-8
0.07073908967747639	3.1334181541484985e-8
0.07179278512586384	3.137408921209062e-8
0.07285174905149322	3.1414272743654204e-8
0.0739160077967507	3.1454734478751896e-8
0.07498558783573436	3.1495476784974454e-8
0.07606051577491299	3.153650205525604e-8
0.07714081835378758	3.157781270821022e-8
0.07822652244555647	3.161941118846744e-8
0.07931765505778425	3.1661299967022074e-8
0.0804142433330731	3.17034815415813e-8
0.08151631454973848	3.1745958436923124e-8
0.08262389612248718	3.178873320525587e-8
0.0837370156030995	3.1831808426588194e-8
0.0848557006811149	3.1875186709100116e-8
0.0859799791845205	3.1918870689524234e-8
0.08710987908044313	3.1962863033530096e-8
0.08824542847584534	3.200716643611574e-8
0.08938665561822454	3.2051783622005756e-8
0.09053358889631567	3.2096717346057175e-8
0.09168625684079722	3.2141970393668106e-8
0.09284468812500112	3.218754558119654e-8
0.09400891156562617	3.2233445756384455e-8
0.0951789561234543	3.227967379878975e-8
0.09635485090407148	3.232623262022391e-8
0.09753662515859184	3.237312516519774e-8
0.0987243082843847	3.242035441137441e-8
0.09991792982580656	3.246792337002981e-8
0.10111751947493569	3.251583508652096e-8
0.10232310707231031	3.256409264076054e-8
0.1035347226076718	3.261269914770234e-8
0.10475239622071016	3.266165775783168e-8
0.10597615820181366	3.271097165766517e-8
0.10720603899282274	3.2760644070260487e-8
0.10844206918778684	3.281067825573192e-8
0.10968427953372567	3.286107751177648e-8
0.1109327009313943	3.2911845174207636e-8
0.11218736443605135	3.29629846175e-8
0.11344830125823162	3.301449925534132e-8
0.11471554276452282	3.3066392541194925e-8
0.11598912047834534	3.311866796887032e-8
0.11726906608073695	3.317132907310664e-8
0.11855541141114062	3.322437943016258e-8
0.11984818846819621	3.327782265841848e-8
0.12114742941053713	3.333166241898853e-8
0.12245316655758978	3.338590241634306e-8
0.1237654323903777	3.344054639894264e-8
0.12508425955232963	3.349559815988163e-8
0.12640968085009122	3.355106153754421e-8
0.1277417292543416	3.3606940416271634e-8
0.1290804379006133	3.3663238727041074e-8
0.13042584009011637	3.371996044815657e-8
0.1317779692905669	3.3777109605950976e-8
0.13313685913701961	3.383469027550261e-8
0.13450254343270476	3.389270658136225e-8
0.13587505614986833	3.395116269829552e-8
0.13725443143061763	3.401006285203515e-8
0.13864070358777073	3.4069411320050414e-8
0.14003390710570945	3.412921243232772e-8
0.14143407664123803	3.418947057216585e-8
0.1428412470244442	3.425019017698714e-8
0.1442554532595664	3.431137573916049e-8
0.14567673052586416	3.437303180684142e-8
0.1471051141784935	3.443516298482689e-8
0.14854063974938603	3.449777393542527e-8
0.149983342948133	3.45608693793426e-8
0.15143325966287374	3.462445409658515e-8
0.15289042596118813	3.468853292737891e-8
0.15435487809099402	3.475311077310446e-8
0.15582665248144906	3.481819259725153e-8
0.1573057857438562	3.48837834263889e-8
0.15879231467257537	3.49498883511547e-8
0.16028627624593816	3.5016512527262424e-8
0.16178770762716785	3.508366117652849e-8
0.16329664616530362	3.5151339587918025e-8
0.16481312939613008	3.521955311860837e-8
0.1663371950431107	3.5288307195077366e-8
0.16786888101832628	3.535760731420681e-8
0.1694082254234178	3.542745904441104e-8
0.1709552665505349	3.5497868026784256e-8
0.17251004288328747	3.55688399762724e-8
0.17407259309770393	3.5640380682864676e-8
0.17564295606319252	3.5712496012809694e-8
0.17722117084350858	3.578519190985549e-8
0.17880727669772617	3.585847439651157e-8
0.18040131308121476	3.593234957533715e-8
0.18200331964662084	3.600682363025433e-8
0.18361333624485401	3.6081902827885774e-8
0.18523140292607826	3.6157593518919354e-8
0.18685755994070874	3.623390213950061e-8
0.1884918477404122	3.631083521264951e-8
0.19013430697911424	3.638839934970945e-8
0.1917849785140098	3.646660125182165e-8
0.19344390340657974	3.654544771142966e-8
0.19511112292361268	3.662494561381502e-8
0.1967866785382308	3.670510193866277e-8
0.19847061193092203	3.678592376165741e-8
0.20016296499057665	3.6867418256114165e-8
0.20186377981552947	3.694959269463806e-8
0.2035730987146071	3.7032454450822675e-8
0.20529096420818022	3.711601100097848e-8
0.20701741902922113	3.720026992589906e-8
0.20875250612436722	3.728523891266184e-8
0.210496268654989	3.737092575646921e-8
0.21224874999826396	3.7457338362520424e-8
0.21400999374825516	3.754448474793239e-8
0.21578004371699644	3.763237304369002e-8
0.21755894393558148	3.772101149664406e-8
0.2193467386552594	3.78104084715475e-8
0.22114347234853576	3.790057245313661e-8
0.22294918971027836	3.799151204825308e-8
0.2247639356588297	3.808323598801214e-8
0.2265877553371239	3.817575313001858e-8
0.2284206941138094	3.826907246062609e-8
0.23026279758437848	3.836320309724673e-8
0.23211411157230027	3.845815429071086e-8
0.23397468213016168	3.855393542767294e-8
0.23584455554081238	3.865055603307661e-8
0.23772377831851643	3.8748025772665376e-8
0.23961239721010893	3.884635445555269e-8
0.24151045919615952	3.894555203684529e-8
0.24341801149214037	3.9045628620325073e-8
0.24533510154960114	3.914659446118826e-8
0.24726177705734917	3.924845996884624e-8
0.24919808594263598	3.935123570978768e-8
0.2511440763723492	3.9454932410503265e-8
0.2530997967542111	3.9559560960473936e-8
0.25506529573798215	3.966513241523135e-8
0.2570406222166721	3.977165799947805e-8
0.25902582532775553	3.987914911028519e-8
0.2610209544543945	3.998761732035853e-8
0.2630260592266663	4.009707438137869e-8
0.2650411895227997	4.0207532227416774e-8
0.26706639547041383	4.031900297842886e-8
0.2691017274477658	4.043149894382907e-8
0.2711472360850044	4.054503262614574e-8
0.27320297226542956	4.065961672475821e-8
0.2752689871267568	4.0775264139726506e-8
0.2773453320623904	4.089198797570219e-8
0.27943205872270227	4.1009801545934725e-8
0.2815292190163157	4.112871837637082e-8
0.28363686511139713	4.1248752209847113e-8
0.2857550494369543	4.136991701038534e-8
0.287883824684139	4.149222696758666e-8
0.2900232438075598	4.161569650112835e-8
0.29217336002659744	4.174034026537143e-8
0.2943342268267306	4.1866173154073756e-8
0.2965058979608642	4.199321030522144e-8
0.2986884274506685	4.2121467105969285e-8
0.3008818695879217	4.2250959197708755e-8
0.3030862789358613	4.23817024812511e-8
0.3053017103305407	4.251371312214023e-8
0.30752821888219345	4.2647007556097317e-8
0.3097658599766045	4.278160249459433e-8
0.31201468927648746	4.291751493056684e-8
0.3142747627228697	4.305476214426985e-8
0.31654613653648417	4.319336170927506e-8
0.31882886721916665	4.3333331498620944e-8
0.32112301155526257	4.3474689691114796e-8
0.3234286266130387	4.3617454777793296e-8
0.325745769746104	4.37616455685449e-8
0.3280744985948343	4.390728119890277e-8
0.33041487108780826	4.405438113700872e-8
0.3327669454432473	4.420296519075148e-8
0.3351307801704635	4.435305351509454e-8
0.3375064340713156	4.450466661958748e-8
0.33989396624167195	4.4657825376071884e-8
0.3422934360728803	4.481255102658986e-8
0.3447049032532445	4.49688651914957e-8
0.34712842776951053	4.5126789877781904e-8
0.3495640699083581	4.528634748762056e-8
0.3520118902578999	4.5447560827135895e-8
0.35447194970918944	4.561045311540229e-8
0.35694430945773536	4.577504799368828e-8
0.35942903100502394	4.594136953494099e-8
0.36192617616004885	4.6109442253532335e-8
0.36443580704084905	4.6279291115261666e-8
0.3669579860760533	4.645094154763266e-8
0.3694927760064337	4.662441945040828e-8
0.3720402398864656	4.6799751206456306e-8
0.37460044108589774	4.697696369288801e-8
0.37717344329132724	4.715608429250872e-8
0.37975931050778367	4.7337140905582135e-8
0.38235810706032236	4.752016196192133e-8
0.3849698975956241	4.770517643332305e-8
0.38759474708360203	4.7892213846341115e-8
0.39023272081902005	4.808130429542901e-8
0.39288388442311495	4.827247845645195e-8
0.3955483038452304	4.846576760057914e-8
0.39822604536445655	4.866120360857909e-8
0.40091717559127893	4.885881898552174e-8
0.4036217614692354	4.9058646875906596e-8
0.4063398702765814	4.9260721079228385e-8
0.40907156962796437	4.946507606599396e-8
0.4118169274761041	4.967174699421509e-8
0.41457601211348477	4.988076972637668e-8
0.41734889217405197	5.009218084691428e-8
0.42013563663492237	5.0306017680204656e-8
0.4229363148180968	5.05223183090983e-8
0.4257509963921872	5.0741121594002845e-8
0.4285797513741481	5.09624671925454e-8
0.431422650131019	5.118639557982737e-8
0.4342797633816742	5.141294806929778e-8
0.4371511621985827	5.1642166834263595e-8
0.4400369180095757	5.1874094930060786e-8
0.4429371025996235	5.2108776316914156e-8
0.44585178811262155	5.234625588350122e-8
0.44878104705318456	5.2586579471256714e-8
0.4517249522884503	5.282979389943709e-8
0.4546835770498925	5.307594699097618e-8
0.4576569949351417	5.332508759916097e-8
0.4606452799098173	5.357726563515617e-8
0.46364850630936627	5.383253209641255e-8
0.46666674884091325	5.40909390959911e-8
0.46970008258511775	5.4352539892832726e-8
0.4727485829980431	5.461738892301806e-8
0.47581232591303324	5.488554183204895e-8
0.47889138754259847	5.5157055508191747e-8
0.4819858444803113	5.543198811692642e-8
0.48509577370271284	5.5710399136539705e-8
0.48822125257122634	5.599234939491161e-8
0.4913623588340824	5.627790110753867e-8
0.49451917062825274	5.656711791684631e-8
0.49769176648139396	5.686006493283566e-8
0.5008802253138008	5.7156808775126876e-8
0.50408462644037	5.7457417616446075e-8
0.5073050495725719	5.7761961227620314e-8
0.5105415748204347	5.807051102414002e-8
0.513794282694537	5.8383140114353537e-8
0.5170632541080095	5.8699923349358535e-8
0.5203485703785496	5.90209373746655e-8
0.5236503132304423	5.93462606837024e-8
0.5269685647965943	5.967597367324154e-8
0.530303407620577	6.001015870082312e-8
0.5336549246586798	6.034890014427507e-8
0.5370231992819733	6.069228446339625e-8
0.5404083152783831	6.104040026392086e-8
0.5438103568547752	6.139333836384089e-8
0.5472294086390488	6.17511918622073e-8
0.5506655556822441	6.211405621050618e-8
0.5541188834606553	6.248202928672784e-8
0.5575894778779587	6.285521147225288e-8
0.5610774252673482	6.323370573167352e-8
0.5645828123936848	6.361761769568926e-8
0.5681057264556529	6.400705574721258e-8
0.5716462550879313	6.440213111083227e-8
0.575204486363371	6.48029579457893e-8
0.5787805087951877	6.520965344262854e-8
0.5823744113391636	6.562233792369825e-8
0.5859862833958592	6.604113494767322e-8
0.5896162148128385	6.64661714183026e-8
0.5932642958869029	6.689757769757364e-8
0.5969306173663373	6.73354877235061e-8
0.6006152704531689	6.778003913281001e-8
0.6043183468054348	6.823137338863173e-8
0.6080399385394619	6.868963591364554e-8
0.6117801382321592	6.91549762287577e-8
0.6155390389233196	6.962754809769417e-8
0.6193167341179363	7.010750967778397e-8
0.623113317788526	7.05950236772316e-8
0.6269288843774687	7.109025751923743e-8
0.6307635287993559	7.159338351328845e-8
0.6346173464433525	7.210457903402573e-8
0.6384904331755692	7.262402670805622e-8
0.642382885341447	7.315191460915777e-8
0.6462947997681542	7.368843646230072e-8
0.6502262737669948	7.423379185698454e-8
0.6541774051358298	7.478818647037917e-8
0.6581482921615086	7.535183230082579e-8
0.6621390336223161	7.592494791225907e-8
0.6661497287904276	7.650775869017984e-8
0.6701804774343794	7.710049710981418e-8
0.6742313798215511	7.770340301717832e-8
0.678302536720659	7.831672392378439e-8
0.6823940494042624	7.894071531579178e-8
0.6865060196512838	7.957564097846247e-8
0.6906385497495403	8.022177333684205e-8
0.694791742498288	8.087939381365199e-8
0.6989657012107795	8.154879320544929e-8
0.7031605297168335	8.223027207821997e-8
0.7073763323654175	8.292414118360782e-8
0.7116132140272448	8.363072189713674e-8
0.7158712800973807	8.435034667985265e-8
0.7201506364978674	8.508335956495715e-8
0.7244513896803564	8.583011667110802e-8
0.728773646628758	8.659098674426507e-8
0.7331175148619017	8.736635173004766e-8
0.7374831024362114	8.815660737884475e-8
0.7418705179483922	8.896216388605349e-8
0.7462798705381343	8.978344657011043e-8
0.750711269890825	9.062089659122288e-8
0.7551648262402791	9.147497171402523e-8
0.7596406503714807	9.234614711773284e-8
0.7641388536233382	9.32349162577752e-8
0.7686595478914547	9.414179178334023e-8
0.773202845630912	9.506730651582038e-8
0.7777688598590664	9.60120144937581e-8
0.7823577041583616	9.697649209063329e-8
0.7869694926791535	9.796133921268142e-8
0.7916043401425493	9.896718058493532e-8
0.796262361843262	9.999466713491046e-8
0.8009436736524783	1.0104447748470641e-7
0.8056483920207407	1.0211731956403743e-7
0.8103766339808444	1.0321393235869661e-7
0.8151285171507487	1.0433508781136238e-7
0.8199041597365022	1.0548159289459731e-7
0.8247036805351848	1.0665429187935217e-7
0.8295271989378608	1.0785406882661669e-7
0.8343748349325502	1.0908185033493698e-7
0.8392467091072129	1.1033860858291045e-7
0.844142942652749	1.116253647134188e-7
0.8490636573660127	1.1294319261578541e-7
0.8540089756528428	1.1429322317367935e-7
0.8589790205311072	1.1567664906077554e-7
0.8639739156337627	1.1709473018382353e-7
0.8689739156337625	1.18542986097475e-7
0.8739739156337623	1.200209077735306e-7
0.878973915633762	1.2152947399709875e-7
0.8839739156337618	1.2306972212768908e-7
0.8889739156337617	1.2464275472745378e-7
0.8939739156337615	1.2624974728960347e-7
0.8989739156337613	1.2789195727876092e-7
0.9039739156337611	1.2957073473732477e-7
0.9089739156337608	1.312875347632984e-7
0.9139739156337606	1.330439322270236e-7
0.9189739156337604	1.3484163916892555e-7
0.9239739156337602	1.3668252541049875e-7
0.9289739156337601	1.3856864301938967e-7
0.9339739156337599	1.405022554004914e-7
0.9389739156337596	1.4248587194309324e-7
0.9439739156337594	1.4452228934486345e-7
0.9489739156337592	1.4661464096366516e-7
0.953973915633759	1.4876645582592915e-7
0.9589739156337588	1.5098172925558003e-7
0.9639739156337586	1.5326500749204916e-7
0.9689739156337585	1.556214891542917e-7
0.9739739156337582	1.5805714699708473e-7
0.978973915633758	1.6057887411740133e-7
0.9839739156337578	1.6319465962744946e-7
0.9889739156337576	1.6591379984762364e-7
0.9939739156337574	1.6874715232403623e-7
0.9989739156337571	1.717074414857949e-7
1.003973915633757	1.7480962658051396e-7
1.0089739156337567	1.7807134472732266e-7
1.0139739156337566	1.815134445828654e-7
1.0189739156337563	1.8516062932152993e-7
1.0239739156337562	1.8904223149970333e-7
1.028973915633756	1.931931470419271e-7
1.0339739156337557	1.9765496121857732e-7
1.0389739156337556	2.0247730627849582e-7
1.0439739156337553	2.0771949859376521e-7
1.0489739156337552	2.1345251305387135e-7
1.0539739156337549	2.1976136435730357e-7
1.0589739156337548	2.2674797920280038e-7
1.0639739156337544	2.3453466067551707e-7
1.0689739156337543	2.432682669489091e-7
1.0739739156337542	2.531252514904361e-7
1.0789739156337539	2.6431774211672753e-7
1.0839739156337538	2.7710087250176887e-7
1.0889739156337535	2.917816233029096e-7
1.0939739156337533	3.087294823605492e-7
1.098973915633753	3.2838929613660305e-7
1.103973915633753	3.5129675967440263e-7
1.1089739156337528	3.780970822245566e-7
1.1139739156337525	4.095674730171969e-7
1.1189739156337524	4.466442196380233e-7
1.123973915633752	4.904552837355427e-7
1.128973915633752	5.423595195172283e-7
1.1339739156337516	6.03993834390033e-7
1.1389739156337515	6.773298634003693e-7
1.1439739156337512	7.647420255465263e-7
1.148973915633751	8.690891766567013e-7
1.153973915633751	9.93812476590993e-7
1.1589739156337506	1.1430525541139492e-6
1.1639739156337505	1.3217895862793512e-6
1.1689739156337502	1.5360105145292988e-6
1.17397391563375	1.7929082983889398e-6
1.1789739156337498	2.101118857140645e-6
1.1839739156337497	2.4710021617888056e-6
1.1889739156337495	2.914974797156147e-6
1.1939739156337492	3.4479021886732717e-6
1.197980436725312	3.951002884954565e-6
1.2019869578168745	4.533285764681319e-6
1.2059934789084372	5.207088712230132e-6
1.21	5.986605840145422e-6
