0.0006999999999999628	2.056319614280574e-8
0.001403500000000035	2.0582953644570634e-8
0.0021105174999999296	2.060283900393716e-8
0.0028210700874998964	2.0622852555454876e-8
0.003535175437937438	2.064299527438422e-8
0.004252851315127062	2.066326815412509e-8
0.004974115571702636	2.0683672197630405e-8
0.005698986149561044	2.0704208417394386e-8
0.006427481080308875	2.072487783556163e-8
0.007159618485710418	2.0745681484040588e-8
0.007895416578138905	2.076662040461703e-8
0.008634893661029494	2.0787695649070527e-8
0.00937806812933463	2.0808908279291534e-8
0.010124958469981361	2.0830259367400503e-8
0.010875583262331262	2.085174999586946e-8
0.01162996117864295	2.0873381257642998e-8
0.012388110984536127	2.0895154256263812e-8
0.013150051539458866	2.091707010599822e-8
0.013915801797156208	2.09391299319636e-8
0.014685380806142003	2.0961334870258335e-8
0.015458807710172712	2.0983686068092995e-8
0.01623610174872358	2.1006184683923636e-8
0.017017282257467212	2.1028831887586815e-8
0.017802368668754516	2.1051628860436733e-8
0.01859138051209827	2.1074576795484364e-8
0.019384337414658823	2.1097676897538343e-8
0.020181259101732015	2.1120930383347854e-8
0.020982165397240727	2.1144338481748016e-8
0.02178707622422691	2.1167902433807047e-8
0.02259601160534814	2.119162349297554e-8
0.02340899166337483	2.121550292523744e-8
0.024226036621691812	2.1239542009264757e-8
0.02504716680480027	2.1263742036572515e-8
0.025872402638824326	2.1288104311677193e-8
0.02670176465201842	2.1312630152257767e-8
0.02753527347527842	2.1337320889317676e-8
0.028372949842654864	2.136217786735085e-8
0.0292148145918682	2.1387202444508772e-8
0.03006088866482743	2.1412395992771044e-8
0.03091119310815165	2.143775989811766e-8
0.0317657490736924	2.1463295560704553e-8
0.03262457781906081	2.14890043950413e-8
0.03348770070815601	2.1514887830171342e-8
0.034355139211696875	2.1540947309855502e-8
0.035226914907755424	2.1567184292757393e-8
0.03610304948229413	2.1593600252632758e-8
0.03698356472970569	2.162019667852e-8
0.03786848255335419	2.164697507493569e-8
0.038757824966120964	2.1673936962070833e-8
0.03965161409095162	2.1701083875991654e-8
0.04054987216140643	2.1728417368842947e-8
0.04145262152221345	2.1755939009054223e-8
0.04235988462982453	2.1783650381549455e-8
0.04327168405297366	2.181155308795977e-8
0.0441880424732386	2.1839648746839302e-8
0.04510898268560485	2.18679389938844e-8
0.046034527599032954	2.1896425482156776e-8
0.04696470023702812	2.1925109882309078e-8
0.04789952373821329	2.1953993882814445e-8
0.048839021356904266	2.1983079190200167e-8
0.04978321646368884	2.201236752928368e-8
0.05073213254600732	2.2041860643413342e-8
0.05168579320873729	2.2071560294712947e-8
0.052644222174780875	2.2101468264328874e-8
0.05360744328565471	2.2131586352682417e-8
0.054575480502083065	2.2161916379725436e-8
0.055548357904593434	2.2192460185200073e-8
0.056526099694116344	2.2223219628902955e-8
0.0575087301925869	2.225419659095293e-8
0.05849627384354973	2.22853929720633e-8
0.05948875521276744	2.2316810693818567e-8
0.06048619898883127	2.234845169895576e-8
0.061488629983775384	2.238031795164879e-8
0.06249607313369419	2.241241143780028e-8
0.06350855349936275	2.2444734165334285e-8
0.06452609626685958	2.2477288164497526e-8
0.06554872674819387	2.2510075488161874e-8
0.06657647038193484	2.2543098212135058e-8
0.06760935273384447	2.2576358435473566e-8
0.06864739949751365	2.2609858280802698e-8
0.0696906364950013	2.2643599894640406e-8
0.07073908967747639	2.2677585447727322e-8
0.07179278512586384	2.2711817135361718e-8
0.07285174905149322	2.2746297177739884e-8
0.0739160077967507	2.2781027820302512e-8
0.07498558783573436	2.281601133408644e-8
0.07606051577491299	2.285125001608207e-8
0.07714081835378758	2.2886746189597006e-8
0.07822652244555647	2.2922502204625898e-8
0.07931765505778425	2.295852043822552e-8
0.0804142433330731	2.2994803294896994e-8
0.08151631454973848	2.303135320697457e-8
0.08262389612248718	2.3068172635019327e-8
0.0837370156030995	2.3105264068221505e-8
0.0848557006811149	2.314263002480852e-8
0.0859799791845205	2.318027305245934e-8
0.08710987908044313	2.3218195728727504e-8
0.08824542847584534	2.3256400661469438e-8
0.08938665561822454	2.3294890489281395e-8
0.09053358889631567	2.3333667881943452e-8
0.09168625684079722	2.337273554087045e-8
0.09284468812500112	2.3412096199571778e-8
0.09400891156562617	2.3451752624118e-8
0.0951789561234543	2.349170761361617e-8
0.09635485090407148	2.3531964000693168e-8
0.09753662515859184	2.3572524651986944e-8
0.0987243082843847	2.3613392468647104e-8
0.09991792982580656	2.3654570386843832e-8
0.10111751947493569	2.36960613782849e-8
0.10232310707231031	2.373786845074296e-8
0.1035347226076718	2.3779994648591534e-8
0.10475239622071016	2.3822443053349783e-8
0.10597615820181366	2.3865216784238218e-8
0.10720603899282274	2.3908318998742746e-8
0.10844206918778684	2.395175289318989e-8
0.10968427953372567	2.3995521703331245e-8
0.1109327009313943	2.4039628704939246e-8
0.11218736443605135	2.40840772144125e-8
0.11344830125823162	2.4128870589392923e-8
0.11471554276452282	2.41740122293936e-8
0.11598912047834534	2.4219505576437445e-8
0.11726906608073695	2.4265354115708052e-8
0.11855541141114062	2.4311561376211896e-8
0.11984818846819621	2.435813093145242e-8
0.12114742941053713	2.4405066400117288e-8
0.12245316655758978	2.4452371446776364e-8
0.1237654323903777	2.450004978259436e-8
0.12508425955232963	2.4548105166055204e-8
0.12640968085009122	2.4596541403700605e-8
0.1277417292543416	2.4645362350880523e-8
0.1290804379006133	2.469457191252057e-8
0.13042584009011637	2.474417404390046e-8
0.1317779692905669	2.479417275144805e-8
0.13313685913701961	2.4844572093549307e-8
0.13450254343270476	2.4895376181371386e-8
0.13587505614986833	2.4946589179702374e-8
0.13725443143061763	2.499821530780673e-8
0.13864070358777073	2.5050258840295914e-8
0.14003390710570945	2.5102724108016716e-8
0.14143407664123803	2.5155615498955256e-8
0.1428412470244442	2.520893745915911e-8
0.1442554532595664	2.526269449367535e-8
0.14567673052586416	2.5316891167509063e-8
0.1471051141784935	2.5371532106597297e-8
0.14854063974938603	2.5426621998803866e-8
0.149983342948133	2.5482165594932178e-8
0.15143325966287374	2.5538167709758007e-8
0.15289042596118813	2.5594633223081728e-8
0.15435487809099402	2.5651567080801985e-8
0.15582665248144906	2.570897429600874e-8
0.1573057857438562	2.576685995009928e-8
0.15879231467257537	2.5825229193914513e-8
0.16028627624593816	2.5884087248898603e-8
0.16178770762716785	2.594343940828089e-8
0.16329664616530362	2.6003291038281407e-8
0.16481312939613008	2.6063647579340103e-8
0.1663371950431107	2.612451454737014e-8
0.16786888101832628	2.6185897535036627e-8
0.1694082254234178	2.6247802213060726e-8
0.1709552665505349	2.6310234331549505e-8
0.17251004288328747	2.637319972135304e-8
0.17407259309770393	2.6436704295447946e-8
0.17564295606319252	2.6500754050350144e-8
0.17722117084350858	2.6565355067554716e-8
0.17880727669772617	2.6630513515006377e-8
0.18040131308121476	2.669623564859863e-8
0.18200331964662084	2.6762527813704495e-8
0.18361333624485401	2.682939644673809e-8
0.18523140292607826	2.689684807674863e-8
0.18685755994070874	2.6964889327046523e-8
0.1884918477404122	2.7033526916864134e-8
0.19013430697911424	2.710276766304997e-8
0.1917849785140098	2.7172618481799026e-8
0.19344390340657974	2.72430863904181e-8
0.19511112292361268	2.7314178509129283e-8
0.1967866785382308	2.7385902062909573e-8
0.19847061193092203	2.7458264383371524e-8
0.20016296499057665	2.753127291068133e-8
0.20186377981552947	2.7604935195518647e-8
0.2035730987146071	2.7679258901078194e-8
0.20529096420818022	2.7754251805113375e-8
0.20701741902922113	2.782992180202321e-8
0.20875250612436722	2.7906276904985718e-8
0.210496268654989	2.7983325248135206e-8
0.21224874999826396	2.806107508878749e-8
0.21400999374825516	2.813953480971286e-8
0.21578004371699644	2.8218712921458914e-8
0.21755894393558148	2.829861806472307e-8
0.2193467386552594	2.8379259012777967e-8
0.22114347234853576	2.846064467394865e-8
0.22294918971027836	2.8542784094145684e-8
0.2247639356588297	2.862568645945242e-8
0.2265877553371239	2.87093610987711e-8
0.2284206941138094	2.8793817486526812e-8
0.23026279758437848	2.887906524543061e-8
0.23211411157230027	2.8965114149307177e-8
0.23397468213016168	2.905197412598235e-8
0.23584455554081238	2.9139655260238145e-8
0.23772377831851643	2.922816779683294e-8
0.23961239721010893	2.9317522143590463e-8
0.24151045919615952	2.940772887455872e-8
0.24341801149214037	2.9498798733241052e-8
0.24533510154960114	2.959074263590042e-8
0.24726177705734917	2.9683571674940094e-8
0.24919808594263598	2.9777297122361372e-8
0.2511440763723492	2.9871930433301354e-8
0.2530997967542111	2.9967483249652186e-8
0.25506529573798215	3.006396740376543e-8
0.2570406222166721	3.016139492224087e-8
0.25902582532775553	3.025977802980555e-8
0.2610209544543945	3.03591291532827e-8
0.2630260592266663	3.04594609256544e-8
0.2650411895227997	3.0560786190220184e-8
0.26706639547041383	3.066311800485373e-8
0.2691017274477658	3.0766469646360955e-8
0.2711472360850044	3.087085461494264e-8
0.27320297226542956	3.097628663876244e-8
0.2752689871267568	3.1082779678625447e-8
0.2773453320623904	3.1190347932769455e-8
0.27943205872270227	3.129900584177182e-8
0.2815292190163157	3.140876809357512e-8
0.28363686511139713	3.151964962863562e-8
0.2857550494369543	3.1631665645197024e-8
0.287883824684139	3.1744831604694075e-8
0.2900232438075598	3.1859163237287555e-8
0.29217336002659744	3.197467654753801e-8
0.2943342268267306	3.209138782021858e-8
0.2965058979608642	3.2209313626272005e-8
0.2986884274506685	3.2328470828918566e-8
0.3008818695879217	3.2448876589912286e-8
0.3030862789358613	3.257054837596053e-8
0.3053017103305407	3.269350396529902e-8
0.30752821888219345	3.281776145443828e-8
0.3097658599766045	3.2943339265078754e-8
0.31201468927648746	3.3070256151202475e-8
0.3142747627228697	3.319853120634609e-8
0.31654613653648417	3.332818387106227e-8
0.31882886721916665	3.3459233940569955e-8
0.32112301155526257	3.359170157260645e-8
0.3234286266130387	3.3725607295479315e-8
0.325745769746104	3.386097201633128e-8
0.3280744985948343	3.399781702961938e-8
0.33041487108780826	3.413616402581721e-8
0.3327669454432473	3.42760351003462e-8
0.3351307801704635	3.441745276274364e-8
0.3375064340713156	3.456043994607239e-8
0.33989396624167195	3.47050200165843e-8
0.3422934360728803	3.485121678363816e-8
0.3447049032532445	3.4999054509887085e-8
0.34712842776951053	3.5148557921738785e-8
0.3495640699083581	3.5299752220099604e-8
0.3520118902578999	3.545266309140891e-8
0.35447194970918944	3.560731671897628e-8
0.35694430945773536	3.576373979462765e-8
0.35942903100502394	3.592195953067075e-8
0.36192617616004885	3.6082003672192664e-8
0.36443580704084905	3.624390050969566e-8
0.3669579860760533	3.6407678892085916e-8
0.3694927760064337	3.657336824002281e-8
0.3720402398864656	3.6740998559645624e-8
0.37460044108589774	3.6910600456681404e-8
0.37717344329132724	3.708220515095648e-8
0.37975931050778367	3.7255844491315535e-8
0.38235810706032236	3.743155097096717e-8
0.3849698975956241	3.760935774326938e-8
0.38759474708360203	3.7789298637963865e-8
0.39023272081902005	3.7971408177884126e-8
0.39288388442311495	3.8155721596142035e-8
0.3955483038452304	3.8342274853817034e-8
0.39822604536445655	3.853110465815923e-8
0.40091717559127893	3.872224848132856e-8
0.4036217614692354	3.891574457968218e-8
0.4063398702765814	3.911163201363516e-8
0.40907156962796437	3.930995066810775e-8
0.4118169274761041	3.9510741273583836e-8
0.41457601211348477	3.971404542779826e-8
0.41734889217405197	3.991990561807791e-8
0.42013563663492237	4.012836524435512e-8
0.4229363148180968	4.03394686428801e-8
0.4257509963921872	4.055326111065615e-8
0.4285797513741481	4.076978893061907e-8
0.431422650131019	4.0989099397594584e-8
0.4342797633816742	4.1211240845053155e-8
0.4371511621985827	4.143626267269571e-8
0.4400369180095757	4.166421537489739e-8
0.4429371025996235	4.189515057004199e-8
0.44585178811262155	4.212912103077712e-8
0.44878104705318456	4.236618071522311e-8
0.4517249522884503	4.2606384799173555e-8
0.4546835770498925	4.284978970932064e-8
0.4576569949351417	4.309645315754202e-8
0.4606452799098173	4.3346434176292057e-8
0.46364850630936627	4.359979315513483e-8
0.46666674884091325	4.385659187846394e-8
0.46970008258511775	4.411689356444917e-8
0.4727485829980431	4.4380762905263063e-8
0.47581232591303324	4.464826610862816e-8
0.47889138754259847	4.4919470940741146e-8
0.4819858444803113	4.5194446770621103e-8
0.48509577370271284	4.54732646159421e-8
0.48822125257122634	4.57559971904014e-8
0.4913623588340824	4.604271895268659e-8
0.49451917062825274	4.633350615710488e-8
0.49769176648139396	4.6628436905932607e-8
0.5008802253138008	4.692759120356372e-8
0.50408462644037	4.7231051012516554e-8
0.5073050495725719	4.753890031138361e-8
0.5105415748204347	4.785122515479118e-8
0.513794282694537	4.816811373546193e-8
0.5170632541080095	4.8489656448451604e-8
0.5203485703785496	4.8815945957663217e-8
0.5236503132304423	4.914707726471685e-8
0.5269685647965943	4.9483147780286186e-8
0.530303407620577	4.982425739799054e-8
0.5336549246586798	5.017050857096101e-8
0.5370231992819733	5.05220063911825e-8
0.5404083152783831	5.087885867173701e-8
0.5438103568547752	5.1241176032063114e-8
0.5472294086390488	5.160907198636896e-8
0.5506655556822441	5.1982663035327234e-8
0.5541188834606553	5.2362068761196486e-8
0.5575894778779587	5.274741192651885e-8
0.5610774252673482	5.313881857655054e-8
0.5645828123936848	5.353641814558737e-8
0.5681057264556529	5.394034356736141e-8
0.5716462550879313	5.435073138968928e-8
0.575204486363371	5.476772189356316e-8
0.5787805087951877	5.5191459216887205e-8
0.5823744113391636	5.5622091483071306e-8
0.5859862833958592	5.6059770934704503e-8
0.5896162148128385	5.6504654072546934e-8
0.5932642958869029	5.6956901800085216e-8
0.5969306173663373	5.7416679573917534e-8
0.6006152704531689	5.788415756024056e-8
0.6043183468054348	5.8359510797738234e-8
0.6080399385394619	5.8842919367174976e-8
0.6117801382321592	5.9334568568022196e-8
0.6155390389233196	5.983464910246959e-8
0.6193167341179363	6.03433572671818e-8
0.623113317788526	6.086089515319338e-8
0.6269288843774687	6.138747085435424e-8
0.6307635287993559	6.192329868476335e-8
0.6346173464433525	6.246859940565773e-8
0.6384904331755692	6.30236004622533e-8
0.642382885341447	6.358853623106055e-8
0.6462947997681542	6.416364827824887e-8
0.6502262737669948	6.474918562964734e-8
0.6541774051358298	6.53454050530337e-8
0.6581482921615086	6.595257135339747e-8
0.6621390336223161	6.657095768190985e-8
0.6661497287904276	6.720084585939885e-8
0.6701804774343794	6.78425267151726e-8
0.6742313798215511	6.849630044211377e-8
0.678302536720659	6.916247696903391e-8
0.6823940494042624	6.984137635135146e-8
0.6865060196512838	7.053332918126709e-8
0.6906385497495403	7.123867701868238e-8
0.694791742498288	7.195777284425193e-8
0.6989657012107795	7.269098153605585e-8
0.7031605297168335	7.34386803715543e-8
0.7073763323654175	7.420125955661927e-8
0.7116132140272448	7.49791227836486e-8
0.7158712800973807	7.577268782097335e-8
0.7201506364978674	7.658238713600483e-8
0.7244513896803564	7.7408668554867e-8
0.728773646628758	7.825199596157476e-8
0.7331175148619017	7.911285004021188e-8
0.7374831024362114	7.999172906398896e-8
0.7418705179483922	8.088914973560592e-8
0.7462798705381343	8.180564808394022e-8
0.750711269890825	8.274178042281957e-8
0.7551648262402791	8.369812437847622e-8
0.7596406503714807	8.467527999334106e-8
0.7641388536233382	8.567387091500184e-8
0.7686595478914547	8.669454568065594e-8
0.773202845630912	8.773797910911692e-8
0.7777688598590664	8.88048738145365e-8
0.7823577041583616	8.989596185857045e-8
0.7869694926791535	9.101200656077531e-8
0.7916043401425493	9.21538044907754e-8
0.796262361843262	9.332218767028116e-8
0.8009436736524783	9.451802601857236e-8
0.8056483920207407	9.574223008184187e-8
0.8103766339808444	9.699575409507084e-8
0.8151285171507487	9.82795994352683e-8
0.8199041597365022	9.959481853738391e-8
0.8247036805351848	1.0094251935957876e-7
0.8295271989378608	1.0232387050346504e-7
0.8343748349325502	1.0374010711832333e-7
0.8392467091072129	1.051925377472297e-7
0.844142942652749	1.0668255230886074e-7
0.8490636573660127	1.082116314531899e-7
0.8540089756528428	1.097813575845101e-7
0.8589790205311072	1.1139342791388892e-7
0.8639739156337627	1.1304966998874294e-7
0.8689739156337625	1.1474524509029303e-7
0.8739739156337623	1.1647998639065437e-7
0.878973915633762	1.1825553994696924e-7
0.8839739156337618	1.20073713204149e-7
0.8889739156337617	1.2193650184010136e-7
0.8939739156337615	1.2384612187072049e-7
0.8989739156337613	1.2580504809199434e-7
0.9039739156337611	1.2781606015960776e-7
0.9089739156337608	1.2988229787654497e-7
0.9139739156337606	1.3200732758565186e-7
0.9189739156337604	1.341952219587512e-7
0.9239739156337602	1.3645065595091857e-7
0.9289739156337601	1.3877902226517568e-7
0.9339739156337599	1.4118657036993826e-7
0.9389739156337596	1.436805739543105e-7
0.9439739156337594	1.4626953272516023e-7
0.9489739156337592	1.489634156816261e-7
0.953973915633759	1.5177395449191895e-7
0.9589739156337588	1.547149973976384e-7
0.9639739156337586	1.5780293624753718e-7
0.9689739156337585	1.6105722189417133e-7
0.9739739156337582	1.645009863683333e-7
0.978973915633758	1.6816179409228365e-7
0.9839739156337578	1.720725490422933e-7
0.9889739156337576	1.7627259039151967e-7
0.9939739156337574	1.8080901595801696e-7
0.9989739156337571	1.8573828099428505e-7
1.003973915633757	1.9112812977906086e-7
1.0089739156337567	1.970599294652487e-7
1.0139739156337566	2.0363149012961863e-7
1.0189739156337563	2.1096047247811873e-7
1.0239739156337562	2.1918850581035755e-7
1.028973915633756	2.2848616439029514e-7
1.0339739156337557	2.3905898121411556e-7
1.0389739156337556	2.5115471540134287e-7
1.0439739156337553	2.650721343731231e-7
1.0489739156337552	2.811716261984875e-7
1.0539739156337549	2.9988802287644965e-7
1.0589739156337548	3.217460941471348e-7
1.0639739156337544	3.473792664026166e-7
1.0689739156337543	3.7755223564322046e-7
1.0739739156337542	4.131882810673222e-7
1.0789739156337539	4.5540225140006354e-7
1.0839739156337538	5.055403949279061e-7
1.0889739156337535	5.652284428856936e-7
1.0939739156337533	6.364296419741339e-7
1.098973915633753	7.215147743310386e-7
1.103973915633753	8.233466127078928e-7
1.1089739156337528	9.45381747059074e-7
1.1139739156337525	1.0917933002260614e-6
1.1189739156337524	1.2676187408390513e-6
1.123973915633752	1.4789378189365873e-6
1.128973915633752	1.7330866140448105e-6
1.1339739156337516	2.0389148182084805e-6
1.1389739156337515	2.407094700577188e-6
1.1439739156337512	2.850491738770876e-6
1.148973915633751	3.384608677366612e-6
1.153973915633751	4.028116804018726e-6
1.1589739156337506	4.803490530832275e-6
1.1639739156337505	5.737763933120799e-6
1.1689739156337502	6.863430712262391e-6
1.17397391563375	8.219512070157014e-6
1.1789739156337498	9.8528201280666e-6
1.1839739156337497	1.1819447658384679e-5
1.1889739156337495	1.4186517820108818e-5
1.1939739156337492	1.703423000259818e-5
1.197980436725312	1.97268559039042e-5
1.2019869578168745	2.2846688549865942e-5
1.2059934789084372	2.6459754314368694e-5
1.21	3.064175708229387e-5
