0.005999999999999712	-0.000165442509349147
0.012179999999999873	-0.0001654248720823722
0.01854539999999994	-0.00016540685797631128
0.025101761999999805	-0.0001653880729566975
0.031854814860000004	-0.00016536847482545933
0.03881045930580001	-0.00016534801895364462
0.045974773084974135	-0.00016532665755364888
0.053354016277523196	-0.00016530433939358714
0.060954636765848814	-0.00016528100948249788
0.06878327586882431	-0.00016525660872117903
0.0767832758688245	-0.00016523127374429286
0.0847832758688247	-0.00016520552062880618
0.09278327586882489	-0.00016517934655845443
0.10078327586882509	-0.0001651527416599647
0.10878327586882527	-0.0001651256957530817
0.11678327586882548	-0.0001650981983467215
0.12478327586882566	-0.00016507023862638196
0.13278327586882585	-0.00016504180544134293
0.14078327586882605	-0.00016501288729130605
0.14878327586882625	-0.00016498347231209357
0.15678327586882645	-0.00016495354826143673
0.16478327586882663	-0.0001649231025032609
0.17278327586882683	-0.000164892121992041
0.18078327586882703	-0.00016486059325577498
0.18878327586882723	-0.00016482850237875757
0.1967832758688274	-0.00016479583498283496
0.2047832758688276	-0.00016476257620850972
0.2127832758688278	-0.00016472871069447194
0.220783275868828	-0.00016469422255644921
0.22878327586882818	-0.00016465909536514658
0.23678327586882839	-0.00016462331212236195
0.2447832758688286	-0.00016458685523698064
0.25278327586882876	-0.00016454970649867299
0.260783275868829	-0.00016451184705080927
0.26878327586882916	-0.00016447325736187709
0.27678327586882934	-0.00016443391719529686
0.28478327586882957	-0.00016439380557747537
0.29278327586882974	-0.0001643529007645585
0.30078327586882997	-0.0001643111802069367
0.30878327586883014	-0.0001642686205119847
0.3167832758688303	-0.00016422519740470401
0.32478327586883055	-0.00016418088568617484
0.3327832758688307	-0.0001641356591896029
0.3407832758688309	-0.00016408949073382008
0.3487832758688311	-0.00016404235207429136
0.3567832758688313	-0.00016399421385093234
0.3647832758688315	-0.00016394504553307444
0.3727832758688317	-0.00016389481536108357
0.38078327586883187	-0.00016384349028444292
0.3887832758688321	-0.0001637910358962378
0.3967832758688323	-0.00016373741636300986
0.40478327586883245	-0.0001636825943511856
0.4127832758688327	-0.00016362653094801154
0.42078327586883285	-0.00016356918557789037
0.4287832758688331	-0.00016351051591326435
0.43678327586883325	-0.00016345047777959338
0.4447832758688334	-0.00016338902505424183
0.45278327586883366	-0.00016332610955824365
0.46078327586883383	-0.00016326168094131488
0.468783275868834	-0.00016319568655838904
0.47678327586883423	-0.00016312807133810175
0.4847832758688344	-0.00016305877764177354
0.49278327586883464	-0.00016298774511212152
0.5007832758688348	-0.00016291491051157673
0.508783275868835	-0.00016284020754838392
0.5167832758688352	-0.00016276356668963384
0.5247832758688354	-0.00016268491496044732
0.5327832758688356	-0.00016260417572750254
0.5407832758688358	-0.0001625212684659
0.548783275868836	-0.0001624361085069781
0.5567832758688361	-0.0001623486067660371
0.5647832758688364	-0.0001622586694475888
0.5727832758688366	-0.0001621661977254749
0.5807832758688367	-0.0001620710873955032
0.5887832758688369	-0.0001619732284973635
0.5967832758688372	-0.0001618725049026806
0.6047832758688373	-0.00016176879386467318
0.6127832758688375	-0.00016166196552479966
0.6207832758688377	-0.00016155188237206827
0.6287832758688379	-0.00016143839864697266
0.6367832758688381	-0.00016132135968434646
0.6447832758688383	-0.0001612006011856812
0.6527832758688386	-0.00016107594841125765
0.6607832758688387	-0.0001609472152798407
0.6687832758688389	-0.00016081420336151183
0.6767832758688391	-0.0001606767007475063
0.6847832758688392	-0.00016053448077486178
0.6927832758688395	-0.00016038730058355675
0.7007832758688397	-0.0001602348994738897
0.7087832758688398	-0.0001600769970298126
0.71678327586884	-0.00015991329096271762
0.7247832758688403	-0.00015974345462216853
0.7327832758688404	-0.00015956713410736548
0.7407832758688406	-0.00015938394489763618
0.7487832758688409	-0.00015919346790090914
0.756783275868841	-0.00015899524479663746
0.7647832758688412	-0.00015878877251778413
0.7727832758688414	-0.00015857349668131556
0.7807832758688417	-0.00015834880372811517
0.7887832758688418	-0.00015811401147588006
0.796783275868842	-0.00015786835771423565
0.8047832758688422	-0.00015761098637913023
0.8127832758688424	-0.00015734093072800295
0.8207832758688426	-0.00015705709279141555
0.8287832758688428	-0.00015675821819394388
0.8367832758688429	-0.00015644286520939305
0.8447832758688432	-0.0001561093666272057
0.8527832758688434	-0.000155755782647651
0.8607832758688435	-0.00015537984257652933
0.8687832758688437	-0.0001549788725266655
0.876783275868844	-0.0001545497056403807
0.8847832758688441	-0.00015408857047864526
0.8927832758688443	-0.00015359095215806387
0.9007832758688445	-0.00015305141950083505
0.9087832758688448	-0.00015246340985901094
0.9167832758688449	-0.00015181896132866716
0.9247832758688451	-0.00015110837973205226
0.9327832758688454	-0.0001503198249765736
0.9407832758688455	-0.00014943879816265424
0.9487832758688457	-0.00014844750711849266
0.9567832758688462	-0.00014732408393540518
0.9647832758688463	-0.0001460416236982608
0.9727832758688465	-0.00014456700922855898
0.9807832758688467	-0.0001428594827221174
0.9887832758688468	-0.00014086892240050975
0.9967832758688471	-0.00013853378177734423
1.0047832758688473	-0.00013577865240226117
1.0127832758688475	-0.00013251142007649456
1.0207832758688478	-0.0001286200022077833
1.0287832758688478	-0.00012396868339898876
1.036783275868848	-0.00011839411100338928
1.0447832758688482	-0.00011170107532776253
1.0527832758688485	-0.00010365828208802394
1.0607832758688487	-9.399442618894317e-5
1.068783275868849	-8.239498927501421e-5
1.076783275868849	-6.85002947088544e-5
1.0847832758688492	-5.190543973991801e-5
1.0927832758688494	-3.216275448877029e-5
1.1007832758688496	-8.787376051130682e-6
1.1087832758688498	1.8733656193607096e-5
1.11678327586885	5.092869262882758e-5
1.1247832758688503	8.832548848854348e-5
1.1327832758688503	0.00013143275849364347
1.1407832758688505	0.00018072052965961954
1.1487832758688508	0.00023660084920381277
1.156783275868851	0.00029941047340258776
1.1647832758688512	0.0003693969684222834
1.1727832758688514	0.0004467092290250997
1.1795874569016382	0.0005182670119200134
1.186391637934426	0.0005951286040281493
1.1931958189672127	0.0006772103429963859
1.1965979094836063	0.0007201684286424149
1.1982989547418035	0.0007421184774092467
1.1999999999999997	0.0007643793420827653
