0.005999999999999712	-0.0001531076586087632
0.012179999999999873	-0.00015303931710465316
0.01854539999999994	-0.00015296863179626105
0.025101761999999805	-0.00015289525790161167
0.031854814860000004	-0.0001528190717548836
0.03881045930580001	-0.00015273994266239586
0.045974773084974135	-0.00015265773219642228
0.053354016277523196	-0.00015257229360175336
0.060954636765848814	-0.00015248347114812626
0.06878327586882431	-0.00015239109942259503
0.0767832758688245	-0.00015229575943274696
0.0847832758688247	-0.0001521994400122823
0.09278327586882489	-0.0001521021345278183
0.10078327586882509	-0.00015200382605877656
0.10878327586882527	-0.00015190449728197343
0.11678327586882548	-0.00015180413046365796
0.12478327586882566	-0.00015170270744476467
0.13278327586882585	-0.000151600209625739
0.14078327586882605	-0.00015149661795028053
0.14878327586882625	-0.00015139191288964535
0.15678327586882645	-0.00015128607442561561
0.16478327586882663	-0.0001511790820330071
0.17278327586882683	-0.00015107091466197585
0.18078327586882703	-0.0001509615507189342
0.18878327586882723	-0.00015085096804743123
0.1967832758688274	-0.0001507391439075981
0.2047832758688276	-0.0001506260549552094
0.2127832758688278	-0.00015051167721951187
0.220783275868828	-0.00015039598608051528
0.22878327586882818	-0.00015027895624466714
0.23678327586882839	-0.00015016056171981832
0.2447832758688286	-0.00015004077578929058
0.25278327586882876	-0.00014991957098422478
0.260783275868829	-0.0001497969190545649
0.26878327586882916	-0.00014967279093952468
0.27678327586882934	-0.00014954715673572974
0.28478327586882957	-0.00014941998566410933
0.29278327586882974	-0.00014929124603529356
0.30078327586882997	-0.00014916090521295054
0.30878327586883014	-0.00014902892957597245
0.3167832758688303	-0.00014889528447739484
0.32478327586883055	-0.00014875993420264045
0.3327832758688307	-0.00014862284192465825
0.3407832758688309	-0.00014848396965687393
0.3487832758688311	-0.00014834327820344634
0.3567832758688313	-0.00014820072710696171
0.3647832758688315	-0.0001480562745929452
0.3727832758688317	-0.00014790987751125
0.38078327586883187	-0.00014776149127386325
0.3887832758688321	-0.00014761106978906937
0.3967832758688323	-0.000147458565391513
0.40478327586883245	-0.0001473039287676671
0.4127832758688327	-0.0001471471088765222
0.42078327586883285	-0.00014698805286494335
0.4287832758688331	-0.00014682670597728316
0.43678327586883325	-0.000146663011458265
0.4447832758688334	-0.00014649691044904363
0.45278327586883366	-0.00014632834187501486
0.46078327586883383	-0.0001461572423254056
0.468783275868834	-0.0001459835459221222
0.47678327586883423	-0.00014580718417849415
0.4847832758688344	-0.00014562808584459437
0.49278327586883464	-0.0001454461767396068
0.5007832758688348	-0.00014526137956707473
0.508783275868835	-0.00014507361371252916
0.5167832758688352	-0.0001448827950202656
0.5247832758688354	-0.00014468883554622153
0.5327832758688356	-0.00014449164328253294
0.5407832758688358	-0.00014429112185172067
0.548783275868836	-0.00014408717016188054
0.5567832758688361	-0.00014387968202064064
0.5647832758688364	-0.0001436685456976837
0.5727832758688366	-0.00014345364342874408
0.5807832758688367	-0.00014323485085030447
0.5887832758688369	-0.00014301203635321198
0.5967832758688372	-0.0001427850603399214
0.6047832758688373	-0.0001425537743685932
0.6127832758688375	-0.0001423180201622139
0.6207832758688377	-0.00014207762845796387
0.6287832758688379	-0.00014183241766788703
0.6367832758688381	-0.0001415821923111968
0.6447832758688383	-0.00014132674117910544
0.6527832758688386	-0.00014106583517561145
0.6607832758688387	-0.00014079922477430121
0.6687832758688389	-0.0001405266370130127
0.6767832758688391	-0.00014024777193620024
0.6847832758688392	-0.00013996229837455319
0.6927832758688395	-0.00013966984892897435
0.7007832758688397	-0.0001393700139993217
0.7087832758688398	-0.000139062334665281
0.71678327586884	-0.00013874629418650185
0.7247832758688403	-0.0001384213078429848
0.7327832758688404	-0.00013808671077730184
0.7407832758688406	-0.00013774174343256115
0.7487832758688409	-0.00013738553409513643
0.756783275868841	-0.00013701707795075628
0.7647832758688412	-0.00013663521194212202
0.7727832758688414	-0.00013623858456816027
0.7807832758688417	-0.00013582561959217204
0.7887832758688418	-0.0001353944724111887
0.796783275868842	-0.00013494297759016044
0.8047832758688422	-0.0001344685857567082
0.8127832758688424	-0.0001339682876927783
0.8207832758688426	-0.00013343852302610733
0.8287832758688428	-0.00013287507041090952
0.8367832758688429	-0.00013227291548145186
0.8447832758688432	-0.00013162609214715165
0.8527832758688434	-0.00013092749196218727
0.8607832758688435	-0.00013016863533414467
0.8687832758688437	-0.0001293393972224139
0.876783275868844	-0.00012842767870553852
0.8847832758688441	-0.00012741901438057722
0.8927832758688443	-0.00012629610398793927
0.9007832758688445	-0.0001250382549694458
0.9087832758688448	-0.00012362072090252324
0.9167832758688449	-0.00012201391898330583
0.9247832758688451	-0.00012018250806061099
0.9327832758688454	-0.00011808430730389226
0.9407832758688455	-0.00011566903464636068
0.9487832758688457	-0.00011287684396759254
0.9567832758688462	-0.00010963664098676865
0.9647832758688463	-0.00010586416056738915
0.9727832758688465	-0.00010145979328554587
0.9807832758688467	-9.630615755674751e-5
0.9887832758688468	-9.026542635731719e-5
0.9967832758688471	-8.317643569695405e-5
1.0047832758688473	-7.485162653434287e-5
1.0127832758688475	-6.507390351557812e-5
1.0207832758688478	-5.359353290437457e-5
1.0287832758688478	-4.012524741980415e-5
1.036783275868848	-2.43457747914275e-5
1.0447832758688482	-5.892054658309012e-6
1.0527832758688485	1.5639553154277077e-5
1.0607832758688487	4.0692748824092004e-5
1.068783275868849	6.974916081159412e-5
1.076783275868849	0.00010332437706509643
1.0847832758688492	0.00014196206344957186
1.0927832758688494	0.00018622633145512894
1.1007832758688496	0.00023669284404863943
1.1087832758688498	0.0002939395395615737
1.11678327586885	0.0003585382435580329
1.1247832758688503	0.00043104871053457926
1.1327832758688503	0.0005120166262242825
1.1407832758688505	0.0006019766353175126
1.1487832758688508	0.0007014604519110419
1.156783275868851	0.0008110086854805513
1.1647832758688512	0.0009311835846925412
1.1727832758688514	0.0010625790639419608
1.1795874569016382	0.0011836334017159581
1.186391637934426	0.001313664990552375
1.1931958189672127	0.0014530903243397627
1.1965979094836063	0.001526455311475215
1.1982989547418035	0.0015640738732562484
1.1999999999999997	0.0016023258012864256
