0.005999999999999712	-0.0001488959255151144
0.012179999999999873	-0.0001488219703247177
0.01854539999999994	-0.0001487454775590775
0.025101761999999805	-0.00014866610722035956
0.031854814860000004	-0.00014858372906763017
0.03881045930580001	-0.00014849820556076521
0.045974773084974135	-0.00014840939116384002
0.053354016277523196	-0.0001483171317407031
0.060954636765848814	-0.00014822126389691344
0.06878327586882431	-0.00014812161426001294
0.0767832758688245	-0.0001480188147168371
0.0847832758688247	-0.0001479150128757275
0.09278327586882489	-0.00014781020251417672
0.10078327586882509	-0.000147704366732689
0.10878327586882527	-0.00014759748823817137
0.11678327586882548	-0.0001474895493364855
0.12478327586882566	-0.00014738053191785982
0.13278327586882585	-0.0001472704174420631
0.14078327586882605	-0.00014715918692321872
0.14878327586882625	-0.0001470468209138884
0.15678327586882645	-0.00014693329948908124
0.16478327586882663	-0.0001468186022297295
0.17278327586882683	-0.00014670270820456166
0.18078327586882703	-0.00014658559595284948
0.18878327586882723	-0.00014646724346512247
0.1967832758688274	-0.0001463476281638891
0.2047832758688276	-0.0001462267268831631
0.2127832758688278	-0.00014610451584717092
0.220783275868828	-0.0001459809706482317
0.22878327586882818	-0.00014585606622344002
0.23678327586882839	-0.0001457297768305528
0.2447832758688286	-0.00014560207602256785
0.25278327586882876	-0.00014547293662080536
0.260783275868829	-0.0001453423306872236
0.26878327586882916	-0.00014521022949504244
0.27678327586882934	-0.00014507660349784705
0.28478327586882957	-0.000144941422296984
0.29278327586882974	-0.00014480465460781205
0.30078327586882997	-0.00014466626822329633
0.30878327586883014	-0.00014452622997618072
0.3167832758688303	-0.00014438450569882757
0.32478327586883055	-0.0001442410601807348
0.3327832758688307	-0.00014409585712342669
0.3407832758688309	-0.0001439488590929442
0.3487832758688311	-0.00014380002746910964
0.3567832758688313	-0.00014364932239144916
0.3647832758688315	-0.0001434967027020272
0.3727832758688317	-0.00014334212588376812
0.38078327586883187	-0.00014318554799521232
0.3887832758688321	-0.00014302692359974682
0.3967832758688323	-0.00014286620569079294
0.40478327586883245	-0.0001427033456096538
0.4127832758688327	-0.0001425382929587805
0.42078327586883285	-0.00014237099550592884
0.4287832758688331	-0.00014220139908213757
0.43678327586883325	-0.0001420294474692834
0.4447832758688334	-0.00014185508227810688
0.45278327586883366	-0.00014167824281503973
0.46078327586883383	-0.0001414988659352909
0.468783275868834	-0.00014131688588154182
0.47678327586883423	-0.0001411322341062019
0.4847832758688344	-0.0001409448390733683
0.49278327586883464	-0.00014075462603981787
0.5007832758688348	-0.0001405615168101558
0.508783275868835	-0.00014036542946259574
0.5167832758688352	-0.0001401662780413822
0.5247832758688354	-0.0001399639722099457
0.5327832758688356	-0.00013975841685983514
0.5407832758688358	-0.000139549511665634
0.548783275868836	-0.00013933715058064405
0.5567832758688361	-0.00013912122126082387
0.5647832758688364	-0.000138901604406047
0.5727832758688366	-0.00013867817300514164
0.5807832758688367	-0.0001384507914674319
0.5887832758688369	-0.0001382193146228902
0.5967832758688372	-0.00013798358656675185
0.6047832758688373	-0.00013774343932263498
0.6127832758688375	-0.00013749869129268543
0.6207832758688377	-0.00013724914545711953
0.6287832758688379	-0.00013699458727898113
0.6367832758688381	-0.00013673478226386952
0.6447832758688383	-0.00013646947311092618
0.6527832758688386	-0.00013619837638580466
0.6607832758688387	-0.00013592117862831025
0.6687832758688389	-0.00013563753179650115
0.6767832758688391	-0.00013534704792794575
0.6847832758688392	-0.00013504929287927437
0.6927832758688395	-0.00013474377898054358
0.7007832758688397	-0.00013442995641112668
0.7087832758688398	-0.0001341072030686171
0.71678327586884	-0.00013377481266386572
0.7247832758688403	-0.00013343198072333267
0.7327832758688404	-0.0001330777881251194
0.7407832758688406	-0.00013271118172491806
0.7487832758688409	-0.00013233095154612195
0.756783275868841	-0.000131935703907505
0.7647832758688412	-0.00013152382974228265
0.7727832758688414	-0.00013109346721617028
0.7807832758688417	-0.00013064245756983696
0.7887832758688418	-0.0001301682928922795
0.796783275868842	-0.0001296680542640128
0.8047832758688422	-0.00012913833837553787
0.8127832758688424	-0.00012857517032734448
0.8207832758688426	-0.00012797389983834815
0.8287832758688428	-0.0001273290775114415
0.8367832758688429	-0.00012663430714661273
0.8447832758688432	-0.00012588206932070771
0.8527832758688434	-0.00012506351061426804
0.8607832758688435	-0.00012416819193409676
0.8687832758688437	-0.0001231837884035733
0.876783275868844	-0.00012209573226244622
0.8847832758688441	-0.00012088678915783975
0.8927832758688443	-0.00011953655711811236
0.9007832758688445	-0.00011802087638729169
0.9087832758688448	-0.00011631113718217684
0.9167832758688449	-0.00011437347137279663
0.9247832758688451	-0.00011216781318191582
0.9327832758688454	-0.00010964681343546455
0.9407832758688455	-0.00010675459192929803
0.9487832758688457	-0.00010342531346133136
0.9567832758688462	-9.958157547944065e-5
0.9647832758688463	-9.51325996605911e-5
0.9727832758688465	-8.997222676970256e-5
0.9807832758688467	-8.397672460224028e-5
0.9887832758688468	-7.700243350573289e-5
0.9967832758688471	-6.888329366188119e-5
1.0047832758688473	-5.942832346005855e-5
1.0127832758688475	-4.8419148889692755e-5
1.0207832758688478	-3.560771886222757e-5
1.0287832758688478	-2.0714378162882605e-5
1.036783275868848	-3.426503332801257e-6
1.0447832758688482	1.6602071064986545e-5
1.0527832758688485	3.97506100598546e-5
1.0607832758688487	6.642983658347838e-5
1.068783275868849	9.707901131505084e-5
1.076783275868849	0.0001321618410481262
1.0847832758688492	0.00017216160315605114
1.0927832758688494	0.00021757623722991958
1.1007832758688496	0.0002689145435243155
1.1087832758688498	0.00032669491454714736
1.11678327586885	0.0003914480129372088
1.1247832758688503	0.00046372428094406125
1.1327832758688503	0.0005441060302700133
1.1407832758688505	0.0006332223210323162
1.1487832758688508	0.0007317634634267752
1.156783275868851	0.0008404914654649261
1.1647832758688512	0.0009602434622108553
1.1727832758688514	0.001091926784973057
1.1795874569016382	0.0012140353085804314
1.186391637934426	0.0013460880804700398
1.1931958189672127	0.0014887106658743735
1.1965979094836063	0.0015641788527019287
1.1982989547418035	0.001602986104943478
1.1999999999999997	0.0016425223275023317
