0.005999999999999712	-0.00014448129487423838
0.012179999999999873	-0.00014440320342024073
0.01854539999999994	-0.00014432243553754118
0.025101761999999805	-0.00014423865693905931
0.031854814860000004	-0.00014415173318734793
0.03881045930580001	-0.00014406152240203457
0.045974773084974135	-0.00014396787457753208
0.053354016277523196	-0.00014387063097670913
0.060954636765848814	-0.00014376962347083822
0.06878327586882431	-0.00014366467381824878
0.0767832758688245	-0.00014355645181184958
0.0847832758688247	-0.00014344722090641786
0.09278327586882489	-0.00014333697548695498
0.10078327586882509	-0.0001432256988625253
0.10878327586882527	-0.0001431133739575249
0.11678327586882548	-0.00014299998330373427
0.12478327586882566	-0.00014288550902603574
0.13278327586882585	-0.00014276993282747266
0.14078327586882605	-0.00014265323597414256
0.14878327586882625	-0.00014253539927939942
0.15678327586882645	-0.00014241640308743035
0.16478327586882663	-0.0001422962272566312
0.17278327586882683	-0.00014217485114188314
0.18078327586882703	-0.00014205225357604413
0.18878327586882723	-0.00014192841285113852
0.1967832758688274	-0.00014180330669789622
0.2047832758688276	-0.0001416769122647192
0.2127832758688278	-0.00014154920609594246
0.220783275868828	-0.00014142016410816465
0.22878327586882818	-0.00014128976156603388
0.23678327586882839	-0.00014115797305611205
0.2447832758688286	-0.00014102477245977427
0.25278327586882876	-0.00014089013292437695
0.260783275868829	-0.00014075402683227012
0.26878327586882916	-0.00014061642576860715
0.27678327586882934	-0.00014047730048639075
0.28478327586882957	-0.00014033662086977776
0.29278327586882974	-0.00014019435589474307
0.30078327586882997	-0.00014005047358661382
0.30878327586883014	-0.00013990494097520937
0.3167832758688303	-0.00013975772404626512
0.32478327586883055	-0.00013960878768913673
0.3327832758688307	-0.00013945809564066503
0.3407832758688309	-0.00013930561042443734
0.3487832758688311	-0.00013915129328455166
0.3567832758688313	-0.0001389951041147211
0.3647832758688315	-0.00013883700138020685
0.3727832758688317	-0.00013867694203313632
0.38078327586883187	-0.0001385148814204186
0.3887832758688321	-0.0001383507731819762
0.3967832758688323	-0.00013818456913989287
0.40478327586883245	-0.00013801621917635366
0.4127832758688327	-0.00013784567109870156
0.42078327586883285	-0.0001376728704915155
0.4287832758688331	-0.0001374977605515017
0.43678327586883325	-0.00013732028190564173
0.4447832758688334	-0.000137140372408966
0.45278327586883366	-0.00013695796691886144
0.46078327586883383	-0.00013677299704451003
0.468783275868834	-0.00013658539086643543
0.47678327586883423	-0.0001363950726231045
0.4847832758688344	-0.0001362019623602549
0.49278327586883464	-0.00013600597553697116
0.5007832758688348	-0.00013580702258407878
0.508783275868835	-0.00013560500840751336
0.5167832758688352	-0.00013539983182957727
0.5247832758688354	-0.00013519138495928851
0.5327832758688356	-0.00013497955248390227
0.5407832758688358	-0.00013476421086855694
0.548783275868836	-0.0001345452274547232
0.5567832758688361	-0.00013432245944233737
0.5647832758688364	-0.00013409575274148298
0.5727832758688366	-0.0001338649406760808
0.5807832758688367	-0.00013362984252277026
0.5887832758688369	-0.00013339026186305315
0.5967832758688372	-0.00013314598472742424
0.6047832758688373	-0.00013289677750666717
0.6127832758688375	-0.00013264238460557212
0.6207832758688377	-0.0001323825258100501
0.6287832758688379	-0.00013211689333913018
0.6367832758688381	-0.0001318451485525158
0.6447832758688383	-0.00013156691828257057
0.6527832758688386	-0.00013128179076011515
0.6607832758688387	-0.00013098931110550676
0.6687832758688389	-0.00013068897635401422
0.6767832758688391	-0.00013038022998975118
0.6847832758688392	-0.00013006245595711485
0.6927832758688395	-0.00012973497211409896
0.7007832758688397	-0.00012939702308082464
0.7087832758688398	-0.00012904777240420348
0.71678327586884	-0.0001286862939062913
0.7247832758688403	-0.0001283115619935797
0.7327832758688404	-0.00012792244054874065
0.7407832758688406	-0.0001275176698086755
0.7487832758688409	-0.00012709585030902512
0.756783275868841	-0.00012665542257899308
0.7647832758688412	-0.00012619464079858584
0.7727832758688414	-0.0001257115381846033
0.7807832758688417	-0.00012520388153282612
0.7887832758688418	-0.0001246691122651303
0.796783275868842	-0.00012410427155976043
0.8047832758688422	-0.0001235059076474698
0.8127832758688424	-0.00012286996391644797
0.8207832758688426	-0.00012219164678285835
0.8287832758688428	-0.00012146527207279798
0.8367832758688429	-0.00012068408783693515
0.8447832758688432	-0.00011984007021786228
0.8527832758688434	-0.00011892368747447717
0.8607832758688435	-0.00011792362578636457
0.8687832758688437	-0.00011682646917822113
0.876783275868844	-0.00011561632481478232
0.8847832758688441	-0.00011427438399805896
0.8927832758688443	-0.00011277840837946978
0.9007832758688445	-0.00011110213016768831
0.9087832758688448	-0.00010921455451607287
0.9167832758688449	-0.00010707915189001841
0.9247832758688451	-0.0001046529282122161
0.9327832758688454	-0.00010188536117464938
0.9407832758688455	-9.871719256379165e-5
0.9487832758688457	-9.507906915805271e-5
0.9567832758688462	-9.089002915484623e-5
0.9647832758688463	-8.605583773404293e-5
0.9727832758688465	-8.046718484232371e-5
0.9807832758688467	-7.399777118677316e-5
0.9887832758688468	-6.650232520849849e-5
0.9967832758688471	-5.7814614588521235e-5
1.0047832758688473	-4.7745540061770537e-5
1.0127832758688475	-3.608142528907775e-5
1.0207832758688478	-2.258264068230235e-5
1.0287832758688478	-6.982715081407096e-6
1.036783275868848	1.1011913073660397e-5
1.0447832758688482	3.172138857704747e-5
1.0527832758688485	5.549114668931801e-5
1.0607832758688487	8.268996386468142e-5
1.068783275868849	0.0001137077244872514
1.076783275868849	0.00014895359348169725
1.0847832758688492	0.0001888556162094162
1.0927832758688494	0.0002338629795762104
1.1007832758688496	0.00028445205901845476
1.1087832758688498	0.000341136749498368
1.11678327586885	0.00040448241503858337
1.1247832758688503	0.00047512141893686784
1.1327832758688503	0.0005537672557742154
1.1407832758688505	0.000641224368582719
1.1487832758688508	0.000738391822048875
1.156783275868851	0.0008462605082582047
1.1647832758688512	0.0009659047199766679
1.1727832758688514	0.0010984693616542757
1.1795874569016382	0.0012222813726075147
1.186391637934426	0.0013570662392575364
1.1931958189672127	0.0015035930243391445
1.1965979094836063	0.0015814980297168726
1.1982989547418035	0.0016216528929431195
1.1999999999999997	0.0016626259659438638
