0.005999999999999712	-0.00015407047314235518
0.012179999999999873	-0.00015406340923496045
0.01854539999999994	-0.00015405653034459993
0.025101761999999805	-0.00015404935267925469
0.031854814860000004	-0.000154041858648137
0.03881045930580001	-0.00015403403029325545
0.045974773084974135	-0.00015402584833044622
0.053354016277523196	-0.00015401729202142275
0.060954636765848814	-0.00015400833903270295
0.06878327586882431	-0.00015399896527931194
0.0767832758688245	-0.0001539892206140045
0.0847832758688247	-0.00015397930030707153
0.09278327586882489	-0.00015396920577518756
0.10078327586882509	-0.00015395893239885048
0.10878327586882527	-0.00015394847539207618
0.11678327586882548	-0.00015393782980579844
0.12478327586882566	-0.00015392699052088022
0.13278327586882585	-0.00015391595224032922
0.14078327586882605	-0.00015390470948165218
0.14878327586882625	-0.00015389325656839215
0.15678327586882645	-0.00015388158762177906
0.16478327586882663	-0.0001538696965514961
0.17278327586882683	-0.00015385757704600581
0.18078327586882703	-0.00015384522256296047
0.18878327586882723	-0.00015383262631810677
0.1967832758688274	-0.00015381978127477716
0.2047832758688276	-0.00015380668013176545
0.2127832758688278	-0.0001537933153111284
0.220783275868828	-0.00015377967894528172
0.22878327586882818	-0.00015376576286314273
0.23678327586882839	-0.00015375155857572418
0.2447832758688286	-0.00015373705726095234
0.25278327586882876	-0.00015372224974709309
0.260783275868829	-0.0001537071264960557
0.26878327586882916	-0.00015369167758520853
0.27678327586882934	-0.00015367589268784057
0.28478327586882957	-0.0001536597610534921
0.29278327586882974	-0.00015364327148593087
0.30078327586882997	-0.00015362641232050534
0.30878327586883014	-0.00015360917140003018
0.3167832758688303	-0.0001535915360489456
0.32478327586883055	-0.00015357349304613628
0.3327832758688307	-0.00015355502859583413
0.3407832758688309	-0.0001535361282968262
0.3487832758688311	-0.00015351677710972146
0.3567832758688313	-0.00015349695932177792
0.3647832758688315	-0.00015347665850991854
0.3727832758688317	-0.00015345585750096527
0.38078327586883187	-0.0001534345383292502
0.3887832758688321	-0.00015341268219139933
0.3967832758688323	-0.00015339026939828847
0.40478327586883245	-0.00015336727932332804
0.4127832758688327	-0.00015334369034712846
0.42078327586883285	-0.00015331947979877478
0.4287832758688331	-0.00015329462389224917
0.43678327586883325	-0.00015326909765880613
0.4447832758688334	-0.00015324287487405013
0.45278327586883366	-0.00015321592798003424
0.46078327586883383	-0.00015318822800124683
0.468783275868834	-0.000153159744454286
0.47678327586883423	-0.00015313044525069075
0.4847832758688344	-0.00015310029659240223
0.49278327586883464	-0.00015306926285879022
0.5007832758688348	-0.0001530373064850522
0.508783275868835	-0.00015300438783055585
0.5167832758688352	-0.00015297046503640703
0.5247832758688354	-0.0001529354938717642
0.5327832758688356	-0.0001528994275668181
0.5407832758688358	-0.00015286221663180836
0.548783275868836	-0.00015282380866039487
0.5567832758688361	-0.00015278414811598898
0.5647832758688364	-0.00015274317609910668
0.5727832758688366	-0.00015270083009336717
0.5807832758688367	-0.0001526570436888663
0.5887832758688369	-0.00015261174627918732
0.5967832758688372	-0.00015256486273024006
0.6047832758688373	-0.00015251631301630068
0.6127832758688375	-0.0001524660118207604
0.6207832758688377	-0.00015241386809691969
0.6287832758688379	-0.0001523597845827719
0.6367832758688381	-0.0001523036572661595
0.6447832758688383	-0.00015224537479117026
0.6527832758688386	-0.00015218481780055306
0.6607832758688387	-0.00015212185820316437
0.6687832758688389	-0.00015205635835721955
0.6767832758688391	-0.00015198817015649066
0.6847832758688392	-0.00015191713400482587
0.6927832758688395	-0.00015184307766235645
0.7007832758688397	-0.0001517658149416129
0.7087832758688398	-0.00015168514423058248
0.71678327586884	-0.00015160084681183482
0.7247832758688403	-0.00015151268494293822
0.7327832758688404	-0.00015142039965495573
0.7407832758688406	-0.00015132370821688667
0.7487832758688409	-0.0001512223012022864
0.756783275868841	-0.00015111583907970167
0.7647832758688412	-0.0001510039482329779
0.7727832758688414	-0.0001508862162912632
0.7807832758688417	-0.00015076218662526023
0.7887832758688418	-0.00015063135182894852
0.796783275868842	-0.00015049314596367788
0.8047832758688422	-0.00015034693528666595
0.8127832758688424	-0.00015019200711741769
0.8207832758688426	-0.00015002755641066836
0.8287832758688428	-0.0001498526694951952
0.8367832758688429	-0.00014966630430224376
0.8447832758688432	-0.00014946726623774542
0.8527832758688434	-0.00014925417863662126
0.8607832758688435	-0.00014902544646974424
0.8687832758688437	-0.0001487792116360663
0.876783275868844	-0.00014851329775189274
0.8847832758688441	-0.00014822514182260895
0.8927832758688443	-0.00014791170952827473
0.9007832758688445	-0.0001475693900444217
0.9087832758688448	-0.00014719386531864508
0.9167832758688449	-0.0001467799475017513
0.9247832758688451	-0.0001463213767410799
0.9327832758688454	-0.0001458105697524407
0.9407832758688455	-0.00014523830745737898
0.9487832758688457	-0.00014459334747800838
0.9567832758688462	-0.00014386194443422864
0.9647832758688463	-0.00014302725782626083
0.9727832758688465	-0.000142068623932004
0.9807832758688467	-0.00014096066484623937
0.9887832758688468	-0.000139672204936226
0.9967832758688471	-0.0001381649632539658
1.0047832758688473	-0.00013639199082164793
1.0127832758688475	-0.0001342958256354106
1.0207832758688478	-0.0001318063476868339
1.0287832758688478	-0.00012883833381082608
1.036783275868848	-0.00012528874073144982
1.0447832758688482	-0.00012103378742216925
1.0527832758688485	-0.00011592596733321587
1.0607832758688487	-0.00010979119783817174
1.068783275868849	-0.00010242640533309326
1.076783275868849	-9.359794078125114e-5
1.0847832758688492	-8.304130510223175e-5
1.0927832758688494	-7.046271111115918e-5
1.1007832758688496	-5.554298723161233e-5
1.1087832758688498	-3.7944207872867135e-5
1.11678327586885	-1.731919967553954e-5
1.1247832758688503	6.676267193181165e-6
1.1327832758688503	3.43691900049272e-5
1.1407832758688505	6.605390560177551e-5
1.1487832758688508	0.00010197673494665548
1.156783275868851	0.0001423219705366352
1.1647832758688512	0.00018720032207015182
1.1727832758688514	0.0002366406118658441
1.1795874569016382	0.00028223988003614817
1.186391637934426	0.000331013875170698
1.1931958189672127	0.00038283192888670327
1.1965979094836063	0.00040982953790856893
1.1982989547418035	0.0004235900218673473
1.1999999999999997	0.0004375207627187647
