0.005999999999999712	-0.00015922690726659234
0.012179999999999873	-0.0001591728858009393
0.01854539999999994	-0.0001591170337825839
0.025101761999999805	-0.00015905899706993108
0.031854814860000004	-0.0001589986710392105
0.03881045930580001	-0.00015893594493339195
0.045974773084974135	-0.00015887070114667046
0.053354016277523196	-0.00015880281467911412
0.060954636765848814	-0.00015873215254018797
0.06878327586882431	-0.0001586585730931123
0.0767832758688245	-0.00015858252903115481
0.0847832758688247	-0.00015850560011757017
0.09278327586882489	-0.00015842777943415832
0.10078327586882509	-0.0001583490506516688
0.10878327586882527	-0.00015826939702863704
0.11678327586882548	-0.00015818880140409768
0.12478327586882566	-0.00015810724618157184
0.13278327586882585	-0.00015802471331376517
0.14078327586882605	-0.0001579411842857499
0.14878327586882625	-0.000157856640098189
0.15678327586882645	-0.0001577710612497108
0.16478327586882663	-0.00015768442771871868
0.17278327586882683	-0.0001575967189444063
0.18078327586882703	-0.00015750791380701382
0.18878327586882723	-0.00015741799060739025
0.1967832758688274	-0.0001573269270456076
0.2047832758688276	-0.0001572347001983433
0.2127832758688278	-0.00015714128649605213
0.220783275868828	-0.00015704666169821633
0.22878327586882818	-0.0001569508008680722
0.23678327586882839	-0.0001568536783460145
0.2447832758688286	-0.00015675526772187555
0.25278327586882876	-0.00015665554180568976
0.260783275868829	-0.00015655447259708182
0.26878327586882916	-0.00015645203125368314
0.27678327586882934	-0.0001563481880574525
0.28478327586882957	-0.00015624291237938305
0.29278327586882974	-0.00015613617264313863
0.30078327586882997	-0.00015602793628594292
0.30878327586883014	-0.0001559181697183759
0.3167832758688303	-0.00015580683828142377
0.32478327586883055	-0.00015569390620180933
0.3327832758688307	-0.00015557933654488
0.3407832758688309	-0.00015546309116486057
0.3487832758688311	-0.0001553451306525785
0.3567832758688313	-0.00015522541428070205
0.3647832758688315	-0.00015510389994517193
0.3727832758688317	-0.00015498054410455195
0.38078327586883187	-0.000154855301714768
0.3887832758688321	-0.00015472812616145569
0.3967832758688323	-0.00015459896918717064
0.40478327586883245	-0.0001544677808154262
0.4127832758688327	-0.0001543345092694302
0.42078327586883285	-0.00015419910088637
0.4287832758688331	-0.00015406150002676786
0.43678327586883325	-0.0001539216489773274
0.4447832758688334	-0.00015377948784842365
0.45278327586883366	-0.00015363495446477687
0.46078327586883383	-0.00015348798424856452
0.468783275868834	-0.00015333851009525086
0.47678327586883423	-0.00015318646224022798
0.4847832758688344	-0.00015303176811674307
0.49278327586883464	-0.00015287435220244847
0.5007832758688348	-0.00015271413585575221
0.508783275868835	-0.00015255103713861373
0.5167832758688352	-0.00015238497062566712
0.5247832758688354	-0.00015221584719731315
0.5327832758688356	-0.0001520435738158495
0.5407832758688358	-0.00015186805328128278
0.548783275868836	-0.00015168918396498313
0.5567832758688361	-0.00015150685951787938
0.5647832758688364	-0.00015132096854996946
0.5727832758688366	-0.00015113139427616325
0.5807832758688367	-0.00015093801412475728
0.5887832758688369	-0.00015074069930079033
0.5967832758688372	-0.00015053931429884608
0.6047832758688373	-0.00015033371635581616
0.6127832758688375	-0.00015012375483296485
0.6207832758688377	-0.0001499092705164493
0.6287832758688379	-0.0001496900948191595
0.6367832758688381	-0.0001494660488677173
0.6447832758688383	-0.00014923694245079603
0.6527832758688386	-0.00014900257280342285
0.6607832758688387	-0.0001487627231934294
0.6687832758688389	-0.00014851716127174262
0.6767832758688391	-0.00014826563713522199
0.6847832758688392	-0.0001480078810462419
0.6927832758688395	-0.00014774360073253767
0.7007832758688397	-0.00014747247818122593
0.7087832758688398	-0.0001471941658156461
0.71678327586884	-0.00014690828192202312
0.7247832758688403	-0.00014661440516056695
0.7327832758688404	-0.00014631206796038575
0.7407832758688406	-0.00014600074854681836
0.7487832758688409	-0.00014567986129955293
0.756783275868841	-0.00014534874506274596
0.7647832758688412	-0.00014500664894714294
0.7727832758688414	-0.00014465271505591565
0.7807832758688417	-0.0001442859574367423
0.7887832758688418	-0.0001439052364004803
0.796783275868842	-0.00014350922715290616
0.8047832758688422	-0.00014309638144421936
0.8127832758688424	-0.0001426648806439416
0.8207832758688426	-0.00014221257829314375
0.8287832758688428	-0.00014173692974167747
0.8367832758688429	-0.0001412349059461245
0.8447832758688432	-0.00014070288785548098
0.8527832758688434	-0.00014013653702656754
0.8607832758688435	-0.00013953063716717
0.8687832758688437	-0.00013887890017928145
0.876783275868844	-0.00013817372892764565
0.8847832758688441	-0.00013740592738002588
0.8927832758688443	-0.00013656434691576095
0.9007832758688445	-0.00013563545547024924
0.9087832758688448	-0.00013460281376559332
0.9167832758688449	-0.00013344644018727992
0.9247832758688451	-0.0001321420429506013
0.9327832758688454	-0.0001306600951448732
0.9407832758688455	-0.00012896472519883487
0.9487832758688457	-0.0001270123925110115
0.9567832758688462	-0.0001247503157828224
0.9647832758688463	-0.0001221146204777779
0.9727832758688465	-0.00011902817250579238
0.9807832758688467	-0.0001153980686503816
0.9887832758688468	-0.00011111276165289644
0.9967832758688471	-0.00010603881080102727
1.0047832758688473	-0.00010001726914878101
1.0127832758688475	-9.285974808804587e-5
1.0207832758688478	-8.434424069534139e-5
1.0287832758688478	-7.421083830448465e-5
1.036783275868848	-6.215754003751537e-5
1.0447832758688482	-4.783643031503619e-5
1.0527832758688485	-3.0850579243125495e-5
1.0607832758688487	-1.0752095640780876e-5
1.068783275868849	1.295818196428719e-5
1.076783275868849	4.0828853431718825e-5
1.0847832758688492	7.345352267195929e-5
1.0927832758688494	0.00011146341947723471
1.1007832758688496	0.0001555169473969811
1.1087832758688498	0.00020628632821963812
1.11678327586885	0.0002644418815096016
1.1247832758688503	0.0003306348669950712
1.1327832758688503	0.0004054801617785423
1.1407832758688505	0.000489540265515363
1.1487832758688508	0.0005833121516971029
1.156783275868851	0.0006872182624558584
1.1647832758688512	0.0008016024699089182
1.1727832758688514	0.0009267311451485195
1.1795874569016382	0.0010417586040690425
1.186391637934426	0.0011647836415991481
1.1931958189672127	0.0012958601577424552
1.1965979094836063	0.0013644270550043059
1.1982989547418035	0.0013994688970024197
1.1999999999999997	0.0014350170903551555
