0.005999999999999712	-0.0001584881938686026
0.012179999999999873	-0.0001584792982351879
0.01854539999999994	-0.00015847047354817218
0.025101761999999805	-0.0001584612640249147
0.031854814860000004	-0.0001584516473874075
0.03881045930580001	-0.0001584416005329167
0.045974773084974135	-0.00015843109865783833
0.053354016277523196	-0.0001584201150956427
0.060954636765848814	-0.00015840862113849382
0.06878327586882431	-0.000158396585838549
0.0767832758688245	-0.00015838407375527074
0.0847832758688247	-0.0001583713366669414
0.09278327586882489	-0.00015835837496701316
0.10078327586882509	-0.00015834518283151528
0.10878327586882527	-0.00015833175423431807
0.11678327586882548	-0.00015831808294814871
0.12478327586882566	-0.00015830416253591697
0.13278327586882585	-0.0001582899863417546
0.14078327586882605	-0.00015827554748136757
0.14878327586882625	-0.00015826083883253243
0.15678327586882645	-0.0001582458530244342
0.16478327586882663	-0.0001582305824271322
0.17278327586882683	-0.0001582150191399009
0.18078327586882703	-0.00015819915497951371
0.18878327586882723	-0.0001581829814675766
0.1967832758688274	-0.00015816648981744483
0.2047832758688276	-0.00015814967092015348
0.2127832758688278	-0.00015813251532996957
0.220783275868828	-0.00015811501324886664
0.22878327586882818	-0.00015809715451037861
0.23678327586882839	-0.0001580789285623985
0.2447832758688286	-0.00015806032444907914
0.25278327586882876	-0.00015804133079198155
0.260783275868829	-0.0001580219357695936
0.26878327586882916	-0.00015800212709640547
0.27678327586882934	-0.0001579818920001378
0.28478327586882957	-0.00015796121719812247
0.29278327586882974	-0.000157940088871986
0.30078327586882997	-0.00015791849264123697
0.30878327586883014	-0.00015789641353464105
0.3167832758688303	-0.00015787383596075494
0.32478327586883055	-0.00015785074367582704
0.3327832758688307	-0.000157827119750243
0.3407832758688309	-0.00015780294653293842
0.3487832758688311	-0.00015777820561304576
0.3567832758688313	-0.00015775287778012188
0.3647832758688315	-0.00015772694298050544
0.3727832758688317	-0.0001577003802723212
0.38078327586883187	-0.00015767316777641125
0.3887832758688321	-0.00015764528262469607
0.3967832758688323	-0.00015761670090486287
0.40478327586883245	-0.00015758739760154177
0.4127832758688327	-0.0001575573465332034
0.42078327586883285	-0.00015752652028500077
0.4287832758688331	-0.00015749489013703919
0.43678327586883325	-0.0001574624259872689
0.4447832758688334	-0.00015742909626941757
0.45278327586883366	-0.00015739486786439977
0.46078327586883383	-0.00015735970600618115
0.468783275868834	-0.00015732357417978538
0.47678327586883423	-0.00015728643401271384
0.4847832758688344	-0.00015724824515734017
0.49278327586883464	-0.00015720896516502512
0.5007832758688348	-0.0001571685493500379
0.508783275868835	-0.0001571269506433493
0.5167832758688352	-0.0001570841194343427
0.5247832758688354	-0.000157040003400376
0.5327832758688356	-0.0001569945473219932
0.5407832758688358	-0.00015694769288310614
0.548783275868836	-0.00015689937845441985
0.5567832758688361	-0.00015684953885854392
0.5647832758688364	-0.00015679810511433543
0.5727832758688366	-0.0001567450041592873
0.5807832758688367	-0.00015669015854677458
0.5887832758688369	-0.00015663348611548935
0.5967832758688372	-0.0001565748996287245
0.6047832758688373	-0.00015651430637887874
0.6127832758688375	-0.00015645160775416242
0.6207832758688377	-0.00015638669876206276
0.6287832758688379	-0.00015631946750488412
0.6367832758688381	-0.00015624979460114076
0.6447832758688383	-0.0001561775525452658
0.6527832758688386	-0.0001561026049977771
0.6607832758688387	-0.00015602480599633995
0.6687832758688389	-0.00015594399907564377
0.6767832758688391	-0.00015586001628378944
0.6847832758688392	-0.00015577267707818696
0.6927832758688395	-0.00015568178708303567
0.7007832758688397	-0.00015558713668482966
0.7087832758688398	-0.0001554884994400592
0.71678327586884	-0.00015538563026107674
0.7247832758688403	-0.00015527826334201734
0.7327832758688404	-0.0001551661097754815
0.7407832758688406	-0.00015504885480257266
0.7487832758688409	-0.00015492615462467095
0.756783275868841	-0.0001547976326885212
0.7647832758688412	-0.00015466287533715973
0.7727832758688414	-0.0001545214266938041
0.7807832758688417	-0.00015437278261236885
0.7887832758688418	-0.00015421638349090463
0.796783275868842	-0.00015405160569306351
0.8047832758688422	-0.00015387775125964135
0.8127832758688424	-0.00015369403551462285
0.8207832758688426	-0.00015349957207110563
0.8287832758688428	-0.00015329335461623865
0.8367832758688429	-0.0001530742347013127
0.8447832758688432	-0.00015284089456268338
0.8527832758688434	-0.00015259181375517695
0.8607832758688435	-0.00015232522806958503
0.8687832758688437	-0.00015203907881579886
0.876783275868844	-0.0001517309500718816
0.8847832758688441	-0.00015139799089147163
0.8927832758688443	-0.00015103681871235017
0.9007832758688445	-0.0001506433992785986
0.9087832758688448	-0.00015021289724210154
0.9167832758688449	-0.00014973949020820185
0.9247832758688451	-0.00014921613728754993
0.9327832758688454	-0.00014863429117017402
0.9407832758688455	-0.00014798354031144933
0.9487832758688457	-0.00014725116498828046
0.9567832758688462	-0.0001464215877589088
0.9647832758688463	-0.0001454756952934917
0.9727832758688465	-0.0001443900047916708
0.9807832758688467	-0.0001431356445292958
0.9887832758688468	-0.00014167711496784112
0.9967832758688471	-0.000139970795056794
1.0047832758688473	-0.00013796315899484797
1.0127832758688475	-0.0001355886734037929
1.0207832758688478	-0.00013276735578602954
1.0287832758688478	-0.00012940199505827538
1.036783275868848	-0.000125375067110361
1.0447832758688482	-0.00012054542602751504
1.0527832758688485	-0.00011474491737396058
1.0607832758688487	-0.00010777514418141391
1.068783275868849	-9.940471530803728e-5
1.076783275868849	-8.936740948300761e-5
1.0847832758688492	-7.73617779822615e-5
1.0927832758688494	-6.305275698052185e-5
1.1007832758688496	-4.60758337390073e-5
1.1087832758688498	-2.6044177403664208e-5
1.11678327586885	-2.5588884029779875e-6
1.1247832758688503	2.4777847572222086e-5
1.1327832758688503	5.634734330879911e-5
1.1407832758688505	9.249777589043051e-5
1.1487832758688508	0.00013352765334121802
1.156783275868851	0.0001796707655193265
1.1647832758688512	0.00023108382931543784
1.1727832758688514	0.0002878376690222631
1.1795874569016382	0.0003402985234789013
1.186391637934426	0.00039654570886180085
1.1931958189672127	0.0004564669676155483
1.1965979094836063	0.00048775739734814485
1.1982989547418035	0.0005037254534039485
1.1999999999999997	0.0005199049380648521
