0.005999999999999712	-0.00015608761080610506
0.012179999999999873	-0.00015602582905313166
0.01854539999999994	-0.00015596193638621266
0.025101761999999805	-0.00015589558206049187
0.031854814860000004	-0.00015582665072606767
0.03881045930580001	-0.00015575502037879746
0.045974773084974135	-0.00015568056164606914
0.053354016277523196	-0.00015560313721157645
0.060954636765848814	-0.00015552260118738065
0.06878327586882431	-0.00015543879842550395
0.0767832758688245	-0.00015535225087310754
0.0847832758688247	-0.0001552647606668972
0.09278327586882489	-0.00015517632091609985
0.10078327586882509	-0.00015508691485166285
0.10878327586882527	-0.00015499652529479225
0.11678327586882548	-0.00015490513464919985
0.12478327586882566	-0.00015481272488586351
0.13278327586882585	-0.00015471927752726614
0.14078327586882605	-0.00015462477363139022
0.14878327586882625	-0.000154529193774842
0.15678327586882645	-0.00015443251803560573
0.16478327586882663	-0.0001543347259756234
0.17278327586882683	-0.0001542357966213019
0.18078327586882703	-0.00015413570844510335
0.18878327586882723	-0.00015403443934498487
0.1967832758688274	-0.00015393196662353265
0.2047832758688276	-0.00015382826696623997
0.2127832758688278	-0.00015372331641869662
0.220783275868828	-0.00015361709036267453
0.22878327586882818	-0.0001535095634915981
0.23678327586882839	-0.00015340070978437793
0.2447832758688286	-0.000153290502478291
0.25278327586882876	-0.00015317891404086707
0.260783275868829	-0.00015306591613970612
0.26878327586882916	-0.00015295147961181068
0.27678327586882934	-0.000152835574430771
0.28478327586882957	-0.00015271816967265454
0.29278327586882974	-0.00015259923348010215
0.30078327586882997	-0.00015247873302481579
0.30878327586883014	-0.00015235663446801773
0.3167832758688303	-0.00015223290291880106
0.32478327586883055	-0.00015210750239105496
0.3327832758688307	-0.0001519803957568783
0.3407832758688309	-0.00015185154469875872
0.3487832758688311	-0.00015172090965866812
0.3567832758688313	-0.00015158844978449434
0.3647832758688315	-0.0001514541228734796
0.3727832758688317	-0.0001513178853126776
0.38078327586883187	-0.00015117969201588867
0.3887832758688321	-0.00015103949635715406
0.3967832758688323	-0.00015089725010028533
0.40478327586883245	-0.00015075290332428856
0.4127832758688327	-0.00015060640434403798
0.42078327586883285	-0.00015045769962638748
0.4287832758688331	-0.0001503067337009752
0.43678327586883325	-0.0001501534490649353
0.4447832758688334	-0.0001499977860816925
0.45278327586883366	-0.00014983968287280051
0.46078327586883383	-0.00014967907520174923
0.468783275868834	-0.000149515896350807
0.47678327586883423	-0.0001493500769867794
0.4847832758688344	-0.0001491815450185034
0.49278327586883464	-0.00014901022544149328
0.5007832758688348	-0.00014883604017099314
0.508783275868835	-0.00014865890786055404
0.5167832758688352	-0.00014847874370424953
0.5247832758688354	-0.00014829545922124345
0.5327832758688356	-0.00014810896201960462
0.5407832758688358	-0.00014791915553697882
0.548783275868836	-0.00014772593875365969
0.5567832758688361	-0.00014752920587570567
0.5647832758688364	-0.00014732884598093527
0.5727832758688366	-0.00014712474262491365
0.5807832758688367	-0.00014691677339699052
0.5887832758688369	-0.00014670480942057388
0.5967832758688372	-0.0001464887147865862
0.6047832758688373	-0.00014626834590778518
0.6127832758688375	-0.00014604355078118644
0.6207832758688377	-0.00014581416813968064
0.6287832758688379	-0.0001455800264725347
0.6367832758688381	-0.00014534094289009046
0.6447832758688383	-0.00014509672180064927
0.6527832758688386	-0.00014484715336410443
0.6607832758688387	-0.00014459201167589552
0.6687832758688389	-0.00014433105262674927
0.6767832758688391	-0.00014406401137290921
0.6847832758688392	-0.00014379059933396392
0.6927832758688395	-0.00014351050062107288
0.7007832758688397	-0.00014322336777549966
0.7087832758688398	-0.0001429288166702771
0.71678327586884	-0.00014262642039782975
0.7247832758688403	-0.00014231570192659802
0.7327832758688404	-0.000141996125259219
0.7407832758688406	-0.00014166708477338753
0.7487832758688409	-0.00014132789234688314
0.756783275868841	-0.0001409777617894717
0.7647832758688412	-0.00014061578999373706
0.7727832758688414	-0.00014024093409179287
0.7807832758688417	-0.0001398519837452864
0.7887832758688418	-0.00013944752751010982
0.796783275868842	-0.0001390259119825087
0.8047832758688422	-0.000138585192157282
0.8127832758688424	-0.0001381230710858666
0.8207832758688426	-0.0001376368265189868
0.8287832758688428	-0.00013712322171952824
0.8367832758688429	-0.00013657839704473313
0.8447832758688432	-0.00013599773818651154
0.8527832758688434	-0.00013537571611570558
0.8607832758688435	-0.00013470569277913895
0.8687832758688437	-0.00013397968542390998
0.876783275868844	-0.00013318808105651674
0.8847832758688441	-0.00013231929096496617
0.8927832758688443	-0.00013135933344004882
0.9007832758688445	-0.00013029133081790623
0.9087832758688448	-0.00012909490476508358
0.9167832758688449	-0.00012774545137519857
0.9247832758688451	-0.00012621327522869535
0.9327832758688454	-0.00012446255921561483
0.9407832758688455	-0.00012245014482961368
0.9487832758688457	-0.0001201240960887813
0.9567832758688462	-0.00011742201963264623
0.9647832758688463	-0.0001142691144262631
0.9727832758688465	-0.00011057592761253437
0.9807832758688467	-0.0001062357993586481
0.9887832758688468	-0.00010112199022309366
0.9967832758688471	-9.508450102822757e-5
1.0047832758688473	-8.794661895258367e-5
1.0127832758688475	-7.950125595095867e-5
1.0207832758688478	-6.950718766461563e-5
1.0287832758688478	-5.7685352763038704e-5
1.036783275868848	-4.37154327037482e-5
1.0447832758688482	-2.7232996397863024e-5
1.0527832758688485	-7.827556268050909e-6
1.0607832758688487	1.495806910590783e-5
1.068783275868849	4.162666988137444e-5
1.076783275868849	7.272344680208894e-5
1.0847832758688492	0.00010883039955695909
1.0927832758688494	0.00015055817208393807
1.1007832758688496	0.00019853548400491293
1.1087832758688498	0.00025339661544130255
1.11678327586885	0.00031576779860120047
1.1247832758688503	0.00038625374481966566
1.1327832758688503	0.00046542581302136496
1.1407832758688505	0.0005538133971407427
1.1487832758688508	0.0006518998681851304
1.156783275868851	0.0007601237817644469
1.1647832758688512	0.0008788850766365426
1.1727832758688514	0.0010085548111723572
1.1795874569016382	0.0011276904386719987
1.186391637934426	0.0012551843343577686
1.1931958189672127	0.0013912450181954215
1.1965979094836063	0.0014625512099839069
1.1982989547418035	0.001499034572815504
1.1999999999999997	0.0015360762399995033
