0.005999999999999712	-0.00016516497080805954
0.012179999999999873	-0.00016514236732864828
0.01854539999999994	-0.0001651191630258842
0.025101761999999805	-0.00016509498081207513
0.031854814860000004	-0.00016506976849279712
0.03881045930580001	-0.00016504347075427955
0.045974773084974135	-0.00016501602845927637
0.053354016277523196	-0.00016498737831000071
0.060954636765848814	-0.0001649574524762045
0.06878327586882431	-0.00016492617818382636
0.0767832758688245	-0.00016489373411976768
0.0847832758688247	-0.00016486078418328763
0.09278327586882489	-0.00016482732444771686
0.10078327586882509	-0.00016479334352619384
0.10878327586882527	-0.00016475882969285114
0.11678327586882548	-0.00016472377087732497
0.12478327586882566	-0.0001646881546518692
0.13278327586882585	-0.00016465196821709085
0.14078327586882605	-0.00016461519838759315
0.14878327586882625	-0.000164577831576899
0.15678327586882645	-0.00016453985378178575
0.16478327586882663	-0.0001645012505658185
0.17278327586882683	-0.00016446200704229823
0.18078327586882703	-0.0001644221078562525
0.18878327586882723	-0.00016438153716590422
0.1967832758688274	-0.00016434027862286476
0.2047832758688276	-0.00016429831535167018
0.2127832758688278	-0.00016425562992841103
0.220783275868828	-0.00016421220435803785
0.22878327586882818	-0.00016416802005076448
0.23678327586882839	-0.00016412305779725834
0.2447832758688286	-0.0001640772977427077
0.25278327586882876	-0.00016403071935930255
0.260783275868829	-0.00016398330141759396
0.26878327586882916	-0.00016393502195627673
0.27678327586882934	-0.0001638858582504469
0.28478327586882957	-0.0001638357867780813
0.29278327586882974	-0.00016378478318490548
0.30078327586882997	-0.00016373282224727524
0.30878327586883014	-0.00016367987783308835
0.3167832758688303	-0.00016362592286074454
0.32478327586883055	-0.00016357092925541422
0.3327832758688307	-0.0001635148679034805
0.3407832758688309	-0.00016345770860381705
0.3487832758688311	-0.00016339942001676944
0.3567832758688313	-0.0001633399696100635
0.3647832758688315	-0.00016327932360152481
0.3727832758688317	-0.00016321744689854576
0.38078327586883187	-0.00016315430303395165
0.3887832758688321	-0.0001630898540980816
0.3967832758688323	-0.00016302406066658783
0.40478327586883245	-0.0001629568817241888
0.4127832758688327	-0.0001628882745833871
0.42078327586883285	-0.00016281819479828776
0.4287832758688331	-0.00016274659607304955
0.43678327586883325	-0.00016267343016409405
0.4447832758688334	-0.00016259864677667743
0.45278327586883366	-0.00016252219345401175
0.46078327586883383	-0.00016244401545939305
0.468783275868834	-0.0001623640556504275
0.47678327586883423	-0.00016228225434448593
0.4847832758688344	-0.0001621985491750836
0.49278327586883464	-0.00016211287493795491
0.5007832758688348	-0.0001620251634264236
0.508783275868835	-0.00016193534325458943
0.5167832758688352	-0.00016184333966801564
0.5247832758688354	-0.00016174907433944263
0.5327832758688356	-0.00016165246514979894
0.5407832758688358	-0.00016155342595167957
0.548783275868836	-0.00016145186631444668
0.5567832758688361	-0.00016134769124851519
0.5647832758688364	-0.00016124080090696165
0.5727832758688366	-0.00016113109026211323
0.5807832758688367	-0.00016101844875424318
0.5887832758688369	-0.0001609027599084083
0.5967832758688372	-0.00016078390091769492
0.6047832758688373	-0.00016066174218643355
0.6127832758688375	-0.00016053614682978075
0.6207832758688377	-0.00016040697012367655
0.6287832758688379	-0.00016027405889821757
0.6367832758688381	-0.000160137250867109
0.6447832758688383	-0.00015999637388248674
0.6527832758688386	-0.0001598512451063115
0.6607832758688387	-0.0001597016700823774
0.6687832758688389	-0.00015954744169548605
0.6767832758688391	-0.00015938833899693187
0.6847832758688392	-0.0001592241258744283
0.6927832758688395	-0.0001590545495379941
0.7007832758688397	-0.00015887933878769433
0.7087832758688398	-0.00015869820202243522
0.71678327586884	-0.00015851082493872467
0.7247832758688403	-0.00015831686785644375
0.7327832758688404	-0.00015811596259674782
0.7407832758688406	-0.0001579077088157448
0.7487832758688409	-0.0001576916696779955
0.756783275868841	-0.00015746736672470432
0.7647832758688412	-0.00015723427375673933
0.7727832758688414	-0.00015699180950974373
0.7807832758688417	-0.00015673932884163687
0.7887832758688418	-0.00015647611208703552
0.796783275868842	-0.00015620135214533545
0.8047832758688422	-0.0001559141387619256
0.8127832758688424	-0.00015561343932810596
0.8207832758688426	-0.0001552980753541961
0.8287832758688428	-0.00015496669356162578
0.8367832758688429	-0.00015461773027243284
0.8447832758688432	-0.0001542493674455696
0.8527832758688434	-0.00015385947829514303
0.8607832758688435	-0.00015344555991298153
0.8687832758688437	-0.0001530046496748451
0.876783275868844	-0.0001525332214204597
0.8847832758688441	-0.00015202705641412803
0.8927832758688443	-0.00015148108288974213
0.9007832758688445	-0.00015088917650812569
0.9087832758688448	-0.0001502439122664088
0.9167832758688449	-0.00014953625624094304
0.9247832758688451	-0.0001487551829777041
0.9327832758688454	-0.0001478872013273955
0.9407832758688455	-0.0001469157680392813
0.9487832758688457	-0.0001458205645043367
0.9567832758688462	-0.00014457660775474388
0.9647832758688463	-0.00014315316237149028
0.9727832758688465	-0.0001415124156463517
0.9807832758688467	-0.00013960787472204098
0.9887832758688468	-0.00013738244232079216
0.9967832758688471	-0.0001347661282371761
1.0047832758688473	-0.000131673358692503
1.0127832758688475	-0.00012799985710547075
1.0207832758688478	-0.00012361909059184996
1.0287832758688478	-0.00011837830976580434
1.036783275868848	-0.00011209425849432103
1.0447832758688482	-0.00010454869790321881
1.0527832758688485	-9.548397616984372e-5
1.0607832758688487	-8.459898010662211e-5
1.068783275868849	-7.154591842685076e-5
1.076783275868849	-5.592849466850259e-5
1.0847832758688492	-3.730210631036496e-5
1.0927832758688494	-1.5176724663066384e-5
1.1007832758688496	1.0976965874001139e-5
1.1087832758688498	4.171778760247482e-5
1.11678327586885	7.762059297961217e-5
1.1247832758688503	0.00011925946916296209
1.1327832758688503	0.00016718848121620054
1.1407832758688505	0.00022192124904348866
1.1487832758688508	0.00028391094732541387
1.156783275868851	0.0003535323871607378
1.1647832758688512	0.00043106764927733295
1.1727832758688514	0.000516696321122611
1.1795874569016382	0.0005959517174858864
1.186391637934426	0.0006811001171743241
1.1931958189672127	0.0007720705482968284
1.1965979094836063	0.0008197022872467328
1.1982989547418035	0.0008440470867801687
1.1999999999999997	0.0008687415603135911
