0.005999999999999712	-0.0001557507931358714
0.012179999999999873	-0.00015574299635923074
0.01854539999999994	-0.00015573533873071676
0.025101761999999805	-0.00015572734749850332
0.031854814860000004	-0.00015571900315015832
0.03881045930580001	-0.00015571028561515757
0.045974773084974135	-0.000155701173340589
0.053354016277523196	-0.00015569164314863524
0.060954636765848814	-0.0001556816700799891
0.06878327586882431	-0.00015567122721951728
0.0767832758688245	-0.0001556603702557531
0.0847832758688247	-0.0001556493171265933
0.09278327586882489	-0.00015563806879884674
0.10078327586882509	-0.00015562662013643457
0.10878327586882527	-0.00015561496582124104
0.11678327586882548	-0.0001556031003553004
0.12478327586882566	-0.00015559101805279454
0.13278327586882585	-0.0001555787130319469
0.14078327586882605	-0.00015556617920664862
0.14878327586882625	-0.00015555341027717495
0.15678327586882645	-0.00015554039972089166
0.16478327586882663	-0.00015552714078244996
0.17278327586882683	-0.00015551362646340115
0.18078327586882703	-0.00015549984951130413
0.18878327586882723	-0.0001554858024082937
0.1967832758688274	-0.000155471477358924
0.2047832758688276	-0.00015545686627762962
0.2127832758688278	-0.00015544196077524138
0.220783275868828	-0.00015542675214492212
0.22878327586882818	-0.00015541123134730621
0.23678327586882839	-0.00015539538899478244
0.2447832758688286	-0.00015537921533485482
0.25278327586882876	-0.00015536270023286733
0.260783275868829	-0.00015534583315319838
0.26878327586882916	-0.00015532860313989994
0.27678327586882934	-0.00015531099879596637
0.28478327586882957	-0.00015529300826133972
0.29278327586882974	-0.00015527461918977823
0.30078327586882997	-0.00015525581872424907
0.30878327586883014	-0.0001552365934708543
0.3167832758688303	-0.0001552169294712297
0.32478327586883055	-0.00015519681217301251
0.3327832758688307	-0.0001551762263988608
0.3407832758688309	-0.0001551551563132686
0.3487832758688311	-0.00015513358538728054
0.3567832758688313	-0.00015511149636110203
0.3647832758688315	-0.0001550888712041836
0.3727832758688317	-0.00015506569107265566
0.38078327586883187	-0.00015504193626414756
0.3887832758688321	-0.0001550175861695119
0.3967832758688323	-0.00015499261922113567
0.40478327586883245	-0.00015496701283793587
0.4127832758688327	-0.00015494074336665152
0.42078327586883285	-0.00015491378601871172
0.4287832758688331	-0.00015488611480304502
0.43678327586883325	-0.00015485770245388632
0.4447832758688334	-0.00015482852035352996
0.45278327586883366	-0.0001547985384492816
0.46078327586883383	-0.0001547677251645262
0.468783275868834	-0.00015473604730309562
0.47678327586883423	-0.00015470346994631235
0.4847832758688344	-0.00015466995634234718
0.49278327586883464	-0.00015463546778697224
0.5007832758688348	-0.00015459996349504894
0.508783275868835	-0.00015456340046153758
0.5167832758688352	-0.00015452573331181066
0.5247832758688354	-0.00015448691413951887
0.5327832758688356	-0.00015444689233095804
0.5407832758688358	-0.00015440561437492158
0.548783275868836	-0.00015436302365630416
0.5567832758688361	-0.0001543190602320522
0.5647832758688364	-0.00015427366058700035
0.5727832758688366	-0.00015422675736853834
0.5807832758688367	-0.00015417827909676755
0.5887832758688369	-0.00015412814984821347
0.5967832758688372	-0.0001540762889092939
0.6047832758688373	-0.0001540226103975704
0.6127832758688375	-0.000153967022844693
0.6207832758688377	-0.00015390942873907016
0.6287832758688379	-0.00015384972402070757
0.6367832758688381	-0.0001537877975243983
0.6447832758688383	-0.0001537235303626963
0.6527832758688386	-0.0001536567952419356
0.6607832758688387	-0.00015358745570121654
0.6687832758688389	-0.00015351536526358642
0.6767832758688391	-0.00015344036648691546
0.6847832758688392	-0.00015336228989846796
0.6927832758688395	-0.00015328095279618052
0.7007832758688397	-0.00015319615789382364
0.7087832758688398	-0.00015310769178516283
0.71678327586884	-0.00015301532319592984
0.7247832758688403	-0.000152918800985423
0.7327832758688404	-0.00015281785185309799
0.7407832758688406	-0.00015271217769441316
0.7487832758688409	-0.0001526014525382598
0.756783275868841	-0.0001524853189832562
0.7647832758688412	-0.00015236338403152032
0.7727832758688414	-0.00015223521419334903
0.7807832758688417	-0.0001521003297090432
0.7887832758688418	-0.0001519581976939364
0.796783275868842	-0.00015180822396925272
0.8047832758688422	-0.0001516497432793867
0.8127832758688424	-0.00015148200752649715
0.8207832758688426	-0.00015130417155714582
0.8287832758688428	-0.0001511152759225972
0.8367832758688429	-0.00015091422588583108
0.8447832758688432	-0.00015069976576654305
0.8527832758688434	-0.00015047044748388685
0.8607832758688435	-0.0001502245918676474
0.8687832758688437	-0.0001499602409461187
0.876783275868844	-0.00014967509896595175
0.8847832758688441	-0.00014936645933389474
0.8927832758688443	-0.00014903111396815505
0.9007832758688445	-0.00014866524067660395
0.9087832758688448	-0.00014826426310765204
0.9167832758688449	-0.00014782267650656575
0.9247832758688451	-0.00014733383091762356
0.9327832758688454	-0.0001467896615534201
0.9407832758688455	-0.00014618035378002368
0.9487832758688457	-0.0001454939275095835
0.9567832758688462	-0.00014471572276270088
0.9647832758688463	-0.00014382776481486142
0.9727832758688465	-0.0001428079838064598
0.9807832758688467	-0.00014162926023908676
0.9887832758688468	-0.0001402582648435551
0.9967832758688471	-0.00013865405959998298
1.0047832758688473	-0.00013676642728861147
1.0127832758688475	-0.0001345339013841558
1.0207832758688478	-0.00013188147846768735
1.0287832758688478	-0.0001287180142726942
1.036783275868848	-0.0001249333351199612
1.0447832758688482	-0.0001203951420333986
1.0527832758688485	-0.00011494584773702677
1.0607832758688487	-0.00010839956747108467
1.068783275868849	-0.0001005395795901425
1.076783275868849	-9.111667143069182e-5
1.0847832758688492	-7.984887188871215e-5
1.0927832758688494	-6.642311779606032e-5
1.1007832758688496	-5.0499374039848545e-5
1.1087832758688498	-3.171759696009455e-5
1.11678327586885	-9.70768093657359e-6
1.1247832758688503	1.5897827977633985e-5
1.1327832758688503	4.5448879359011466e-5
1.1407832758688505	7.92619374920358e-5
1.1487832758688508	0.00011760413925947729
1.156783275868851	0.00016067891092047954
1.1647832758688512	0.00020861419144133604
1.1727832758688514	0.0002614540585019245
1.1795874569016382	0.00031022440863709124
1.186391637934426	0.0003624342322428701
1.1931958189672127	0.0004179590999819579
1.1965979094836063	0.0004469133709904512
1.1982989547418035	0.00046167828966065644
1.1999999999999997	0.0004766310127570254
