0.005999999999999712	-0.00016133266795010525
0.012179999999999873	-0.00016128752292999534
0.01854539999999994	-0.0001612408760700785
0.025101761999999805	-0.00016119237175679822
0.031854814860000004	-0.00016114191873837757
0.03881045930580001	-0.00016108942032538257
0.045974773084974135	-0.00016103477368496663
0.053354016277523196	-0.00016097786933957434
0.060954636765848814	-0.00016091859061713402
0.06878327586882431	-0.0001608568130468379
0.0767832758688245	-0.00016079291088250523
0.0847832758688247	-0.0001607282076636139
0.09278327586882489	-0.00016066269681797683
0.10078327586882509	-0.00016059636287846593
0.10878327586882527	-0.0001605291899724612
0.11678327586882548	-0.00016046116181468202
0.12478327586882566	-0.00016039226169157968
0.13278327586882585	-0.0001603224724459405
0.14078327586882605	-0.00016025177646011857
0.14878327586882625	-0.00016018015563965576
0.15678327586882645	-0.00016010759139527706
0.16478327586882663	-0.00016003406462479058
0.17278327586882683	-0.0001599595556943224
0.18078327586882703	-0.0001598840444183452
0.18878327586882723	-0.000159807510039054
0.1967832758688274	-0.00015972993120512636
0.2047832758688276	-0.00015965128594910046
0.2127832758688278	-0.00015957155166388822
0.220783275868828	-0.00015949070507853351
0.22878327586882818	-0.00015940872223235597
0.23678327586882839	-0.00015932557844846478
0.2447832758688286	-0.00015924124830546244
0.25278327586882876	-0.00015915570560808874
0.260783275868829	-0.00015906892335685018
0.26878327586882916	-0.00015898087371517055
0.27678327586882934	-0.00015889152797613125
0.28478327586882957	-0.0001588008565267918
0.29278327586882974	-0.0001587088288109363
0.30078327586882997	-0.0001586154132900309
0.30878327586883014	-0.00015852057740211445
0.3167832758688303	-0.0001584242875186677
0.32478327586883055	-0.00015832650889909894
0.3327832758688307	-0.00015822720564308165
0.3407832758688309	-0.00015812634064018042
0.3487832758688311	-0.0001580238755167611
0.3567832758688313	-0.00015791977058019434
0.3647832758688315	-0.00015781398475977248
0.3727832758688317	-0.00015770647554488412
0.38078327586883187	-0.00015759719891880652
0.3887832758688321	-0.00015748610928953085
0.3967832758688323	-0.00015737315941635315
0.40478327586883245	-0.00015725830033223748
0.4127832758688327	-0.0001571414812613229
0.42078327586883285	-0.00015702264953181436
0.4287832758688331	-0.0001569017504835504
0.43678327586883325	-0.0001567787273696982
0.4447832758688334	-0.0001566535212521921
0.45278327586883366	-0.00015652607089109368
0.46078327586883383	-0.00015639631262614735
0.468783275868834	-0.00015626418025056684
0.47678327586883423	-0.00015612960487687623
0.4847832758688344	-0.00015599251479287899
0.49278327586883464	-0.00015585283530801958
0.5007832758688348	-0.00015571048858840943
0.508783275868835	-0.0001555653934799666
0.5167832758688352	-0.00015541746531806317
0.5247832758688354	-0.00015526661572268878
0.5327832758688356	-0.00015511275237689316
0.5407832758688358	-0.000154955778787815
0.548783275868836	-0.00015479559402676826
0.5567832758688361	-0.00015463209244700397
0.5647832758688364	-0.00015446516337600018
0.5727832758688366	-0.00015429469077889225
0.5807832758688367	-0.0001541205528888613
0.5887832758688369	-0.00015394262180041865
0.5967832758688372	-0.00015376076301974623
0.6047832758688373	-0.0001535748349656471
0.6127832758688375	-0.00015338468841321446
0.6207832758688377	-0.0001531901658713445
0.6287832758688379	-0.00015299110088152728
0.6367832758688381	-0.00015278731722668645
0.6447832758688383	-0.00015257862803107411
0.6527832758688386	-0.00015236483473350863
0.6607832758688387	-0.00015214572590796076
0.6687832758688389	-0.00015192107590349165
0.6767832758688391	-0.00015169064326653583
0.6847832758688392	-0.00015145416890183935
0.6927832758688395	-0.00015121137391780414
0.7007832758688397	-0.0001509619570901545
0.7087832758688398	-0.0001507055918620439
0.71678327586884	-0.00015044192278054248
0.7247832758688403	-0.00015017056124529843
0.7327832758688404	-0.0001498910804170837
0.7407832758688406	-0.0001496030090983089
0.7487832758688409	-0.00014930582435168966
0.756783275868841	-0.0001489989425709316
0.7647832758688412	-0.00014868170864696843
0.7727832758688414	-0.00014835338278997484
0.7807832758688417	-0.00014801312446435119
0.7887832758688418	-0.00014765997276120534
0.796783275868842	-0.00014729282237720405
0.8047832758688422	-0.00014691039416828058
0.8127832758688424	-0.00014651119900287052
0.8207832758688426	-0.00014609349333872463
0.8287832758688428	-0.00014565522457670477
0.8367832758688429	-0.0001451939637855617
0.8447832758688432	-0.0001447068228364094
0.8527832758688434	-0.00014419035229586575
0.8607832758688435	-0.0001436404155957573
0.8687832758688437	-0.00014305203397922334
0.876783275868844	-0.0001424191955040783
0.8847832758688441	-0.00014173461991124242
0.8927832758688443	-0.0001409894694207414
0.9007832758688445	-0.0001401729934552126
0.9087832758688448	-0.00013927209289326
0.9167832758688449	-0.00013827078669951802
0.9247832758688451	-0.00013714956068206207
0.9327832758688454	-0.00013588457472896794
0.9407832758688455	-0.00013444670126754691
0.9487832758688457	-0.00013280036404809083
0.9567832758688462	-0.00013090214295066884
0.9647832758688463	-0.00012869910776257628
0.9727832758688465	-0.0001261268423947142
0.9807832758688467	-0.0001231071216563763
0.9887832758688468	-0.0001195452066630886
0.9967832758688471	-0.00011532673376471206
1.0047832758688473	-0.00011031418747856265
1.0127832758688475	-0.00010434297255954922
1.0207832758688478	-9.72171364437429e-5
1.0287832758688478	-8.870484302452795e-5
1.036783275868848	-7.85337633574975e-5
1.0447832758688482	-6.63866279147765e-5
1.0527832758688485	-5.189727491667003e-5
1.0607832758688487	-3.4647622255057264e-5
1.068783275868849	-1.416607342716773e-5
1.076783275868849	1.0072078065603489e-5
1.0847832758688492	3.8641679423903306e-5
1.0927832758688494	7.216169213240368e-5
1.1007832758688496	0.00011128578566587648
1.1087832758688498	0.0001566894995832427
1.11678327586885	0.00020905428048667612
1.1247832758688503	0.000269049106158909
1.1327832758688503	0.0003373107996590172
1.1407832758688505	0.0004144244350329348
1.1487832758688508	0.0005009053716665905
1.156783275868851	0.0005971843787638215
1.1647832758688512	0.0007035970180693312
1.1727832758688514	0.0008203779810090921
1.1795874569016382	0.0009279647535655921
1.186391637934426	0.001043176573284092
1.1931958189672127	0.0011659914320103465
1.1965979094836063	0.0012302306210438313
1.1982989547418035	0.0012630537405389775
1.1999999999999997	0.0012963442901497424
