0.005999999999999712	0.00015664531645849574
0.012179999999999873	0.00015664531645849574
0.01854539999999994	0.00015664531645849574
0.025101761999999805	0.00015664531645849574
0.031854814860000004	0.00015664531645849574
0.03881045930580001	0.00015664531645849574
0.045974773084974135	0.00015664531645849574
0.053354016277523196	0.00015664531645849574
0.060954636765848814	0.00015664531645849574
0.06878327586882431	0.00015664531645849574
0.0767832758688245	0.00015664531645849574
0.0847832758688247	0.00015664531645849574
0.09278327586882489	0.00015664531645849574
0.10078327586882509	0.00015664531645849574
0.10878327586882527	0.00015664531645849574
0.11678327586882548	0.00015664531645849574
0.12478327586882566	0.00015664531645849574
0.13278327586882585	0.00015664531645849574
0.14078327586882605	0.00015664531645849574
0.14878327586882625	0.00015664531645849574
0.15678327586882645	0.00015664531645849574
0.16478327586882663	0.00015664531645849574
0.17278327586882683	0.00015664531645849574
0.18078327586882703	0.00015664531645849574
0.18878327586882723	0.00015664531645849574
0.1967832758688274	0.00015664531645849574
0.2047832758688276	0.00015664531645849574
0.2127832758688278	0.00015664531645849574
0.220783275868828	0.00015664531645849574
0.22878327586882818	0.00015664531645849574
0.23678327586882839	0.00015664531645849574
0.2447832758688286	0.00015664531645849574
0.25278327586882876	0.00015664531645849574
0.260783275868829	0.00015664531645849574
0.26878327586882916	0.00015664531645849574
0.27678327586882934	0.00015664531645849574
0.28478327586882957	0.00015664531645849574
0.29278327586882974	0.00015664531645849574
0.30078327586882997	0.00015664531645849574
0.30878327586883014	0.00015664531645849574
0.3167832758688303	0.00015664531645849574
0.32478327586883055	0.00015664531645849574
0.3327832758688307	0.00015664531645849574
0.3407832758688309	0.00015664531645849574
0.3487832758688311	0.00015664531645849574
0.3567832758688313	0.00015664531645849574
0.3647832758688315	0.00015664531645849574
0.3727832758688317	0.00015664531645849574
0.38078327586883187	0.00015664531645849574
0.3887832758688321	0.00015664531645849574
0.3967832758688323	0.00015664531645849574
0.40478327586883245	0.00015664531645849574
0.4127832758688327	0.00015664531645849574
0.42078327586883285	0.00015664531645849574
0.4287832758688331	0.00015664531645849574
0.43678327586883325	0.00015664531645849574
0.4447832758688334	0.00015664531645849574
0.45278327586883366	0.00015664531645849574
0.46078327586883383	0.00015664531645849574
0.468783275868834	0.00015664531645849574
0.47678327586883423	0.00015664531645849574
0.4847832758688344	0.00015664531645849574
0.49278327586883464	0.00015664531645849574
0.5007832758688348	0.00015664531645849574
0.508783275868835	0.00015664531645849574
0.5167832758688352	0.00015664531645849574
0.5247832758688354	0.00015664531645849574
0.5327832758688356	0.00015664531645849574
0.5407832758688358	0.00015664531645849574
0.548783275868836	0.00015664531645849574
0.5567832758688361	0.00015664531645849574
0.5647832758688364	0.00015664531645849574
0.5727832758688366	0.00015664531645849574
0.5807832758688367	0.00015664531645849574
0.5887832758688369	0.00015664531645849574
0.5967832758688372	0.00015664531645849574
0.6047832758688373	0.00015664531645849574
0.6127832758688375	0.00015664531645849574
0.6207832758688377	0.00015664531645849574
0.6287832758688379	0.00015664531645849574
0.6367832758688381	0.00015664531645849574
0.6447832758688383	0.00015664531645849574
0.6527832758688386	0.00015664531645849574
0.6607832758688387	0.00015664531645849574
0.6687832758688389	0.00015664531645849574
0.6767832758688391	0.00015664531645849574
0.6847832758688392	0.00015664531645849574
0.6927832758688395	0.00015664531645849574
0.7007832758688397	0.00015664531645849574
0.7087832758688398	0.00015664531645849574
0.71678327586884	0.00015664531645849574
0.7247832758688403	0.00015664531645849574
0.7327832758688404	0.00015664531645849574
0.7407832758688406	0.00015664531645849574
0.7487832758688409	0.00015664531645849574
0.756783275868841	0.00015664531645849574
0.7647832758688412	0.00015664531645849574
0.7727832758688414	0.00015664531645849574
0.7807832758688417	0.00015664531645849574
0.7887832758688418	0.00015664531645849574
0.796783275868842	0.00015664531645849574
0.8047832758688422	0.00015664531645849574
0.8127832758688424	0.00015664531645849574
0.8207832758688426	0.00015664531645849574
0.8287832758688428	0.00015664531645849574
0.8367832758688429	0.00015664531645849574
0.8447832758688432	0.00015664531645849574
0.8527832758688434	0.00015664531645849574
0.8607832758688435	0.00015664531645849574
0.8687832758688437	0.00015664531645849574
0.876783275868844	0.00015664531645849574
0.8847832758688441	0.00015664531645849574
0.8927832758688443	0.00015664531645849574
0.9007832758688445	0.00015664531645849574
0.9087832758688448	0.00015664531645849574
0.9167832758688449	0.00015664531645849574
0.9247832758688451	0.00015664531645849574
0.9327832758688454	0.00015664531645849574
0.9407832758688455	0.00015664531645849574
0.9487832758688457	0.00015664531645849574
0.9567832758688462	0.00015664531645849574
0.9647832758688463	0.00015664531645849574
0.9727832758688465	0.00015664531645849574
0.9807832758688467	0.00015664531645849574
0.9887832758688468	0.00015664531645849574
0.9967832758688471	0.00015664531645849574
1.0047832758688473	0.00015664531645849574
1.0127832758688475	0.00015664531645849574
1.0207832758688478	0.00015664531645849574
1.0287832758688478	0.00015664531645849574
1.036783275868848	0.00015664531645849574
1.0447832758688482	0.00015664531645849574
1.0527832758688485	0.00015664531645849574
1.0607832758688487	0.00015664531645849574
1.068783275868849	0.00015664531645849574
1.076783275868849	0.00015664531645849574
1.0847832758688492	0.00015664531645849574
1.0927832758688494	0.00015664531645849574
1.1007832758688496	0.00015664531645849574
1.1087832758688498	0.00015664531645849574
1.11678327586885	0.00015664531645849574
1.1247832758688503	0.00015664531645849574
1.1327832758688503	0.00015664531645849574
1.1407832758688505	0.00015664531645849574
1.1487832758688508	0.00015664531645849574
1.156783275868851	0.00015664531645849574
1.1647832758688512	0.00015664531645849574
1.1727832758688514	0.00015664531645849574
1.1795874569016382	0.00015664531645849574
1.186391637934426	0.00015664531645849574
1.1931958189672127	0.00015664531645849574
1.1965979094836063	0.00015664531645849574
1.1982989547418035	0.00015664531645849574
1.1999999999999997	0.00015664531645849574
