0.005999999999999712	1.814695803982461e-8
0.012179999999999873	1.825969718323412e-8
0.01854539999999994	1.837698826354951e-8
0.025101761999999805	1.849905803541194e-8
0.031854814860000004	1.8626147732607516e-8
0.03881045930580001	1.875851415241428e-8
0.045974773084974135	1.8896430938222884e-8
0.053354016277523196	1.904018998578025e-8
0.060954636765848814	1.9190102989819383e-8
0.06878327586882431	1.9346503149055377e-8
0.0767832758688245	1.9508452995343295e-8
0.0847832758688247	1.9672594735213e-8
0.09278327586882489	1.983897213096467e-8
0.10078327586882509	2.000763008258164e-8
0.10878327586882527	2.0178614675827757e-8
0.11678327586882548	2.0351973225560858e-8
0.12478327586882566	2.052775432033515e-8
0.13278327586882585	2.0706007868473617e-8
0.14078327586882605	2.0886785145757705e-8
0.14878327586882625	2.1070138844889772e-8
0.15678327586882645	2.125612312685507e-8
0.16478327586882663	2.1444793674328996e-8
0.17278327586882683	2.163620774725731e-8
0.18078327586882703	2.1830424240746825e-8
0.18878327586882723	2.2027503745406683e-8
0.1967832758688274	2.22275086102833e-8
0.2047832758688276	2.2430503008536945e-8
0.2127832758688278	2.2636553006012765e-8
0.220783275868828	2.2845726632876926e-8
0.22878327586882818	2.305809395847532e-8
0.23678327586882839	2.3273727169612937e-8
0.2447832758688286	2.3492700652423403e-8
0.25278327586882876	2.371509107805121e-8
0.260783275868829	2.3940977492342296e-8
0.26878327586882916	2.4170441409785605e-8
0.27678327586882934	2.4403566911930503e-8
0.28478327586882957	2.4640440750551314e-8
0.29278327586882974	2.4881152455818375e-8
0.30078327586882997	2.5125794449777198e-8
0.30878327586883014	2.537446216543785e-8
0.3167832758688303	2.562725417180491e-8
0.32478327586883055	2.5884272305206223e-8
0.3327832758688307	2.6145621807290416e-8
0.3407832758688309	2.6411411470098024e-8
0.3487832758688311	2.6681753788637273e-8
0.3567832758688313	2.6956765121423773e-8
0.3647832758688315	2.7236565859479092e-8
0.3727832758688317	2.7521280604311387e-8
0.38078327586883187	2.781103835545388e-8
0.3887832758688321	2.810597270815999e-8
0.3967832758688323	2.8406222061912283e-8
0.40478327586883245	2.871192984045423e-8
0.4127832758688327	2.902324472407735e-8
0.42078327586883285	2.9340320895004264e-8
0.4287832758688331	2.966331829671681e-8
0.43678327586883325	2.99924029081838e-8
0.4447832758688334	3.032774703400463e-8
0.45278327586883366	3.066952961155171e-8
0.46078327586883383	3.101793653630794e-8
0.468783275868834	3.137316100666893e-8
0.47678327586883423	3.173540388959635e-8
0.4847832758688344	3.210487410861118e-8
0.49278327586883464	3.2481789055753576e-8
0.5007832758688348	3.2866375029256354e-8
0.508783275868835	3.3258867698841556e-8
0.5167832758688352	3.365951260070168e-8
0.5247832758688354	3.406856566440736e-8
0.5327832758688356	3.4486293774180324e-8
0.5407832758688358	3.491297536719308e-8
0.548783275868836	3.534890107176317e-8
0.5567832758688361	3.5794374388611314e-8
0.5647832758688364	3.624971241859261e-8
0.5727832758688366	3.671524664065465e-8
0.5807832758688367	3.719132374410643e-8
0.5887832758688369	3.7678306519658664e-8
0.5967832758688372	3.817657481412048e-8
0.6047832758688373	3.868652655409225e-8
0.6127832758688375	3.920857884450191e-8
0.6207832758688377	3.974316914839147e-8
0.6287832758688379	4.0290756554978086e-8
0.6367832758688381	4.0851823143695454e-8
0.6447832758688383	4.142687545266597e-8
0.6527832758688386	4.201644606088921e-8
0.6607832758688387	4.262109529435036e-8
0.6687832758688389	4.324141306725588e-8
0.6767832758688391	4.387802087070598e-8
0.6847832758688392	4.453157392238044e-8
0.6927832758688395	4.520276349211778e-8
0.7007832758688397	4.589231941980543e-8
0.7087832758688398	4.660101284360202e-8
0.71678327586884	4.732965915836195e-8
0.7247832758688403	4.8079121226078525e-8
0.7327832758688404	4.88503128623747e-8
0.7407832758688406	4.9644202625440416e-8
0.7487832758688409	5.0461817936453167e-8
0.756783275868841	5.1304249563379934e-8
0.7647832758688412	5.2172656503177166e-8
0.7727832758688414	5.30682713008432e-8
0.7807832758688417	5.3992405847509395e-8
0.7887832758688418	5.494645770376808e-8
0.796783275868842	5.593191699894647e-8
0.8047832758688422	5.6950373961753376e-8
0.8127832758688424	5.8003527143087124e-8
0.8207832758688426	5.909319239750507e-8
0.8287832758688428	6.022131269623252e-8
0.8367832758688429	6.138996885165949e-8
0.8447832758688432	6.260139124117942e-8
0.8527832758688434	6.385797262725035e-8
0.8607832758688435	6.516228218098629e-8
0.8687832758688437	6.651708082886333e-8
0.876783275868844	6.792533805693176e-8
0.8847832758688441	6.939025032505013e-8
0.8927832758688443	7.091526126634161e-8
0.9007832758688445	7.250408387586732e-8
0.9087832758688448	7.416072492946172e-8
0.9167832758688449	7.588951192146785e-8
0.9247832758688451	7.769512287201425e-8
0.9327832758688454	7.958261943447842e-8
0.9407832758688455	8.155748383645233e-8
0.9487832758688457	8.362566031766901e-8
0.9567832758688462	8.579360189073166e-8
0.9647832758688463	8.806832344856636e-8
0.9727832758688465	9.045746247722229e-8
0.9807832758688467	9.296934890053974e-8
0.9887832758688468	9.561308587292651e-8
0.9967832758688471	9.839864362667892e-8
1.0047832758688473	1.0133696873488694e-7
1.0127832758688475	1.0444011131811719e-7
1.0207832758688478	1.0772137273489256e-7
1.0287832758688478	1.1119547607663326e-7
1.036783275868848	1.1487876127039207e-7
1.0447832758688482	1.1878940575399733e-7
1.0527832758688485	1.229476706006742e-7
1.0607832758688487	1.2737617087548428e-7
1.068783275868849	1.321001683953334e-7
1.076783275868849	1.3714788574381434e-7
1.0847832758688492	1.425508434807536e-7
1.0927832758688494	1.4834422927953e-7
1.1007832758688496	1.5456731934529158e-7
1.1087832758688498	1.6126398924257782e-7
1.11678327586885	1.68483371866829e-7
1.1247832758688503	1.7628074083824723e-7
1.1327832758688503	1.8471871108013716e-7
1.1407832758688505	1.9386884515728337e-7
1.1487832758688508	2.0381372413059425e-7
1.156783275868851	2.1464947920039867e-7
1.1647832758688512	2.2648868848631197e-7
1.1727832758688514	2.3946343788587e-7
1.1795874569016382	2.515070086777154e-7
1.186391637934426	2.645926624335785e-7
1.1931958189672127	2.7884322416028836e-7
1.1965979094836063	2.864467694067841e-7
1.1982989547418035	2.9037616287913744e-7
1.1999999999999997	2.9439424311638187e-7
