0.005999999999999712	1.9042694825641956e-9
0.012179999999999873	1.924174520055765e-9
0.01854539999999994	1.9449677481438128e-9
0.025101761999999805	1.966699384111457e-9
0.031854814860000004	1.989423299963768e-9
0.03881045930580001	2.0131973237889224e-9
0.045974773084974135	2.038083603507953e-9
0.053354016277523196	2.0641490098812025e-9
0.060954636765848814	2.0914655840939156e-9
0.06878327586882431	2.1201110359408334e-9
0.0767832758688245	2.1499303784784954e-9
0.0847832758688247	2.1803161565454167e-9
0.09278327586882489	2.2112825036882935e-9
0.10078327586882509	2.2428439932260522e-9
0.10878327586882527	2.2750156563335095e-9
0.11678327586882548	2.3078130001233e-9
0.12478327586882566	2.3412520264984337e-9
0.13278327586882585	2.3753492518305294e-9
0.14078327586882605	2.4101217275179614e-9
0.14878327586882625	2.4455870614787253e-9
0.15678327586882645	2.4817634406349463e-9
0.16478327586882663	2.5186696544463566e-9
0.17278327586882683	2.556325119556459e-9
0.18078327586882703	2.594749905613908e-9
0.18878327586882723	2.633964762338917e-9
0.1967832758688274	2.6739911479066236e-9
0.2047832758688276	2.7148512587242193e-9
0.2127832758688278	2.756568060683555e-9
0.220783275868828	2.7991653219758113e-9
0.22878327586882818	2.8426676475604307e-9
0.23678327586882839	2.887100515387373e-9
0.2447832758688286	2.93249031447658e-9
0.25278327586882876	2.978864384967575e-9
0.260783275868829	3.0262510602574324e-9
0.26878327586882916	3.074679711356235e-9
0.27678327586882934	3.1241807935956415e-9
0.28478327586882957	3.1747858958365186e-9
0.29278327586882974	3.2265277923326964e-9
0.30078327586882997	3.2794404974175377e-9
0.30878327586883014	3.3335593231930608e-9
0.3167832758688303	3.3889209404152893e-9
0.32478327586883055	3.4455634427803255e-9
0.3327832758688307	3.5035264148349428e-9
0.3407832758688309	3.5628510037497796e-9
0.3487832758688311	3.6235799952108534e-9
0.3567832758688313	3.685757893706711e-9
0.3647832758688315	3.749431007507097e-9
0.3727832758688317	3.81464753865435e-9
0.38078327586883187	3.881457678312708e-9
0.3887832758688321	3.949913707847735e-9
0.3967832758688323	4.020070106038672e-9
0.40478327586883245	4.091983662858131e-9
0.4127832758688327	4.165713600290234e-9
0.42078327586883285	4.241321700694924e-9
0.4287832758688331	4.318872443270732e-9
0.43678327586883325	4.398433149212884e-9
0.4447832758688334	4.48007413621479e-9
0.45278327586883366	4.563868883018119e-9
0.46078327586883383	4.649894204773426e-9
0.468783275868834	4.738230440045873e-9
0.47678327586883423	4.82896165036961e-9
0.4847832758688344	4.922175833337311e-9
0.49278327586883464	5.017965150300988e-9
0.5007832758688348	5.116426169856435e-9
0.508783275868835	5.217660128395937e-9
0.5167832758688352	5.321773209129123e-9
0.5247832758688354	5.428876841107251e-9
0.5327832758688356	5.539088019934878e-9
0.5407832758688358	5.652529652008952e-9
0.548783275868836	5.7693309243148035e-9
0.5567832758688361	5.889627702000258e-9
0.5647832758688364	6.0135629561782564e-9
0.5727832758688366	6.141287224654535e-9
0.5807832758688367	6.2729591085506904e-9
0.5887832758688369	6.40874580810694e-9
0.5967832758688372	6.548823701287276e-9
0.6047832758688373	6.693378969200548e-9
0.6127832758688375	6.8426082727780705e-9
0.6207832758688377	6.9967194856337195e-9
0.6287832758688379	7.15593248857476e-9
0.6367832758688381	7.320480031842263e-9
0.6447832758688383	7.490608671840463e-9
0.6527832758688386	7.6665797898952e-9
0.6607832758688387	7.848670701443456e-9
0.6687832758688389	8.037175865043553e-9
0.6767832758688391	8.23240820170709e-9
0.6847832758688392	8.43470053630546e-9
0.6927832758688395	8.644407174237669e-9
0.7007832758688397	8.861905628154301e-9
0.7087832758688398	9.08759851137472e-9
0.71678327586884	9.321915616722421e-9
0.7247832758688403	9.565316201889237e-9
0.7327832758688404	9.818291505149554e-9
0.7407832758688406	1.0081367518360186e-8
0.7487832758688409	1.035510804773243e-8
0.756783275868841	1.0640118096946371e-8
0.7647832758688412	1.0937047611854164e-8
0.7727832758688414	1.1246595631428431e-8
0.7807832758688417	1.1569514895826609e-8
0.7887832758688418	1.1906616969649245e-8
0.796783275868842	1.2258777946825992e-8
0.8047832758688422	1.262694481327272e-8
0.8127832758688424	1.3012142554816427e-8
0.8207832758688426	1.3415482111147926e-8
0.8287832758688428	1.3838169292193407e-8
0.8367832758688429	1.4281514791713964e-8
0.8447832758688432	1.474694545481037e-8
0.8527832758688434	1.5236016982051998e-8
0.8607832758688435	1.5750428284145507e-8
0.8687832758688437	1.629203773860382e-8
0.876783275868844	1.6862881645342936e-8
0.8847832758688441	1.7465195233408456e-8
0.8927832758688443	1.810143663868727e-8
0.9007832758688445	1.877431435554276e-8
0.9087832758688448	1.9486818767873142e-8
0.9167832758688449	2.0242258492107256e-8
0.9247832758688451	2.1044302422343707e-8
0.9327832758688454	2.189702856394304e-8
0.9407832758688455	2.2804980985668714e-8
0.9487832758688457	2.377323652296869e-8
0.9567832758688462	2.4807483238701568e-8
0.9647832758688463	2.5914113105973476e-8
0.9727832758688465	2.7100331933770684e-8
0.9807832758688467	2.8374290219837796e-8
0.9887832758688468	2.9745239389512832e-8
0.9967832758688471	3.1223718752747134e-8
1.0047832758688473	3.28217794483248e-8
1.0127832758688475	3.4553252569455505e-8
1.0207832758688478	3.643406944486826e-8
1.0287832758688478	3.8482642469395516e-8
1.036783275868848	4.072031461769358e-8
1.0447832758688482	4.317188439175933e-8
1.0527832758688485	4.586620988390288e-8
1.0607832758688487	4.883689023596425e-8
1.068783275868849	5.212301441121168e-8
1.076783275868849	5.576995542457583e-8
1.0847832758688492	5.983017299741675e-8
1.0927832758688494	6.436396974917246e-8
1.1007832758688496	6.94401272326412e-8
1.1087832758688498	7.513633114116663e-8
1.11678327586885	8.153928343467173e-8
1.1247832758688503	8.87443966263107e-8
1.1327832758688503	9.685497482331015e-8
1.1407832758688505	1.0598080818873091e-7
1.1487832758688508	1.1623614067577253e-7
1.156783275868851	1.2773701140659388e-7
1.1647832758688512	1.405980132155145e-7
1.1727832758688514	1.5492855373721546e-7
1.1795874569016382	1.6834841371036612e-7
1.186391637934426	1.8295811266455058e-7
1.1931958189672127	1.988024312990234e-7
1.1965979094836063	2.0719780487757437e-7
1.1982989547418035	2.115154063579728e-7
1.1999999999999997	2.1591376637444384e-7
