0.005999999999999712	1.0143269037282171e-6
0.012179999999999873	1.0206270154209418e-6
0.01854539999999994	1.0271880856685857e-6
0.025101761999999805	1.0340235965805543e-6
0.031854814860000004	1.041147927470359e-6
0.03881045930580001	1.0485764289912346e-6
0.045974773084974135	1.0563255065489474e-6
0.053354016277523196	1.0644127123280672e-6
0.060954636765848814	1.072856847044698e-6
0.06878327586882431	1.0816780726770843e-6
0.0767832758688245	1.0908248995740488e-6
0.0847832758688247	1.100108607618282e-6
0.09278327586882489	1.1095322180266435e-6
0.10078327586882509	1.1190988400289844e-6
0.10878327586882527	1.1288116744555685e-6
0.11678327586882548	1.1386740172036613e-6
0.12478327586882566	1.1486892628485302e-6
0.13278327586882585	1.158860908409018e-6
0.14078327586882605	1.1691925572777738e-6
0.14878327586882625	1.1796879233262543e-6
0.15678327586882645	1.1903508351950358e-6
0.16478327586882663	1.2011852407803838e-6
0.17278327586882683	1.2121952119284308e-6
0.18078327586882703	1.2233849493489853e-6
0.18878327586882723	1.2347587877618252e-6
0.1967832758688274	1.2463212012886705e-6
0.2047832758688276	1.2580768091055576e-6
0.2127832758688278	1.2700303813703047e-6
0.220783275868828	1.282186845441838e-6
0.22878327586882818	1.2945512924082595e-6
0.23678327586882839	1.307128983942471e-6
0.2447832758688286	1.3199253595048393e-6
0.25278327586882876	1.3329460439143096e-6
0.260783275868829	1.3461968553105052e-6
0.26878327586882916	1.35968381353101e-6
0.27678327586882934	1.3734131489299794e-6
0.28478327586882957	1.3873913116660717e-6
0.29278327586882974	1.4016249814892955e-6
0.30078327586882997	1.4161210780595842e-6
0.30878327586883014	1.4308867718310957e-6
0.3167832758688303	1.4459294955397454e-6
0.32478327586883055	1.4612569563340844e-6
0.3327832758688307	1.4768771485923785e-6
0.3407832758688309	1.492798367472426e-6
0.3487832758688311	1.509029223244075e-6
0.3567832758688313	1.5255786564586911e-6
0.3647832758688315	1.5424559540130946e-6
0.3727832758688317	1.5596707661716543e-6
0.38078327586883187	1.5772331246137541e-6
0.3887832758688321	1.595153461580509e-6
0.3967832758688323	1.6134426301996771e-6
0.40478327586883245	1.6321119260753684e-6
0.4127832758688327	1.651173110234834e-6
0.42078327586883285	1.670638433534172e-6
0.4287832758688331	1.6905206626314838e-6
0.43678327586883325	1.7108331076469398e-6
0.4447832758688334	1.7315896516383947e-6
0.45278327586883366	1.752804782032334e-6
0.46078327586883383	1.774493624162947e-6
0.468783275868834	1.7966719770840485e-6
0.47678327586883423	1.8193563518344734e-6
0.4847832758688344	1.8425640123520354e-6
0.49278327586883464	1.8663130192494928e-6
0.5007832758688348	1.8906222766843049e-6
0.508783275868835	1.915511582574185e-6
0.5167832758688352	1.941001682433886e-6
0.5247832758688354	1.967114327131827e-6
0.5327832758688356	1.993872334892654e-6
0.5407832758688358	2.0212996578999784e-6
0.548783275868836	2.04942145388534e-6
0.5567832758688361	2.078264163122822e-6
0.5647832758688364	2.1078555912854337e-6
0.5727832758688366	2.138224998658807e-6
0.5807832758688367	2.1694031962489486e-6
0.5887832758688369	2.2014226493669543e-6
0.5967832758688372	2.234317589319496e-6
0.6047832758688373	2.268124133884684e-6
0.6127832758688375	2.3028804173051343e-6
0.6207832758688377	2.3386267305820892e-6
0.6287832758688379	2.375405672910907e-6
0.6367832758688381	2.4132623151508824e-6
0.6447832758688383	2.452244376275349e-6
0.6527832758688386	2.4924024137975203e-6
0.6607832758688387	2.5337900292109404e-6
0.6687832758688389	2.576464089516889e-6
0.6767832758688391	2.6204849659349873e-6
0.6847832758688392	2.6659167908935557e-6
0.6927832758688395	2.712827734379815e-6
0.7007832758688397	2.7612903006746267e-6
0.7087832758688398	2.811381646404684e-6
0.71678327586884	2.863183920698407e-6
0.7247832758688403	2.916784628018364e-6
0.7327832758688404	2.972277013949999e-6
0.7407832758688406	3.0297604738291426e-6
0.7487832758688409	3.0893409835779364e-6
0.756783275868841	3.1511315514608295e-6
0.7647832758688412	3.2152526886538826e-6
0.7727832758688414	3.2818328955213865e-6
0.7807832758688417	3.351009159299546e-6
0.7887832758688418	3.4229274574995058e-6
0.796783275868842	3.497743259774614e-6
0.8047832758688422	3.5756220193017958e-6
0.8127832758688424	3.6567396429893583e-6
0.8207832758688426	3.741282928206989e-6
0.8287832758688428	3.829449952469502e-6
0.8367832758688429	3.921450401963452e-6
0.8447832758688432	4.017505825478812e-6
0.8527832758688434	4.1178498028831765e-6
0.8607832758688435	4.222728022631612e-6
0.8687832758688437	4.332398272018067e-6
0.876783275868844	4.4471303581911605e-6
0.8847832758688441	4.567205998690996e-6
0.8927832758688443	4.692918748610596e-6
0.9007832758688445	4.824574068206462e-6
0.9087832758688448	4.962489679773748e-6
0.9167832758688449	5.106996414289066e-6
0.9247832758688451	5.258439803072327e-6
0.9327832758688454	5.41718272129767e-6
0.9407832758688455	5.583609429696555e-6
0.9487832758688457	5.7581313773777985e-6
0.9567832758688462	5.941195111341996e-6
0.9647832758688463	6.133292579014574e-6
0.9727832758688465	6.334974007894535e-6
0.9807832758688467	6.546863410779433e-6
0.9887832758688468	6.76967661747109e-6
0.9967832758688471	7.004241605242252e-6
1.0047832758688473	7.251520823018426e-6
1.0127832758688475	7.512635200803172e-6
1.0207832758688478	7.788889607763086e-6
1.0287832758688478	8.081799643673827e-6
1.036783275868848	8.393119768587194e-6
1.0447832758688482	8.724872831426438e-6
1.0527832758688485	9.079380991287656e-6
1.0607832758688487	9.459297798297071e-6
1.068783275868849	9.867640808626786e-6
1.076783275868849	1.0307823579705952e-5
1.0847832758688492	1.078368528554309e-5
1.0927832758688494	1.1299515587708872e-5
1.1007832758688496	1.1860071882590232e-5
1.1087832758688498	1.2470585701034496e-5
1.11678327586885	1.3136754919220629e-5
1.1247832758688503	1.386471856382738e-5
1.1327832758688503	1.466101132031219e-5
1.1407832758688505	1.5532495289061584e-5
1.1487832758688508	1.6486266963539865e-5
1.156783275868851	1.7529537733134297e-5
1.1647832758688512	1.8669486428556794e-5
1.1727832758688514	1.9913082647128874e-5
1.1795874569016382	2.1057243878517216e-5
1.186391637934426	2.228481905962728e-5
1.1931958189672127	2.3599004970664043e-5
1.1965979094836063	2.4289335274204213e-5
1.1982989547418035	2.4642945843713517e-5
1.1999999999999997	2.5002265316364438e-5
