0.005999999999999712	3.0608599723351263e-6
0.012179999999999873	3.0736544815024128e-6
0.01854539999999994	3.086946885695597e-6
0.025101761999999805	3.1007607748562057e-6
0.031854814860000004	3.1151211769505046e-6
0.03881045930580001	3.1300546559230887e-6
0.045974773084974135	3.1455894329826766e-6
0.053354016277523196	3.1617555193457017e-6
0.060954636765848814	3.178584861892351e-6
0.06878327586882431	3.1961115033301007e-6
0.0767832758688245	3.2142271460453278e-6
0.0847832758688247	3.23255423662076e-6
0.09278327586882489	3.2510967170456457e-6
0.10078327586882509	3.269858628494893e-6
0.10878327586882527	3.288844115870505e-6
0.11678327586882548	3.308057431506287e-6
0.12478327586882566	3.3275029389913426e-6
0.13278327586882585	3.3471851171268246e-6
0.14078327586882605	3.3671085640275744e-6
0.14878327586882625	3.3872780013802105e-6
0.15678327586882645	3.407698278868568e-6
0.16478327586882663	3.4283743787774014e-6
0.17278327586882683	3.449311420785419e-6
0.18078327586882703	3.470514666958739e-6
0.18878327586882723	3.49198952695648e-6
0.1967832758688274	3.513741563461127e-6
0.2047832758688276	3.5357764978455454e-6
0.2127832758688278	3.5581002160904146e-6
0.220783275868828	3.580718774966447e-6
0.22878327586882818	3.603638408495712e-6
0.23678327586882839	3.626865534707818e-6
0.2447832758688286	3.6504067627078883e-6
0.25278327586882876	3.6742689000739603e-6
0.260783275868829	3.69845896060152e-6
0.26878327586882916	3.7229841724160723e-6
0.27678327586882934	3.7478519864738652e-6
0.28478327586882957	3.773070085472855e-6
0.29278327586882974	3.798646393197461e-6
0.30078327586882997	3.824589084321534e-6
0.30878327586883014	3.850906594695976e-6
0.3167832758688303	3.877607632147852e-6
0.32478327586883055	3.904701187820284e-6
0.3327832758688307	3.932196548084161e-6
0.3407832758688309	3.960103307052763e-6
0.3487832758688311	3.988431379734875e-6
0.3567832758688313	4.017191015860519e-6
0.3647832758688315	4.046392814418524e-6
0.3727832758688317	4.076047738944831e-6
0.38078327586883187	4.10616713360442e-6
0.3887832758688321	4.136762740110068e-6
0.3967832758688323	4.167846715526264e-6
0.40478327586883245	4.199431651007004e-6
0.4127832758688327	4.23153059151916e-6
0.42078327586883285	4.264157056608373e-6
0.4287832758688331	4.297325062264672e-6
0.43678327586883325	4.331049143949037e-6
0.4447832758688334	4.36534438084749e-6
0.45278327586883366	4.4002264214195226e-6
0.46078327586883383	4.435711510314255e-6
0.468783275868834	4.471816516728268e-6
0.47678327586883423	4.508558964285231e-6
0.4847832758688344	4.545957062518416e-6
0.49278327586883464	4.5840297400414135e-6
0.5007832758688348	4.622796679494381e-6
0.508783275868835	4.662278354354763e-6
0.5167832758688352	4.702496067702551e-6
0.5247832758688354	4.743471993030458e-6
0.5327832758688356	4.785229217187323e-6
0.5407832758688358	4.827791785539465e-6
0.548783275868836	4.871184749429233e-6
0.5567832758688361	4.915434216001812e-6
0.5647832758688364	4.960567400459792e-6
0.5727832758688366	5.0066126807866224e-6
0.5807832758688367	5.053599654962574e-6
0.5887832758688369	5.101559200669223e-6
0.5967832758688372	5.150523537443964e-6
0.6047832758688373	5.200526291209421e-6
0.6127832758688375	5.2516025610509974e-6
0.6207832758688377	5.303788988058854e-6
0.6287832758688379	5.357123825980216e-6
0.6367832758688381	5.411647013343588e-6
0.6447832758688383	5.46740024661732e-6
0.6527832758688386	5.524427053842617e-6
0.6607832758688387	5.582772868037527e-6
0.6687832758688389	5.642485099494915e-6
0.6767832758688391	5.7036132058865625e-6
0.6847832758688392	5.76620875883925e-6
0.6927832758688395	5.830325505352121e-6
0.7007832758688397	5.8960194220818246e-6
0.7087832758688398	5.963348760128805e-6
0.71678327586884	6.032374077513088e-6
0.7247832758688403	6.103158256049581e-6
0.7327832758688404	6.175766498819192e-6
0.7407832758688406	6.250266303928206e-6
0.7487832758688409	6.326727409769764e-6
0.756783275868841	6.405221706618547e-6
0.7647832758688412	6.485823109159113e-6
0.7727832758688414	6.568607384581838e-6
0.7807832758688417	6.65365193129734e-6
0.7887832758688418	6.7410355043009215e-6
0.796783275868842	6.830837884984747e-6
0.8047832758688422	6.923139496012399e-6
0.8127832758688424	7.018020966077741e-6
0.8207832758688426	7.115562655310728e-6
0.8287832758688428	7.215844160122161e-6
0.8367832758688429	7.31894382665622e-6
0.8447832758688432	7.424938314800263e-6
0.8527832758688434	7.533902269556385e-6
0.8607832758688435	7.645908172578395e-6
0.8687832758688437	7.761026462048631e-6
0.876783275868844	7.879326020995855e-6
0.8847832758688441	8.000875138770131e-6
0.8927832758688443	8.12574304308933e-6
0.9007832758688445	8.254002076278288e-6
0.9087832758688448	8.38573054595345e-6
0.9167832758688449	8.521016217621955e-6
0.9247832758688451	8.659960339716716e-6
0.9327832758688454	8.802682011685064e-6
0.9407832758688455	8.949322639093597e-6
0.9487832758688457	9.100050184091692e-6
0.9567832758688462	9.255062929008328e-6
0.9647832758688463	9.414592530005367e-6
0.9727832758688465	9.578906238750807e-6
0.9807832758688467	9.748308293914247e-6
0.9887832758688468	9.923140606353644e-6
0.9967832758688471	1.0103782960193553e-5
1.0047832758688473	1.0290653014390288e-5
1.0127832758688475	1.0484206416812897e-5
1.0207832758688478	1.0684937348849057e-5
1.0287832758688478	1.0893379825498975e-5
1.036783275868848	1.1110110111015473e-5
1.0447832758688482	1.133575070178989e-5
1.0527832758688485	1.1570976503157058e-5
1.0607832758688487	1.1816524106454071e-5
1.068783275868849	1.2073205465462835e-5
1.076783275868849	1.2341927759141031e-5
1.0847832758688492	1.262372174556491e-5
1.0927832758688494	1.2919781328105365e-5
1.1007832758688496	1.32315171649659e-5
1.1087832758688498	1.3560626723486324e-5
1.11678327586885	1.3909182067572336e-5
1.1247832758688503	1.4279735005056769e-5
1.1327832758688503	1.4675437566192427e-5
1.1407832758688505	1.5100174984391886e-5
1.1487832758688508	1.5558709026707886e-5
1.156783275868851	1.6056831413982874e-5
1.1647832758688512	1.6601528913762837e-5
1.1727832758688514	1.720116197349634e-5
1.1795874569016382	1.7761757588208e-5
1.186391637934426	1.8376356244864772e-5
1.1931958189672127	1.9053068925387413e-5
1.1965979094836063	1.9417503317471516e-5
1.1982989547418035	1.960678733532124e-5
1.1999999999999997	1.9801028343414982e-5
