0.005999999999999712	7.914890520599151e-7
0.012179999999999873	7.966673535810465e-7
0.01854539999999994	8.020630639381711e-7
0.025101761999999805	8.076876200217856e-7
0.031854814860000004	8.135532351686623e-7
0.03881045930580001	8.196729643555226e-7
0.045974773084974135	8.260607777857511e-7
0.053354016277523196	8.327316422221843e-7
0.060954636765848814	8.397016110708877e-7
0.06878327586882431	8.4698792435449e-7
0.0767832758688245	8.545486417533176e-7
0.0847832758688247	8.622281550646747e-7
0.09278327586882489	8.70029186234535e-7
0.10078327586882509	8.779545392734851e-7
0.10878327586882527	8.860071036011088e-7
0.11678327586882548	8.941898573449006e-7
0.12478327586882566	9.025058707844183e-7
0.13278327586882585	9.109583099494779e-7
0.14078327586882605	9.195504403820877e-7
0.14878327586882625	9.282856310715722e-7
0.15678327586882645	9.371673585730325e-7
0.16478327586882663	9.461992113197278e-7
0.17278327586882683	9.553848941405865e-7
0.18078327586882703	9.647282329946955e-7
0.18878327586882723	9.742331799353561e-7
0.1967832758688274	9.839038183171064e-7
0.2047832758688276	9.937443682598868e-7
0.2127832758688278	1.003759192385572e-6
0.220783275868828	1.0139528018431355e-6
0.22878327586882818	1.0243298626394557e-6
0.23678327586882839	1.0348952022946455e-6
0.2447832758688286	1.0456538168410863e-6
0.25278327586882876	1.0566108781880075e-6
0.260783275868829	1.0677717418733651e-6
0.26878327586882916	1.079141955228095e-6
0.27678327586882934	1.0907272659780345e-6
0.28478327586882957	1.1025336313119018e-6
0.29278327586882974	1.1145672274448908e-6
0.30078327586882997	1.1268344597104365e-6
0.30878327586883014	1.139341973214245e-6
0.3167832758688303	1.1520966640884374e-6
0.32478327586883055	1.1651056913853158e-6
0.3327832758688307	1.178376489654419e-6
0.3407832758688309	1.1919167822491495e-6
0.3487832758688311	1.2057345954133673e-6
0.3567832758688313	1.2198382732024478e-6
0.3647832758688315	1.2342364932970823e-6
0.3727832758688317	1.2489382837736563e-6
0.38078327586883187	1.2639530408998495e-6
0.3887832758688321	1.2792905480297929e-6
0.3967832758688323	1.2949609956793786e-6
0.40478327586883245	1.3109750028694363e-6
0.4127832758688327	1.327343639831648e-6
0.42078327586883285	1.3440784521801863e-6
0.4287832758688331	1.361191486661593e-6
0.43678327586883325	1.3786953186044283e-6
0.4447832758688334	1.3966030812018958e-6
0.45278327586883366	1.4149284967718272e-6
0.46078327586883383	1.4336859101515832e-6
0.468783275868834	1.45289032440027e-6
0.47678327586883423	1.472557438995395e-6
0.4847832758688344	1.4927036907291943e-6
0.49278327586883464	1.5133462975285417e-6
0.5007832758688348	1.534503305443192e-6
0.508783275868835	1.5561936390699909e-6
0.5167832758688352	1.5784371557062425e-6
0.5247832758688354	1.6012547035526207e-6
0.5327832758688356	1.624668184317001e-6
0.5407832758688358	1.648700620603463e-6
0.548783275868836	1.6733762285075336e-6
0.5567832758688361	1.698720495879134e-6
0.5647832758688364	1.7247602667579662e-6
0.5727832758688366	1.7515238325344656e-6
0.5807832758688367	1.77904103044138e-6
0.5887832758688369	1.8073433500384148e-6
0.5967832758688372	1.8364640484130263e-6
0.6047832758688373	1.8664382748884052e-6
0.6127832758688375	1.8973032061011103e-6
0.6207832758688377	1.9290981923873224e-6
0.6287832758688379	1.961864916500974e-6
0.6367832758688381	1.9956475657724374e-6
0.6447832758688383	2.030493018910033e-6
0.6527832758688386	2.06645104874207e-6
0.6607832758688387	2.103574542295473e-6
0.6687832758688389	2.1419197397072843e-6
0.6767832758688391	2.181546493563965e-6
0.6847832758688392	2.2225185503573107e-6
0.6927832758688395	2.2649038558329716e-6
0.7007832758688397	2.308774886078962e-6
0.7087832758688398	2.354209006255107e-6
0.71678327586884	2.4012888588861513e-6
0.7247832758688403	2.4501027836257495e-6
0.7327832758688404	2.50074527032874e-6
0.7407832758688406	2.553317447129639e-6
0.7487832758688409	2.607927605000851e-6
0.756783275868841	2.6646917599268073e-6
0.7647832758688412	2.7237342533632835e-6
0.7727832758688414	2.785188391024994e-6
0.7807832758688417	2.8491971192340157e-6
0.7887832758688418	2.9159137370529384e-6
0.796783275868842	2.9855026411976664e-6
0.8047832758688422	3.058140099291648e-6
0.8127832758688424	3.134015045409094e-6
0.8207832758688426	3.2133298901390443e-6
0.8287832758688428	3.2963013357205912e-6
0.8367832758688429	3.383161185372966e-6
0.8447832758688432	3.4741571351211174e-6
0.8527832758688434	3.5695535366888433e-6
0.8607832758688435	3.6696321220880527e-6
0.8687832758688437	3.774692685282929e-6
0.876783275868844	3.885053724891554e-6
0.8847832758688441	4.001053065663525e-6
0.8927832758688443	4.123048496927484e-6
0.9007832758688445	4.2514184947904164e-6
0.9087832758688448	4.38656313271837e-6
0.9167832758688449	4.528905332606707e-6
0.9247832758688451	4.678892664601991e-6
0.9327832758688454	4.836999965838047e-6
0.9407832758688455	5.003733110429214e-6
0.9487832758688457	5.179634317260299e-6
0.9567832758688462	5.365289417708757e-6
0.9647832758688463	5.561337510943423e-6
0.9727832758688465	5.768483400186496e-6
0.9807832758688467	5.987513125121599e-6
0.9887832758688468	6.219312788418597e-6
0.9967832758688471	6.464890734232349e-6
1.0047832758688473	6.7254029991587005e-6
1.0127832758688475	7.0021818502891e-6
1.0207832758688478	7.2967671718621895e-6
1.0287832758688478	7.610940463172869e-6
1.036783275868848	7.946761239343559e-6
1.0447832758688482	8.30660562845881e-6
1.0527832758688485	8.693206860374743e-6
1.0607832758688487	9.109697071611039e-6
1.068783275868849	9.559649356761085e-6
1.076783275868849	1.0047118270066247e-5
1.0847832758688492	1.0576676061847277e-5
1.0927832758688494	1.1153440912986319e-5
1.1007832758688496	1.1783092433002211e-5
1.1087832758688498	1.2471868855885301e-5
1.11678327586885	1.3226539835654946e-5
1.1247832758688503	1.4054348609689706e-5
1.1327832758688503	1.4962917612771261e-5
1.1407832758688505	1.5960112394865502e-5
1.1487832758688508	1.7053859911846876e-5
1.156783275868851	1.8251918944391504e-5
1.1647832758688512	1.9561602659714692e-5
1.1727832758688514	2.0989456362341676e-5
1.1795874569016382	2.2300931703610777e-5
1.186391637934426	2.3704337643470947e-5
1.1931958189672127	2.5201175445124572e-5
1.1965979094836063	2.598470210884526e-5
1.1982989547418035	2.63852396564505e-5
1.1999999999999997	2.6791648574516936e-5
