0.005999999999999712	1.3035923751623915e-6
0.012179999999999873	1.3111707056845851e-6
0.01854539999999994	1.3190586281317003e-6
0.025101761999999805	1.3272718404475103e-6
0.031854814860000004	1.335827064320119e-6
0.03881045930580001	1.3447421279026534e-6
0.045974773084974135	1.3540360590833793e-6
0.053354016277523196	1.363729188195747e-6
0.060954636765848814	1.3738432613845e-6
0.06878327586882431	1.3844015659838636e-6
0.0767832758688245	1.3953416257127258e-6
0.0847832758688247	1.4064371737369503e-6
0.09278327586882489	1.4176915133170605e-6
0.10078327586882509	1.4291080406137105e-6
0.10878327586882527	1.4406902485012534e-6
0.11678327586882548	1.452441730157797e-6
0.12478327586882566	1.4643661827979258e-6
0.13278327586882585	1.4764674115595318e-6
0.14078327586882605	1.4887493335549293e-6
0.14878327586882625	1.501215982097864e-6
0.15678327586882645	1.5138715111169739e-6
0.16478327586882663	1.5267201997668734e-6
0.17278327586882683	1.5397664572492175e-6
0.18078327586882703	1.5530148278554528e-6
0.18878327586882723	1.56646999624447e-6
0.1967832758688274	1.5801367929687382e-6
0.2047832758688276	1.5940202002634204e-6
0.2127832758688278	1.6081253581135661e-6
0.220783275868828	1.6224575706157868e-6
0.22878327586882818	1.6370223126517855e-6
0.23678327586882839	1.6518252368918984e-6
0.2447832758688286	1.6668721811484274e-6
0.25278327586882876	1.6821691760998632e-6
0.260783275868829	1.6977224534082573e-6
0.26878327586882916	1.7135384542537272e-6
0.27678327586882934	1.7296238383119104e-6
0.28478327586882957	1.745985493201749e-6
0.29278327586882974	1.7626305444331738e-6
0.30078327586882997	1.7795663658863888e-6
0.30878327586883014	1.796800590856796e-6
0.3167832758688303	1.8143411237018493e-6
0.32478327586883055	1.8321961521295224e-6
0.3327832758688307	1.8503741601704624e-6
0.3407832758688309	1.8688839418792802e-6
0.3487832758688311	1.8877346158140017e-6
0.3567832758688313	1.9069356403467611e-6
0.3647832758688315	1.9264968298621533e-6
0.3727832758688317	1.9464283719051515e-6
0.38078327586883187	1.9667408453442918e-6
0.3887832758688321	1.9874452396220916e-6
0.3967832758688323	2.0085529751691164e-6
0.40478327586883245	2.030075925065807e-6
0.4127832758688327	2.0520264380410764e-6
0.42078327586883285	2.0744173629054127e-6
0.4287832758688331	2.0972620745233775e-6
0.43678327586883325	2.1205745014382225e-6
0.4447832758688334	2.1443691552723484e-6
0.45278327586883366	2.1686611620350617e-6
0.46078327586883383	2.193466295481497e-6
0.468783275868834	2.2188010126777014e-6
0.47678327586883423	2.2446824919389525e-6
0.4847832758688344	2.271128673323464e-6
0.49278327586883464	2.2981583018763853e-6
0.5007832758688348	2.325790973837056e-6
0.508783275868835	2.354047186037872e-6
0.5167832758688352	2.3829483887425276e-6
0.5247832758688354	2.412517042191095e-6
0.5327832758688356	2.4427766771399753e-6
0.5407832758688358	2.473751959707849e-6
0.548783275868836	2.505468760862605e-6
0.5567832758688361	2.537954230908861e-6
0.5647832758688364	2.5712368793629385e-6
0.5727832758688366	2.605346660628766e-6
0.5807832758688367	2.6403150659166534e-6
0.5887832758688369	2.6761752218765534e-6
0.5967832758688372	2.7129619964435614e-6
0.6047832758688373	2.7507121124248337e-6
0.6127832758688375	2.7894642693798714e-6
0.6207832758688377	2.829259274373018e-6
0.6287832758688379	2.870140182195095e-6
0.6367832758688381	2.9121524456661944e-6
0.6447832758688383	2.95534407663729e-6
0.6527832758688386	2.99976581830503e-6
0.6607832758688387	3.0454713294344123e-6
0.6687832758688389	3.0925173810475582e-6
0.6767832758688391	3.1409640660763723e-6
0.6847832758688392	3.190875022384911e-6
0.6927832758688395	3.242317669437872e-6
0.7007832758688397	3.295363458715607e-6
0.7087832758688398	3.3500881377375005e-6
0.71678327586884	3.4065720272509814e-6
0.7247832758688403	3.464900310746474e-6
0.7327832758688404	3.525163334965106e-6
0.7407832758688406	3.5874569194502015e-6
0.7487832758688409	3.651882672444405e-6
0.756783275868841	3.7185483095367337e-6
0.7647832758688412	3.7875679704049495e-6
0.7727832758688414	3.859062527783216e-6
0.7807832758688417	3.933159881419395e-6
0.7887832758688418	4.00999522831125e-6
0.796783275868842	4.08971129898881e-6
0.8047832758688422	4.172458548155021e-6
0.8127832758688424	4.25839528678147e-6
0.8207832758688426	4.347687742034343e-6
0.8287832758688428	4.440510031543645e-6
0.8367832758688429	4.537044040005028e-6
0.8447832758688432	4.637479189572294e-6
0.8527832758688434	4.742012101751842e-6
0.8607832758688435	4.850846158519416e-6
0.8687832758688437	4.96419098520092e-6
0.876783275868844	5.082261898370778e-6
0.8847832758688441	5.205279389458907e-6
0.8927832758688443	5.333468749248532e-6
0.9007832758688445	5.467059979276042e-6
0.9087832758688448	5.606288181039265e-6
0.9167832758688449	5.751394658437058e-6
0.9247832758688451	5.902629006035576e-6
0.9327832758688454	6.060252476282812e-6
0.9407832758688455	6.224542912100003e-6
0.9487832758688457	6.395801487889033e-6
0.9567832758688462	6.574361416990284e-6
0.9647832758688463	6.760598660613384e-6
0.9727832758688465	6.9549445273832345e-6
0.9807832758688467	7.157899910456692e-6
0.9887832758688468	7.370050804051482e-6
0.9967832758688471	7.592084703999383e-6
1.0047832758688473	7.824807544323749e-6
1.0127832758688475	8.069160947446666e-6
1.0207832758688478	8.3262397379365e-6
1.0287832758688478	8.597309839345401e-6
1.036783275868848	8.883826787600571e-6
1.0447832758688482	9.187455111301808e-6
1.0527832758688485	9.510088730566487e-6
1.0607832758688487	9.853872319442658e-6
1.068783275868849	1.0221223293277263e-5
1.076783275868849	1.0614853769699504e-5
1.0847832758688492	1.1037791568190343e-5
1.0927832758688494	1.1493399120332224e-5
1.1007832758688496	1.1985389117587496e-5
1.1087832758688498	1.2517835864897743e-5
1.11678327586885	1.3095181639919862e-5
1.1247832758688503	1.37222378274323e-5
1.1327832758688503	1.4404181085179254e-5
1.1407832758688505	1.5146545112462886e-5
1.1487832758688508	1.5955208505539815e-5
1.156783275868851	1.6836378474146554e-5
1.1647832758688512	1.7796568724956957e-5
1.1727832758688514	1.8842567617819392e-5
1.1795874569016382	1.9804957030592716e-5
1.186391637934426	2.0838908939610402e-5
1.1931958189672127	2.1948849293644378e-5
1.1965979094836063	2.2533617528625172e-5
1.1982989547418035	2.283370016294963e-5
1.1999999999999997	2.3139039313721366e-5
