0.005999999999999712	7.211696192757826e-7
0.012179999999999873	7.273707409821146e-7
0.01854539999999994	7.338426074408339e-7
0.025101761999999805	7.406002383813296e-7
0.031854814860000004	7.476597213990682e-7
0.03881045930580001	7.550383073964935e-7
0.045974773084974135	7.627545176565872e-7
0.053354016277523196	7.708282622205012e-7
0.060954636765848814	7.79280971256104e-7
0.06878327586882431	7.881357412344389e-7
0.0767832758688245	7.973437692575623e-7
0.0847832758688247	8.067169827419364e-7
0.09278327586882489	8.162595202412197e-7
0.10078327586882509	8.259756494041948e-7
0.10878327586882527	8.358697724390974e-7
0.11678327586882548	8.459464317237044e-7
0.12478327586882566	8.562103156177979e-7
0.13278327586882585	8.666662645043136e-7
0.14078327586882605	8.773192770822382e-7
0.14878327586882625	8.881745169337723e-7
0.15678327586882645	8.992373193867507e-7
0.16478327586882663	9.105131986936334e-7
0.17278327586882683	9.22007855548445e-7
0.18078327586882703	9.337271849634826e-7
0.18878327586882723	9.456772845287084e-7
0.1967832758688274	9.578644630773344e-7
0.2047832758688276	9.702952497826998e-7
0.2127832758688278	9.82976403712853e-7
0.220783275868828	9.95914923870603e-7
0.22878327586882818	1.0091180597488203e-6
0.23678327586882839	1.0225933224325358e-6
0.2447832758688286	1.0363484962813738e-6
0.25278327586882876	1.0503916512283847e-6
0.260783275868829	1.0647311557334475e-6
0.26878327586882916	1.0793756904322755e-6
0.27678327586882934	1.0943342625250328e-6
0.28478327586882957	1.1096162209512982e-6
0.29278327586882974	1.1252312724019902e-6
0.30078327586882997	1.141189498221999e-6
0.30878327586883014	1.157501372261693e-6
0.3167832758688303	1.1741777797392356e-6
0.32478327586883055	1.1912300371810666e-6
0.3327832758688307	1.2086699135118307e-6
0.3407832758688309	1.2265096523716106e-6
0.3487832758688311	1.2447619957435385e-6
0.3567832758688313	1.2634402089815043e-6
0.3647832758688315	1.282558107334901e-6
0.3727832758688317	1.302130084074477e-6
0.38078327586883187	1.3221711403323484e-6
0.3887832758688321	1.3426969167776757e-6
0.3967832758688323	1.363723727259636e-6
0.40478327586883245	1.3852685945602556e-6
0.4127832758688327	1.4073492884112029e-6
0.42078327586883285	1.4299843659414869e-6
0.4287832758688331	1.4531932147374437e-6
0.43678327586883325	1.4769960987114918e-6
0.4447832758688334	1.50141420699313e-6
0.45278327586883366	1.526469706074319e-6
0.46078327586883383	1.5521857954615702e-6
0.468783275868834	1.5785867671098254e-6
0.47678327586883423	1.6056980689374447e-6
0.4847832758688344	1.6335463727488165e-6
0.49278327586883464	1.6621596469214985e-6
0.5007832758688348	1.691567234246981e-6
0.508783275868835	1.721799935351427e-6
0.5167832758688352	1.7528900981624307e-6
0.5247832758688354	1.7848717139327582e-6
0.5327832758688356	1.8177805203815503e-6
0.5407832758688358	1.851654112567582e-6
0.548783275868836	1.8865320621711713e-6
0.5567832758688361	1.9224560459280384e-6
0.5647832758688364	1.9594699840339415e-6
0.5727832758688366	1.9976201894233356e-6
0.5807832758688367	2.0369555289181763e-6
0.5887832758688369	2.0775275973482767e-6
0.5967832758688372	2.1193909058611944e-6
0.6047832758688373	2.1626030857706593e-6
0.6127832758688375	2.207225109440243e-6
0.6207832758688377	2.2533215298631322e-6
0.6287832758688379	2.3009607407850716e-6
0.6367832758688381	2.3502152594273852e-6
0.6447832758688383	2.401162034101595e-6
0.6527832758688386	2.4538827792756303e-6
0.6607832758688387	2.5084643409526643e-6
0.6687832758688389	2.5649990955667013e-6
0.6767832758688391	2.6235853859878517e-6
0.6847832758688392	2.684327998673895e-6
0.6927832758688395	2.747338686509758e-6
0.7007832758688397	2.8127367424542014e-6
0.7087832758688398	2.8806496297758355e-6
0.71678327586884	2.9512136754196197e-6
0.7247832758688403	3.0245748339213308e-6
0.7327832758688404	3.1008895302973884e-6
0.7407832758688406	3.18032559150711e-6
0.7487832758688409	3.263063277443936e-6
0.756783275868841	3.34929642399292e-6
0.7647832758688412	3.4392337125425296e-6
0.7727832758688414	3.5331000825086757e-6
0.7807832758688417	3.631138305982068e-6
0.7887832758688418	3.733610746632347e-6
0.796783275868842	3.840801328586092e-6
0.8047832758688422	3.9530177452710594e-6
0.8127832758688424	4.070593943339391e-6
0.8207832758688426	4.19389292294268e-6
0.8287832758688428	4.323309903079665e-6
0.8367832758688429	4.459275909788265e-6
0.8447832758688432	4.602261855998763e-6
0.8527832758688434	4.752783195421272e-6
0.8607832758688435	4.9114052495470604e-6
0.8687832758688437	5.07874932753805e-6
0.876783275868844	5.255499784528042e-6
0.8847832758688441	5.442412196033839e-6
0.8927832758688443	5.640322866545741e-6
0.9007832758688445	5.850159941208392e-6
0.9087832758688448	6.072956453747621e-6
0.9167832758688449	6.309865725209538e-6
0.9247832758688451	6.56217963149587e-6
0.9327832758688454	6.831350389284901e-6
0.9407832758688455	7.119016677591039e-6
0.9487832758688457	7.427035125918571e-6
0.9567832758688462	7.757518472197884e-6
0.9647832758688463	8.112882039987164e-6
0.9727832758688465	8.495900623733019e-6
0.9807832758688467	8.909778425908404e-6
0.9887832758688468	9.358235386909987e-6
0.9967832758688471	9.845614117002336e-6
1.0047832758688473	1.037701270965473e-5
1.0127832758688475	1.0958450015056248e-5
1.0207832758688478	1.1597071499934468e-5
1.0287832758688478	1.2301405614002121e-5
1.036783275868848	1.3081682588089112e-5
1.0447832758688482	1.395022971088296e-5
1.0527832758688485	1.492195919191084e-5
1.0607832758688487	1.601496642281595e-5
1.068783275868849	1.7251257354785558e-5
1.076783275868849	1.8657623208238292e-5
1.0847832758688492	2.0266678051448212e-5
1.0927832758688494	2.2118069040955337e-5
1.1007832758688496	2.425985939846294e-5
1.1087832758688498	2.675006971141069e-5
1.11678327586885	2.965834336993505e-5
1.1247832758688503	3.306767680815741e-5
1.1327832758688503	3.7076125191221846e-5
1.1407832758688505	4.179836049055621e-5
1.1487832758688508	4.736692369156942e-5
1.156783275868851	5.393297973451809e-5
1.1647832758688512	6.166635819301159e-5
1.1727832758688514	7.07546525087167e-5
1.1795874569016382	7.970224474199654e-5
1.186391637934426	8.990924673509183e-5
1.1931958189672127	0.00010151225492641747
1.1965979094836063	0.00010788009859641409
1.1982989547418035	0.0001112132921103145
1.1999999999999997	0.00011464912086124374
