0.005999999999999712	1.7475165094011666e-7
0.012179999999999873	1.7629056296196338e-7
0.01854539999999994	1.7789753111687944e-7
0.025101761999999805	1.795763838093811e-7
0.031854814860000004	1.813312269762081e-7
0.03881045930580001	1.8316646913106934e-7
0.045974773084974135	1.8508684938024463e-7
0.053354016277523196	1.870974685319531e-7
0.060954636765848814	1.892038237182048e-7
0.06878327586882431	1.9141184700457964e-7
0.0767832758688245	1.9370954236127275e-7
0.0847832758688247	1.9605009164720215e-7
0.09278327586882489	1.9843459885572352e-7
0.10078327586882509	2.008642037650788e-7
0.10878327586882527	2.0334008341682915e-7
0.11678327586882548	2.0586345365034565e-7
0.12478327586882566	2.0843557070782904e-7
0.13278327586882585	2.1105773291475563e-7
0.14078327586882605	2.1373128244079183e-7
0.14878327586882625	2.1645760714634458e-7
0.15678327586882645	2.1923814252018925e-7
0.16478327586882663	2.2207437371386376e-7
0.17278327586882683	2.2496783767886858e-7
0.18078327586882703	2.2792012541307562e-7
0.18878327586882723	2.309328843231481e-7
0.1967832758688274	2.3400782071025134e-7
0.2047832758688276	2.3714670238680464e-7
0.2127832758688278	2.403513614325868e-7
0.220783275868828	2.436236970990864e-7
0.22878327586882818	2.469656788716639e-7
0.23678327586882839	2.5037934969974034e-7
0.2447832758688286	2.5386682940605523e-7
0.25278327586882876	2.5743031828681736e-7
0.260783275868829	2.6107210091551846e-7
0.26878327586882916	2.6479455016414706e-7
0.27678327586882934	2.6860013145662144e-7
0.28478327586882957	2.7249140727045767e-7
0.29278327586882974	2.764710419039402e-7
0.30078327586882997	2.8054180652752596e-7
0.30878327586883014	2.8470658453969986e-7
0.3167832758688303	2.8896837724921987e-7
0.32478327586883055	2.933303099075678e-7
0.3327832758688307	2.977956381173934e-7
0.3407832758688309	3.023677546450667e-7
0.3487832758688311	3.0705019666786267e-7
0.3567832758688313	3.1184665348905847e-7
0.3647832758688315	3.1676097475721773e-7
0.3727832758688317	3.217971792292806e-7
0.38078327586883187	3.2695946412074907e-7
0.3887832758688321	3.32252215090367e-7
0.3967832758688323	3.3768001691123073e-7
0.40478327586883245	3.432476648853243e-7
0.4127832758688327	3.4896017706413503e-7
0.42078327586883285	3.5482280734431975e-7
0.4287832758688331	3.6084105951445057e-7
0.43678327586883325	3.67020702336813e-7
0.4447832758688334	3.733677857572099e-7
0.45278327586883366	3.7988865834573746e-7
0.46078327586883383	3.8658998608300883e-7
0.468783275868834	3.934787726192011e-7
0.47678327586883423	4.005623811480646e-7
0.4847832758688344	4.078485580549428e-7
0.49278327586883464	4.1534545851715015e-7
0.5007832758688348	4.2306167425727235e-7
0.508783275868835	4.3100626367569326e-7
0.5167832758688352	4.391887846184084e-7
0.5247832758688354	4.4761933007087076e-7
0.5327832758688356	4.5630856710917183e-7
0.5407832758688358	4.652677794874238e-7
0.548783275868836	4.745089142963603e-7
0.5567832758688361	4.840446331946778e-7
0.5647832758688364	4.938883687936227e-7
0.5727832758688366	5.040543868698626e-7
0.5807832758688367	5.14557855194931e-7
0.5887832758688369	5.254149199060164e-7
0.5967832758688372	5.36642790508085e-7
0.6047832758688373	5.482598347976458e-7
0.6127832758688375	5.602856852430258e-7
0.6207832758688377	5.727413586549359e-7
0.6287832758688379	5.856493913481094e-7
0.6367832758688381	5.990339924469014e-7
0.6447832758688383	6.129212185459993e-7
0.6527832758688386	6.273391736293168e-7
0.6607832758688387	6.423182390091708e-7
0.6687832758688389	6.578913391180155e-7
0.6767832758688391	6.740942503201714e-7
0.6847832758688392	6.90965961580911e-7
0.6927832758688395	7.085490979228863e-7
0.7007832758688397	7.268904202259183e-7
0.7087832758688398	7.460414182279526e-7
0.71678327586884	7.660590177411867e-7
0.7247832758688403	7.870064283358519e-7
0.7327832758688404	8.08954164354484e-7
0.7407832758688406	8.319812804683749e-7
0.7487832758688409	8.561768735411985e-7
0.756783275868841	8.816419159144677e-7
0.7647832758688412	9.084915021248701e-7
0.7727832758688414	9.368576124565571e-7
0.7807832758688417	9.668925238269575e-7
0.7887832758688418	9.987730328283875e-7
0.796783275868842	1.032705699229885e-6
0.8047832758688422	1.0689333733206963e-6
0.8127832758688424	1.1077433402222603e-6
0.8207832758688426	1.1494775025776116e-6
0.8287832758688428	1.1945451347020605e-6
0.8367832758688429	1.2434388824273616e-6
0.8447832758688432	1.2967548610818919e-6
0.8527832758688434	1.3552179287483515e-6
0.8607832758688435	1.419713494782598e-6
0.8687832758688437	1.491327578877674e-6
0.876783275868844	1.5713972811571927e-6
0.8847832758688441	1.6615743799231935e-6
0.8927832758688443	1.7639054658159737e-6
0.9007832758688445	1.8809328785817809e-6
0.9087832758688448	2.0158217689002847e-6
0.9167832758688449	2.17251989984251e-6
0.9247832758688451	2.3559583694356863e-6
0.9327832758688454	2.5723033150445567e-6
0.9407832758688455	2.8292708822277885e-6
0.9487832758688457	3.1365203191007635e-6
0.9567832758688462	3.5061429740019893e-6
0.9647832758688463	3.953268156816331e-6
0.9727832758688465	4.496810111964514e-6
0.9807832758688467	5.160383447790876e-6
0.9887832758688468	5.973416777481482e-6
0.9967832758688471	6.97249527406626e-6
1.0047832758688473	8.202961171503027e-6
1.0127832758688475	9.720795321139267e-6
1.0207832758688478	1.1594790546351137e-5
1.0287832758688478	1.3909005973170675e-5
1.036783275868848	1.6765457584150895e-5
1.0447832758688482	2.0286950795483085e-5
1.0527832758688485	2.4619893614481853e-5
1.0607832758688487	2.9936843908450505e-5
1.068783275868849	3.643844581877166e-5
1.076783275868849	4.4354309348804306e-5
1.0847832758688492	5.394230323092783e-5
1.0927832758688494	6.548569283866987e-5
1.1007832758688496	7.928759640221075e-5
1.1087832758688498	9.56623859910059e-5
1.11678327586885	0.00011492394120135395
1.1247832758688503	0.00013737105980895633
1.1327832758688503	0.0001632707877206038
1.1407832758688505	0.00019284086087016652
1.1487832758688508	0.00022623274910042499
1.156783275868851	0.00026351687005923385
1.1647832758688512	0.0003046713660774861
1.1727832758688514	0.0003495754449910452
1.1795874569016382	0.00039055579041497604
1.186391637934426	0.0004338981895041865
1.1931958189672127	0.0004793634549532389
1.1965979094836063	0.0005028067950584162
1.1982989547418035	0.0005146893924615432
1.1999999999999997	0.0005266720411186712
