0.005999999999999712	1.5541558758268697e-7
0.012179999999999873	1.5676226130134818e-7
0.01854539999999994	1.5816844698019324e-7
0.025101761999999805	1.5963749159282594e-7
0.031854814860000004	1.6117298482231574e-7
0.03881045930580001	1.6277878108286804e-7
0.045974773084974135	1.6445902406527565e-7
0.053354016277523196	1.6621817399914662e-7
0.060954636765848814	1.6806103800012683e-7
0.06878327586882431	1.699928039202694e-7
0.0767832758688245	1.7200297531854106e-7
0.0847832758688247	1.740505936131178e-7
0.09278327586882489	1.7613662772270406e-7
0.10078327586882509	1.7826207813621225e-7
0.10878327586882527	1.8042797821902774e-7
0.11678327586882548	1.826353955705313e-7
0.12478327586882566	1.8488543344413232e-7
0.13278327586882585	1.8717923223418437e-7
0.14078327586882605	1.895179710341806e-7
0.14878327586882625	1.9190286927084495e-7
0.15678327586882645	1.9433518841888685e-7
0.16478327586882663	1.9681623380148788e-7
0.17278327586882683	1.9934735648182435e-7
0.18078327586882703	2.0192995525132336e-7
0.18878327586882723	2.0456547872064583e-7
0.1967832758688274	2.0725542751984588e-7
0.2047832758688276	2.100013566145623e-7
0.2127832758688278	2.1280487774559536e-7
0.220783275868828	2.1566766199972642e-7
0.22878327586882818	2.185914425202569e-7
0.23678327586882839	2.2157801736629242e-7
0.2447832758688286	2.2462925253052874e-7
0.25278327586882876	2.277470851260275e-7
0.260783275868829	2.3093352675324482e-7
0.26878327586882916	2.3419066705947378e-7
0.27678327586882934	2.3752067750381395e-7
0.28478327586882957	2.409258153418124e-7
0.29278327586882974	2.4440842784506557e-7
0.30078327586882997	2.47970956772325e-7
0.30878327586883014	2.516159431100168e-7
0.3167832758688303	2.553460321015542e-7
0.32478327586883055	2.5916397858651767e-7
0.3327832758688307	2.6307265267254503e-7
0.3407832758688309	2.6707504576479643e-7
0.3487832758688311	2.711742769800572e-7
0.3567832758688313	2.7537359997495916e-7
0.3647832758688315	2.7967641022050663e-7
0.3727832758688317	2.840862527581177e-7
0.38078327586883187	2.8860683047564704e-7
0.3887832758688321	2.932420129456392e-7
0.3967832758688323	2.979958458721204e-7
0.40478327586883245	3.0287256119696643e-7
0.4127832758688327	3.0787658792196676e-7
0.42078327586883285	3.1301256370866916e-7
0.4287832758688331	3.182853473246108e-7
0.43678327586883325	3.2370003201206183e-7
0.4447832758688334	3.292619598638802e-7
0.45278327586883366	3.349767373007895e-7
0.46078327586883383	3.408502517553847e-7
0.468783275868834	3.468886896810149e-7
0.47678327586883423	3.5309855601819867e-7
0.4847832758688344	3.5948669526826246e-7
0.49278327586883464	3.660603143436335e-7
0.5007832758688348	3.728270073870881e-7
0.508783275868835	3.79794782779309e-7
0.5167832758688352	3.8697209258578824e-7
0.5247832758688354	3.9436786473154407e-7
0.5327832758688356	4.0199153823675543e-7
0.5407832758688358	4.098531018993495e-7
0.548783275868836	4.179631368742432e-7
0.5567832758688361	4.263328636752928e-7
0.5647832758688364	4.3497419421828373e-7
0.5727832758688366	4.438997896350261e-7
0.5807832758688367	4.531231247246999e-7
0.5887832758688369	4.626585600744085e-7
0.5967832758688372	4.725214230843059e-7
0.6047832758688373	4.827280993822697e-7
0.6127832758688375	4.932961364209054e-7
0.6207832758688377	5.042443614297675e-7
0.6287832758688379	5.155930163667842e-7
0.6367832758688381	5.273639130976661e-7
0.6447832758688383	5.395806127599478e-7
0.6527832758688386	5.522686341759654e-7
0.6607832758688387	5.654556973127926e-7
0.6687832758688389	5.791720092062411e-7
0.6767832758688391	5.934506015440472e-7
0.6847832758688392	6.083277313353576e-7
0.6927832758688395	6.238433588976826e-7
0.7007832758688397	6.400417209205045e-7
0.7087832758688398	6.569720208064649e-7
0.71678327586884	6.746892640897316e-7
0.7247832758688403	6.93255273791348e-7
0.7327832758688404	7.127399294826913e-7
0.7407832758688406	7.332226850798881e-7
0.7487832758688409	7.547944346063936e-7
0.756783275868841	7.775598131236745e-7
0.7647832758688412	8.016400427347823e-7
0.7727832758688414	8.271764622686426e-7
0.7807832758688417	8.543349155395431e-7
0.7887832758688418	8.833112189469599e-7
0.796783275868842	9.143379871548403e-7
0.8047832758688422	9.476931688373905e-7
0.8127832758688424	9.83710736980138e-7
0.8207832758688426	1.0227940949700631e-6
0.8287832758688428	1.065432906931406e-6
0.8367832758688429	1.1122242462351478e-6
0.8447832758688432	1.1638991894762046e-6
0.8527832758688434	1.2213562763945103e-6
0.8607832758688435	1.2857036238642467e-6
0.8687832758688437	1.3583119420695964e-6
0.876783275868844	1.4408812749558363e-6
0.8847832758688441	1.5355250008728725e-6
0.8927832758688443	1.6448755135386502e-6
0.9007832758688445	1.772217093359386e-6
0.9087832758688448	1.921652814553446e-6
0.9167832758688449	2.0983139576106883e-6
0.9247832758688451	2.3086223535064697e-6
0.9327832758688454	2.560618416384942e-6
0.9407832758688455	2.8643703545977082e-6
0.9487832758688457	3.2324831921415472e-6
0.9567832758688462	3.680729747594818e-6
0.9647832758688463	4.228829499372717e-6
0.9727832758688465	4.901405098042728e-6
0.9807832758688467	5.729149786615942e-6
0.9887832758688468	6.750241537884809e-6
0.9967832758688471	8.012040365079022e-6
1.0047832758688473	9.573102628310536e-6
1.0127832758688475	1.1505538334451558e-5
1.0207832758688478	1.3897721909774414e-5
1.0287832758688478	1.68573406505521e-5
1.036783275868848	2.0514724624753373e-5
1.0447832758688482	2.5026344000738967e-5
1.0527832758688485	3.057828259918937e-5
1.0607832758688487	3.738940064222141e-5
1.068783275868849	4.5713790819952174e-5
1.076783275868849	5.584202272981924e-5
1.0847832758688492	6.810058325884391e-5
1.0927832758688494	8.284888516926712e-5
1.1007832758688496	0.00010047326863704987
1.1087832758688498	0.00012137759277247126
1.11678327586885	0.00014597032143792734
1.1247832758688503	0.0001746484341023559
1.1327832758688503	0.00020777898204769806
1.1407832758688505	0.00024567957052649264
1.1487832758688508	0.00028859936995624864
1.156783275868851	0.0003367023526793129
1.1647832758688512	0.00039005427602276837
1.1727832758688514	0.00044861451664018583
1.1795874569016382	0.0005024115029254855
1.186391637934426	0.0005597164335314694
1.1931958189672127	0.0006203235075018433
1.1965979094836063	0.0006517888764562868
1.1982989547418035	0.0006677966776460934
1.1999999999999997	0.0006839812056206132
