0.005999999999999712	6.279022549094812e-8
0.012179999999999873	6.333171357587329e-8
0.01854539999999994	6.389717815245528e-8
0.025101761999999805	6.448797409377617e-8
0.031854814860000004	6.510555540181691e-8
0.03881045930580001	6.575148434973941e-8
0.045974773084974135	6.642744164469795e-8
0.053354016277523196	6.713523774030441e-8
0.060954636765848814	6.787682545545088e-8
0.06878327586882431	6.865431407921701e-8
0.0767832758688245	6.946350228372438e-8
0.0847832758688247	7.028792164015884e-8
0.09278327586882489	7.112797851067893e-8
0.10078327586882509	7.198409316318173e-8
0.10878327586882527	7.285670037754891e-8
0.11678327586882548	7.37462500806218e-8
0.12478327586882566	7.465320801373987e-8
0.13278327586882585	7.557805643521659e-8
0.14078327586882605	7.652129486027017e-8
0.14878327586882625	7.748344084110425e-8
0.15678327586882645	7.846503079005672e-8
0.16478327586882663	7.94666208489753e-8
0.17278327586882683	8.048878780827732e-8
0.18078327586882703	8.15321300794687e-8
0.18878327586882723	8.259726872527503e-8
0.1967832758688274	8.368484855198109e-8
0.2047832758688276	8.479553926903843e-8
0.2127832758688278	8.59300367215935e-8
0.220783275868828	8.708906420222148e-8
0.22878327586882818	8.827337384888196e-8
0.23678327586882839	8.948374813700575e-8
0.2447832758688286	9.072100147458083e-8
0.25278327586882876	9.198598191027534e-8
0.260783275868829	9.327957296597586e-8
0.26878327586882916	9.460269560667399e-8
0.27678327586882934	9.595631036246225e-8
0.28478327586882957	9.734141961952807e-8
0.29278327586882974	9.875907009955551e-8
0.30078327586882997	1.0021035554986295e-7
0.30878327586883014	1.016964196701041e-7
0.3167832758688303	1.0321845930541725e-7
0.32478327586883055	1.0477772794076517e-7
0.3327832758688307	1.0637553953692097e-7
0.3407832758688309	1.0801327275534243e-7
0.3487832758688311	1.096923756272201e-7
0.3567832758688313	1.1141437073156094e-7
0.3647832758688315	1.1318086095855678e-7
0.3727832758688317	1.1499353594804377e-7
0.38078327586883187	1.1685417930904944e-7
0.3887832758688321	1.1876467674572019e-7
0.3967832758688323	1.2072702523800266e-7
0.40478327586883245	1.227433434530501e-7
0.4127832758688327	1.248158835963141e-7
0.42078327586883285	1.2694704495086924e-7
0.4287832758688331	1.2913938940087016e-7
0.43678327586883325	1.3139565929189693e-7
0.4447832758688334	1.3371879804913174e-7
0.45278327586883366	1.3611197405621e-7
0.46078327586883383	1.3857860839592514e-7
0.468783275868834	1.411224071722186e-7
0.47678327586883423	1.4374739927502984e-7
0.4847832758688344	1.464579806205856e-7
0.49278327586883464	1.492589661055685e-7
0.5007832758688348	1.5215565076132508e-7
0.508783275868835	1.551538818927963e-7
0.5167832758688352	1.5826014434638084e-7
0.5247832758688354	1.614816614843147e-7
0.5327832758688356	1.6482651496562599e-7
0.5407832758688358	1.683037870637434e-7
0.548783275868836	1.7192373001084128e-7
0.5567832758688361	1.7569796777593097e-7
0.5647832758688364	1.7963973679025096e-7
0.5727832758688366	1.8376417346918168e-7
0.5807832758688367	1.8808865799230575e-7
0.5887832758688369	1.9263322575016726e-7
0.5967832758688372	1.9742106021726727e-7
0.6047832758688373	2.024790838501704e-7
0.6127832758688375	2.0783866703894763e-7
0.6207832758688377	2.1353647928221187e-7
0.6287832758688379	2.1961551175933113e-7
0.6367832758688381	2.2612630651664507e-7
0.6447832758688383	2.3312843478399727e-7
0.6527832758688386	2.40692275754122e-7
0.6607832758688387	2.489011578047417e-7
0.6687832758688389	2.5785393700082806e-7
0.6767832758688391	2.676681032389303e-7
0.6847832758688392	2.7848352313777066e-7
0.6927832758688395	2.904669514021861e-7
0.7007832758688397	3.038174696899077e-7
0.7087832758688398	3.187730449536049e-7
0.71678327586884	3.3561843897054426e-7
0.7247832758688403	3.546947486988437e-7
0.7327832758688404	3.7641091488230197e-7
0.7407832758688406	4.012576059668866e-7
0.7487832758688409	4.298239682884569e-7
0.756783275868841	4.628178345068617e-7
0.7647832758688412	5.01090103806779e-7
0.7727832758688414	5.456641535085342e-7
0.7807832758688417	5.977713172143072e-7
0.7887832758688418	6.588936750740345e-7
0.796783275868842	7.30815653746713e-7
0.8047832758688422	8.15686234744822e-7
0.8127832758688424	9.16093928784003e-7
0.8207832758688426	1.0351571003756124e-6
0.8287832758688428	1.1766327322090967e-6
0.8367832758688429	1.3450473149473944e-6
0.8447832758688432	1.545854247817214e-6
0.8527832758688434	1.7856229521662875e-6
0.8607832758688435	2.072265847079333e-6
0.8687832758688437	2.4153104249693374e-6
0.876783275868844	2.8262249046330143e-6
0.8847832758688441	3.318807333131805e-6
0.8927832758688443	3.909649550966537e-6
0.9007832758688445	4.618689109004909e-6
0.9087832758688448	5.469863992536039e-6
0.9167832758688449	6.491886801598257e-6
0.9247832758688451	7.719156752102862e-6
0.9327832758688454	9.192829340732244e-6
0.9407832758688455	1.096206452908866e-5
0.9487832758688457	1.3085474529551931e-5
0.9567832758688462	1.5632791285097794e-5
0.9647832758688463	1.8686770963751614e-5
0.9727832758688465	2.234534752384329e-5
0.9807832758688467	2.672403878829624e-5
0.9887832758688468	3.19585955077399e-5
0.9967832758688471	3.820786554214724e-5
1.0047832758688473	4.5656820557059194e-5
1.0127832758688475	5.451966079103449e-5
1.0207832758688478	6.50428743778275e-5
1.0287832758688478	7.750808232791658e-5
1.036783275868848	9.223445117694463e-5
1.0447832758688482	0.00010958040745442971
1.0527832758688485	0.0001299443495808144
1.0607832758688487	0.00015376403529522087
1.068783275868849	0.00018151434171531845
1.076783275868849	0.00021370316893079273
1.0847832758688492	0.0002508654052120347
1.0927832758688494	0.0002935551063045913
1.1007832758688496	0.0003423363635728988
1.1087832758688498	0.00039777372137474274
1.11678327586885	0.0004604233885688939
1.1247832758688503	0.0005308267566830111
1.1327832758688503	0.000609507725045022
1.1407832758688505	0.0006969748709241903
1.1487832758688508	0.0007937285043835992
1.156783275868851	0.0009002712359718626
1.1647832758688512	0.0010171192677440096
1.1727832758688514	0.0011448107889625722
1.1795874569016382	0.0012623682705535377
1.186391637934426	0.001388532934490421
1.1931958189672127	0.0015236644928887143
1.1965979094836063	0.0015947030726382793
1.1982989547418035	0.0016311095957436054
1.1999999999999997	0.0016681149083911636
