0.005999999999999712	1.0951257193004828e-7
0.012179999999999873	1.1046412823866189e-7
0.01854539999999994	1.1145780560212597e-7
0.025101761999999805	1.1249597975849992e-7
0.031854814860000004	1.1358119943417593e-7
0.03881045930580001	1.1471620216607773e-7
0.045974773084974135	1.159039318955912e-7
0.053354016277523196	1.1714755852512397e-7
0.060954636765848814	1.1845049970378454e-7
0.06878327586882431	1.1981644514560215e-7
0.0767832758688245	1.2123799540602228e-7
0.0847832758688247	1.2268620257902657e-7
0.09278327586882489	1.241617649825358e-7
0.10078327586882509	1.256654040552855e-7
0.10878327586882527	1.2719786532418202e-7
0.11678327586882548	1.2875991941166979e-7
0.12478327586882566	1.3035236309035453e-7
0.13278327586882585	1.3197602038809407e-7
0.14078327586882605	1.3363174374686297e-7
0.14878327586882625	1.3532041523882983e-7
0.15678327586882645	1.3704294784325874e-7
0.16478327586882663	1.3880028678803033e-7
0.17278327586882683	1.405934109598309e-7
0.18078327586882703	1.42423334387277e-7
0.18878327586882723	1.4429110780156684e-7
0.1967832758688274	1.4619782027951736e-7
0.2047832758688276	1.4814460097421972e-7
0.2127832758688278	1.5013262093889365e-7
0.220783275868828	1.5216309504995542e-7
0.22878327586882818	1.5423728403572272e-7
0.23678327586882839	1.5635649661768446e-7
0.2447832758688286	1.585220917718011e-7
0.25278327586882876	1.607354811178377e-7
0.260783275868829	1.629981314454192e-7
0.26878327586882916	1.653115673861335e-7
0.27678327586882934	1.6767737424179467e-7
0.28478327586882957	1.7009720097980886e-7
0.29278327586882974	1.7257276340749438e-7
0.30078327586882997	1.751058475382042e-7
0.30878327586883014	1.7769831316323638e-7
0.3167832758688303	1.8035209764473465e-7
0.32478327586883055	1.8306921994614497e-7
0.3327832758688307	1.858517849183298e-7
0.3407832758688309	1.887019878611334e-7
0.3487832758688311	1.9162211938208029e-7
0.3567832758688313	1.946145705760405e-7
0.3647832758688315	1.9768183855206733e-7
0.3727832758688317	2.0082653233637354e-7
0.38078327586883187	2.0405137918342242e-7
0.3887832758688321	2.0735923133068425e-7
0.3967832758688323	2.1075307323654754e-7
0.40478327586883245	2.1423602934553233e-7
0.4127832758688327	2.178113724301835e-7
0.42078327586883285	2.2148253256522966e-7
0.4287832758688331	2.2525310679664894e-7
0.43678327586883325	2.2912686957665245e-7
0.4447832758688334	2.3310778404535103e-7
0.45278327586883366	2.372000142513454e-7
0.46078327586883383	2.4140793841712807e-7
0.468783275868834	2.4573616337127035e-7
0.47678327586883423	2.501895402886969e-7
0.4847832758688344	2.547731819034068e-7
0.49278327586883464	2.594924813856676e-7
0.5007832758688348	2.6435313310923484e-7
0.508783275868835	2.6936115557451924e-7
0.5167832758688352	2.7452291680282523e-7
0.5247832758688354	2.7984516257655196e-7
0.5327832758688356	2.8533504797333654e-7
0.5407832758688358	2.9100017273151204e-7
0.548783275868836	2.968486210940885e-7
0.5567832758688361	3.028890069134111e-7
0.5647832758688364	3.0913052496516356e-7
0.5727832758688366	3.155830096258797e-7
0.5807832758688367	3.2225700232243607e-7
0.5887832758688369	3.2916382947706805e-7
0.5967832758688372	3.3631569306250243e-7
0.6047832758688373	3.4372577636753284e-7
0.6127832758688375	3.5140836817788936e-7
0.6207832758688377	3.5937900932988803e-7
0.6287832758688379	3.6765466653276305e-7
0.6367832758688381	3.762539395264187e-7
0.6447832758688383	3.8519730910342147e-7
0.6527832758688386	3.945074353510996e-7
0.6607832758688387	4.0420951775412115e-7
0.6687832758688389	4.1433173165626266e-7
0.6767832758688391	4.249057591576686e-7
0.6847832758688392	4.359674370042286e-7
0.6927832758688395	4.4755754963802997e-7
0.7007832758688397	4.5972280261064955e-7
0.7087832758688398	4.725170203759082e-7
0.71678327586884	4.860026235291434e-7
0.7247832758688403	5.002524544147892e-7
0.7327832758688404	5.153520373961118e-7
0.7407832758688406	5.31402381863211e-7
0.7487832758688409	5.485234633659027e-7
0.756783275868841	5.668585524960388e-7
0.7647832758688412	5.86579604057045e-7
0.7727832758688414	6.078939728309669e-7
0.7807832758688417	6.310527896074347e-7
0.7887832758688418	6.563614154656065e-7
0.796783275868842	6.841924978138485e-7
0.8047832758688422	7.150022836212579e-7
0.8127832758688424	7.493510100882977e-7
0.8207832758688426	7.879283986815501e-7
0.8287832758688428	8.315855348060971e-7
0.8367832758688429	8.813747344117399e-7
0.8447832758688432	9.385993951301045e-7
0.8527832758688434	1.0048763207821125e-6
0.8607832758688435	1.0822136154561587e-6
0.8687832758688437	1.1731079919757222e-6
0.876783275868844	1.2806662588986351e-6
0.8847832758688441	1.4087568741267045e-6
0.8927832758688443	1.5621988199080794e-6
0.9007832758688445	1.7469967050429558e-6
0.9087832758688448	1.9706329785836796e-6
0.9167832758688449	2.242430486570387e-6
0.9247832758688451	2.574001353200135e-6
0.9327832758688454	2.979801337643584e-6
0.9407832758688455	3.4778123946486585e-6
0.9487832758688457	4.090380087892487e-6
0.9567832758688462	4.8452366274382445e-6
0.9647832758688463	5.7767443656021184e-6
0.9727832758688465	6.927398156715112e-6
0.9807832758688467	8.349627395473203e-6
0.9887832758688468	1.0107938808645617e-5
0.9967832758688471	1.2281437797069105e-5
1.0047832758688473	1.496675744400712e-5
1.0127832758688475	1.8281407846248896e-5
1.0207832758688478	2.236753135398378e-5
1.0287832758688478	2.7396008554322893e-5
1.036783275868848	3.357080256750676e-5
1.0447832758688482	4.113335368018882e-5
1.0527832758688485	5.0366743084956996e-5
1.0607832758688487	6.159923809188787e-5
1.068783275868849	7.520672201151505e-5
1.076783275868849	9.161341763883728e-5
1.0847832758688492	0.0001112902589973025
1.0927832758688494	0.00013475028200938773
1.1007832758688496	0.00016254052081730576
1.1087832758688498	0.00019523013263691365
1.11678327586885	0.00023339482951260446
1.1247832758688503	0.00027759813922730047
1.1327832758688503	0.0003283704864040371
1.1407832758688505	0.0003861874911104105
1.1487832758688508	0.00045144913502343073
1.156783275868851	0.0005244614764637665
1.1647832758688512	0.0006054223836793909
1.1727832758688514	0.0006944123349036549
1.1795874569016382	0.0007763924455417361
1.186391637934426	0.0008640603544756514
1.1931958189672127	0.0009572634203779662
1.1965979094836063	0.0010058789078729435
1.1982989547418035	0.0010306771624576108
1.1999999999999997	0.0010557966456862559
