0.005999999999999712	2.3303093478851914e-5
0.012179999999999873	2.336568954544645e-5
0.01854539999999994	2.3430577327382685e-5
0.025101761999999805	2.349785609059869e-5
0.031854814860000004	2.356763058407653e-5
0.03881045930580001	2.364001132251742e-5
0.045974773084974135	2.3715115002431283e-5
0.053354016277523196	2.379306495263461e-5
0.060954636765848814	2.3873991623967472e-5
0.06878327586882431	2.395803312311062e-5
0.0767832758688245	2.404464540980984e-5
0.0847832758688247	2.413200842562248e-5
0.09278327586882489	2.42201339123026e-5
0.10078327586882509	2.4309033854335507e-5
0.10878327586882527	2.4398720493033154e-5
0.11678327586882548	2.4489206336177825e-5
0.12478327586882566	2.4580504167709705e-5
0.13278327586882585	2.4672627057528976e-5
0.14078327586882605	2.4765588371481057e-5
0.14878327586882625	2.485940178157196e-5
0.15678327586882645	2.4954081276447868e-5
0.16478327586882663	2.504964117218249e-5
0.17278327586882683	2.514609612340423e-5
0.18078327586882703	2.5243461134789305e-5
0.18878327586882723	2.534175157295869e-5
0.1967832758688274	2.5440983178795922e-5
0.2047832758688276	2.5541172080232874e-5
0.2127832758688278	2.5642334805515285e-5
0.220783275868828	2.5744488296989824e-5
0.22878327586882818	2.5847649925433887e-5
0.23678327586882839	2.595183750497335e-5
0.2447832758688286	2.6057069308609516e-5
0.25278327586882876	2.6163364084392897e-5
0.260783275868829	2.627074107228426e-5
0.26878327586882916	2.6379220021737723e-5
0.27678327586882934	2.6488821210045743e-5
0.28478327586882957	2.659956546148914e-5
0.29278327586882974	2.6711474167337903e-5
0.30078327586882997	2.6824569306747147e-5
0.30878327586883014	2.6938873468601696e-5
0.3167832758688303	2.7054409874361145e-5
0.32478327586883055	2.7171202401957443e-5
0.3327832758688307	2.7289275610813925e-5
0.3407832758688309	2.740865476804033e-5
0.3487832758688311	2.7529365875875678e-5
0.3567832758688313	2.7651435700452076e-5
0.3647832758688315	2.7774891801951204e-5
0.3727832758688317	2.7899762566243524e-5
0.38078327586883187	2.802607723808646e-5
0.3887832758688321	2.815386595598468e-5
0.3967832758688323	2.8283159788806745e-5
0.40478327586883245	2.8413990774264816e-5
0.4127832758688327	2.8546391959370902e-5
0.42078327586883285	2.8680397442994507e-5
0.4287832758688331	2.8816042420645386e-5
0.43678327586883325	2.895336323162734e-5
0.4447832758688334	2.909239740870678e-5
0.45278327586883366	2.9233183730461397e-5
0.46078327586883383	2.9375762276476633e-5
0.468783275868834	2.95201744855741e-5
0.47678327586883423	2.9666463217273682e-5
0.4847832758688344	2.98146728166982e-5
0.49278327586883464	2.99648491831511e-5
0.5007832758688348	3.011703984261238e-5
0.508783275868835	3.0271294024416365e-5
0.5167832758688352	3.0427662742397808e-5
0.5247832758688354	3.058619888081218e-5
0.5327832758688356	3.0746957285359475e-5
0.5407832758688358	3.090999485966926e-5
0.548783275868836	3.107537066762776e-5
0.5567832758688361	3.124314604196787e-5
0.5647832758688364	3.1413384699558354e-5
0.5727832758688366	3.158615286388639e-5
0.5807832758688367	3.176151939524242e-5
0.5887832758688369	3.193955592918199e-5
0.5967832758688372	3.212033702386025e-5
0.6047832758688373	3.230394031690782e-5
0.6127832758688375	3.249044669254706e-5
0.6207832758688377	3.267994045972526e-5
0.6287832758688379	3.287250954209274e-5
0.6367832758688381	3.306824568072551e-5
0.6447832758688383	3.326724465056666e-5
0.6527832758688386	3.3469606491640086e-5
0.6607832758688387	3.367543575618823e-5
0.6687832758688389	3.388484177296517e-5
0.6767832758688391	3.409793893004295e-5
0.6847832758688392	3.431484697758906e-5
0.6927832758688395	3.4535691352212235e-5
0.7007832758688397	3.4760603524619806e-5
0.7087832758688398	3.498972137245513e-5
0.71678327586884	3.5223189580390616e-5
0.7247832758688403	3.5461160069702886e-5
0.7327832758688404	3.5703792459737154e-5
0.7407832758688406	3.5951254563879574e-5
0.7487832758688409	3.6203722922804903e-5
0.756783275868841	3.646138337796013e-5
0.7647832758688412	3.672443168836414e-5
0.7727832758688414	3.699307419398643e-5
0.7807832758688417	3.726752852910148e-5
0.7887832758688418	3.754802438931209e-5
0.796783275868842	3.783480435632551e-5
0.8047832758688422	3.812812478519756e-5
0.8127832758688424	3.842825675960296e-5
0.8207832758688426	3.8735487121704926e-5
0.8287832758688428	3.905011958432469e-5
0.8367832758688429	3.937247593428375e-5
0.8447832758688432	3.970289733704886e-5
0.8527832758688434	4.004174575430261e-5
0.8607832758688435	4.0389405487827244e-5
0.8687832758688437	4.074628486552697e-5
0.876783275868844	4.111281808842576e-5
0.8847832758688441	4.148946726144514e-5
0.8927832758688443	4.187672463572518e-5
0.9007832758688445	4.227511509643448e-5
0.9087832758688448	4.268519893762392e-5
0.9167832758688449	4.310757497496454e-5
0.9247832758688451	4.354288405846002e-5
0.9327832758688454	4.399181306061807e-5
0.9407832758688455	4.445509943143486e-5
0.9487832758688457	4.49335364299487e-5
0.9567832758688462	4.5427979163273504e-5
0.9647832758688463	4.593935158787686e-5
0.9727832758688465	4.646865465472166e-5
0.9807832758688467	4.7016975810212715e-5
0.9887832758688468	4.758550010027931e-5
0.9967832758688471	4.817552316893921e-5
1.0047832758688473	4.8788466502669645e-5
1.0127832758688475	4.9425895361665664e-5
1.0207832758688478	5.008953998279363e-5
1.0287832758688478	5.078132087634209e-5
1.036783275868848	5.150337943024475e-5
1.0447832758688482	5.2258115666875986e-5
1.0527832758688485	5.304823597765072e-5
1.0607832758688487	5.387681510540518e-5
1.068783275868849	5.474737863697352e-5
1.076783275868849	5.5664014784853715e-5
1.0847832758688492	5.663152704976453e-5
1.0927832758688494	5.765564196434379e-5
1.1007832758688496	5.874328782591418e-5
1.1087832758688498	5.990296060168866e-5
1.11678327586885	6.11451922798992e-5
1.1247832758688503	6.24831363010111e-5
1.1327832758688503	6.393328654068692e-5
1.1407832758688505	6.55163521028231e-5
1.1487832758688508	6.72583193080178e-5
1.156783275868851	6.91917423461469e-5
1.1647832758688512	7.13573127507675e-5
1.1727832758688514	7.380576429668241e-5
1.1795874569016382	7.615756925620895e-5
1.186391637934426	7.880668768199249e-5
1.1931958189672127	8.18097006654604e-5
1.1965979094836063	8.346438304833463e-5
1.1982989547418035	8.433411702346143e-5
1.1999999999999997	8.523390903957026e-5
