0.005999999999999712	1.575663049414548e-5
0.012179999999999873	1.5811720256136605e-5
0.01854539999999994	1.586886820423118e-5
0.025101761999999805	1.592816627866303e-5
0.031854814860000004	1.5989711620989575e-5
0.03881045930580001	1.6053606912488704e-5
0.045974773084974135	1.611996078644169e-5
0.053354016277523196	1.618888827546422e-5
0.060954636765848814	1.626051129888865e-5
0.06878327586882431	1.6334959195264862e-5
0.0767832758688245	1.6411756861961348e-5
0.0847832758688247	1.6489294486256907e-5
0.09278327586882489	1.6567584209463326e-5
0.10078327586882509	1.6646638437245202e-5
0.10878327586882527	1.6726469852978615e-5
0.11678327586882548	1.68070914281078e-5
0.12478327586882566	1.688851643260283e-5
0.13278327586882585	1.697075844558401e-5
0.14078327586882605	1.7053831366178026e-5
0.14878327586882625	1.7137749424650638e-5
0.15678327586882645	1.722252719385747e-5
0.16478327586882663	1.7308179601050572e-5
0.17278327586882683	1.7394721940081087e-5
0.18078327586882703	1.7482169884022133e-5
0.18878327586882723	1.757053949825276e-5
0.1967832758688274	1.7659847254031593e-5
0.2047832758688276	1.7750110042589957e-5
0.2127832758688278	1.7841345189782666e-5
0.220783275868828	1.7933570471325543e-5
0.22878327586882818	1.8026804128654878e-5
0.23678327586882839	1.8121064885446206e-5
0.2447832758688286	1.8216371964826304e-5
0.25278327586882876	1.8312745107322745e-5
0.260783275868829	1.8410204589585726e-5
0.26878327586882916	1.8508771243929824e-5
0.27678327586882934	1.8608466478738285e-5
0.28478327586882957	1.8709312299780373e-5
0.29278327586882974	1.881133133248925e-5
0.30078327586882997	1.8914546845256552e-5
0.30878327586883014	1.9018982773801944e-5
0.3167832758688303	1.9124663746674256e-5
0.32478327586883055	1.9231615111951333e-5
0.3327832758688307	1.933986296520775e-5
0.3407832758688309	1.9449434178821527e-5
0.3487832758688311	1.95603564326999e-5
0.3567832758688313	1.967265824650421e-5
0.3647832758688315	1.978636901346626e-5
0.3727832758688317	1.9901519035887713e-5
0.38078327586883187	2.0018139562425795e-5
0.3887832758688321	2.0136262827273703e-5
0.3967832758688323	2.0255922091349136e-5
0.40478327586883245	2.03771516856197e-5
0.4127832758688327	2.0499987056693302e-5
0.42078327586883285	2.062446481482066e-5
0.4287832758688331	2.0750622784463123e-5
0.43678327586883325	2.0878500057583285e-5
0.4447832758688334	2.1008137049849492e-5
0.45278327586883366	2.113957555992958e-5
0.46078327586883383	2.1272858832089378e-5
0.468783275868834	2.1408031622312444e-5
0.47678327586883423	2.154514026818013e-5
0.4847832758688344	2.1684232762765484e-5
0.49278327586883464	2.182535883282484e-5
0.5007832758688348	2.196857002157812e-5
0.508783275868835	2.2113919776406046e-5
0.5167832758688352	2.2261463541812694e-5
0.5247832758688354	2.241125885802948e-5
0.5327832758688356	2.256336546567153e-5
0.5407832758688358	2.2717845416891013e-5
0.548783275868836	2.287476319350354e-5
0.5567832758688361	2.303418583261423e-5
0.5647832758688364	2.3196183060306805e-5
0.5727832758688366	2.336082743400867e-5
0.5807832758688367	2.3528194494203887e-5
0.5887832758688369	2.3698362926215545e-5
0.5967832758688372	2.3871414732853924e-5
0.6047832758688373	2.4047435418780857e-5
0.6127832758688375	2.422651418754035e-5
0.6207832758688377	2.44087441522625e-5
0.6287832758688379	2.4594222561164128e-5
0.6367832758688381	2.4783051039056468e-5
0.6447832758688383	2.4975335846182957e-5
0.6527832758688386	2.517118815584031e-5
0.6607832758688387	2.537072435235808e-5
0.6687832758688389	2.5574066351168618e-5
0.6767832758688391	2.578134194285297e-5
0.6847832758688392	2.599268516323729e-5
0.6927832758688395	2.6208236691793004e-5
0.7007832758688397	2.642814428082935e-5
0.7087832758688398	2.6652563218185924e-5
0.71678327586884	2.6881656826407404e-5
0.7247832758688403	2.7115597001673937e-5
0.7327832758688404	2.735456479606633e-5
0.7407832758688406	2.7598751047131363e-5
0.7487832758688409	2.784835705908085e-5
0.756783275868841	2.8103595340429283e-5
0.7647832758688412	2.8364690403368032e-5
0.7727832758688414	2.8631879630749483e-5
0.7807832758688417	2.8905414217197646e-5
0.7887832758688418	2.9185560191620077e-5
0.796783275868842	2.9472599529252827e-5
0.8047832758688422	2.9766831362389358e-5
0.8127832758688424	3.0068573300129386e-5
0.8207832758688426	3.0378162868927786e-5
0.8287832758688428	3.0695959087409694e-5
0.8367832758688429	3.1022344191029514e-5
0.8447832758688432	3.135772552468464e-5
0.8527832758688434	3.170253762454713e-5
0.8607832758688435	3.205724451429686e-5
0.8687832758688437	3.2422342245802386e-5
0.876783275868844	3.279836172042031e-5
0.8847832758688441	3.31858718347295e-5
0.8927832758688443	3.3585483004131955e-5
0.9007832758688445	3.399785112976971e-5
0.9087832758688448	3.4423682089232994e-5
0.9167832758688449	3.4863736850217745e-5
0.9247832758688451	3.531883732935352e-5
0.9327832758688454	3.578987314672741e-5
0.9407832758688455	3.6277809460976585e-5
0.9487832758688457	3.678369611097834e-5
0.9567832758688462	3.730867833871376e-5
0.9647832758688463	3.7854009424016425e-5
0.9727832758688465	3.842106562515203e-5
0.9807832758688467	3.9011363888187794e-5
0.9887832758688468	3.962658286033294e-5
0.9967832758688471	4.026858781393687e-5
1.0047832758688473	4.09394601534878e-5
1.0127832758688475	4.164153223197335e-5
1.0207832758688478	4.237742824062309e-5
1.0287832758688478	4.315011195663089e-5
1.036783275868848	4.396294214542117e-5
1.0447832758688482	4.481973644295124e-5
1.0527832758688485	4.5724844642134044e-5
1.0607832758688487	4.668323256829833e-5
1.068783275868849	4.770057829473579e-5
1.076783275868849	4.878338351884685e-5
1.0847832758688492	4.9939104731920453e-5
1.0927832758688494	5.117631160854619e-5
1.1007832758688496	5.250488395846552e-5
1.1087832758688498	5.393626352675206e-5
1.11678327586885	5.54837823734528e-5
1.1247832758688503	5.7163094409664305e-5
1.1327832758688503	5.8992739267549236e-5
1.1407832758688505	6.099486626605308e-5
1.1487832758688508	6.319613980532817e-5
1.156783275868851	6.562883694641877e-5
1.1647832758688512	6.833213636739216e-5
1.1727832758688514	7.135358961252319e-5
1.1795874569016382	7.421645970780128e-5
1.186391637934426	7.739302046611418e-5
1.1931958189672127	8.09323484629605e-5
1.1965979094836063	8.285534436697491e-5
1.1982989547418035	8.385859170755965e-5
1.1999999999999997	8.489117147359517e-5
