0.005999999999999712	9.51699388417075e-6
0.012179999999999873	9.560364017883106e-6
0.01854539999999994	9.605401562097122e-6
0.025101761999999805	9.652184157241455e-6
0.031854814860000004	9.70079402134151e-6
0.03881045930580001	9.751318287036537e-6
0.045974773084974135	9.803849381843357e-6
0.053354016277523196	9.858485442166453e-6
0.060954636765848814	9.915330765872082e-6
0.06878327586882431	9.974496308357479e-6
0.0767832758688245	1.0035612503177012e-5
0.0847832758688247	1.0097403019969983e-5
0.09278327586882489	1.0159879704274702e-5
0.10078327586882509	1.02230546767692e-5
0.10878327586882527	1.0286940345459185e-5
0.11678327586882548	1.035154941628246e-5
0.12478327586882566	1.0416894903888267e-5
0.13278327586882585	1.0482990142653766e-5
0.14078327586882605	1.0549848797988882e-5
0.14878327586882625	1.0617484877975473e-5
0.15678327586882645	1.0685912745379871e-5
0.16478327586882663	1.0755147130078645e-5
0.17278327586882683	1.0825203141929704e-5
0.18078327586882703	1.0896096284124573e-5
0.18878327586882723	1.0967842467054259e-5
0.1967832758688274	1.1040458022723186e-5
0.2047832758688276	1.1113959719744643e-5
0.2127832758688278	1.1188364778951318e-5
0.220783275868828	1.1263690889658736e-5
0.22878327586882818	1.1339956226616438e-5
0.23678327586882839	1.1417179467688185e-5
0.2447832758688286	1.1495379812299217e-5
0.25278327586882876	1.1574577000694247e-5
0.260783275868829	1.1654791334053124e-5
0.26878327586882916	1.1736043695507867e-5
0.27678327586882934	1.1818355572114695e-5
0.28478327586882957	1.1901749077832721e-5
0.29278327586882974	1.1986246977565493e-5
0.30078327586882997	1.2071872712327621e-5
0.30878327586883014	1.2158650425597975e-5
0.3167832758688303	1.2246604990928336e-5
0.32478327586883055	1.2335762040879822e-5
0.3327832758688307	1.2426147997365733e-5
0.3407832758688309	1.2517790103479806e-5
0.3487832758688311	1.2610716456901337e-5
0.3567832758688313	1.2704956044969415e-5
0.3647832758688315	1.2800538781526556e-5
0.3727832758688317	1.2897495545640082e-5
0.38078327586883187	1.2995858222315219e-5
0.3887832758688321	1.3095659745324208e-5
0.3967832758688323	1.319693414228343e-5
0.40478327586883245	1.329971658211968e-5
0.4127832758688327	1.3404043425077459e-5
0.42078327586883285	1.3509952275433605e-5
0.4287832758688331	1.3617482037091426e-5
0.43678327586883325	1.372667297224515e-5
0.4447832758688334	1.3837566763319202e-5
0.45278327586883366	1.3950206578400926e-5
0.46078327586883383	1.4064637140401727e-5
0.468783275868834	1.4180904800206902e-5
0.47678327586883423	1.4299057614082587e-5
0.4847832758688344	1.4419145425644192e-5
0.49278327586883464	1.4541219952706227e-5
0.5007832758688348	1.4665334879360344e-5
0.508783275868835	1.4791545953661446e-5
0.5167832758688352	1.4919911091332464e-5
0.5247832758688354	1.5050490485927442e-5
0.5327832758688356	1.518334672593947e-5
0.5407832758688358	1.5318544919375496e-5
0.548783275868836	1.5456152826366873e-5
0.5567832758688361	1.559624100043672e-5
0.5647832758688364	1.573888293909809e-5
0.5727832758688366	1.5884155244519533e-5
0.5807832758688367	1.6032137795059005e-5
0.5887832758688369	1.6182913928543676e-5
0.5967832758688372	1.6336570638251706e-5
0.6047832758688373	1.649319878264138e-5
0.6127832758688375	1.6652893309973847e-5
0.6207832758688377	1.6815753499081164e-5
0.6287832758688379	1.6981883217655606e-5
0.6367832758688381	1.7151391199562912e-5
0.6447832758688383	1.732439134283654e-5
0.6527832758688386	1.7501003030166793e-5
0.6607832758688387	1.7681351473880757e-5
0.6687832758688389	1.7865568087609346e-5
0.6767832758688391	1.805379088705847e-5
0.6847832758688392	1.8246164922548906e-5
0.6927832758688395	1.8442842746261496e-5
0.7007832758688397	1.8643984917425755e-5
0.7087832758688398	1.8849760549040567e-5
0.71678327586884	1.9060347900079415e-5
0.7247832758688403	1.9275935017564802e-5
0.7327832758688404	1.949672043337347e-5
0.7407832758688406	1.9722913921155685e-5
0.7487832758688409	1.9954737319363617e-5
0.756783275868841	2.0192425427052374e-5
0.7647832758688412	2.043622697989288e-5
0.7727832758688414	2.068640571470552e-5
0.7807832758688417	2.0943241531833568e-5
0.7887832758688418	2.1207031765822024e-5
0.796783275868842	2.1478092576221567e-5
0.8047832758688422	2.175676047189086e-5
0.8127832758688424	2.204339398402639e-5
0.8207832758688426	2.2338375505346068e-5
0.8287832758688428	2.264211331545975e-5
0.8367832758688429	2.2955043815676425e-5
0.8447832758688432	2.3277634000343938e-5
0.8527832758688434	2.361038419661307e-5
0.8607832758688435	2.395383111042652e-5
0.8687832758688437	2.4308551223925722e-5
0.876783275868844	2.4675164598750076e-5
0.8847832758688441	2.5054339151398024e-5
0.8927832758688443	2.544679548164465e-5
0.9007832758688445	2.5853312353769712e-5
0.9087832758688448	2.627473295418716e-5
0.9167832758688449	2.671197207923323e-5
0.9247832758688451	2.7166024445024147e-5
0.9327832758688454	2.7637974359311777e-5
0.9407832758688455	2.812900705535151e-5
0.9487832758688457	2.8640422062419977e-5
0.9567832758688462	2.9173649079342252e-5
0.9647832758688463	2.973026692869045e-5
0.9727832758688465	3.0312026302193148e-5
0.9807832758688467	3.092087716317043e-5
0.9887832758688468	3.155900184839647e-5
0.9967832758688471	3.22288551054145e-5
1.0047832758688473	3.29332125032375e-5
1.0127832758688475	3.36752288499579e-5
1.0207832758688478	3.4458508418345416e-5
1.0287832758688478	3.5287188891244906e-5
1.036783275868848	3.616604095817498e-5
1.0447832758688482	3.7100585387779436e-5
1.0527832758688485	3.809722914114547e-5
1.0607832758688487	3.91634216746965e-5
1.068783275868849	4.030783204746039e-5
1.076783275868849	4.154054690012978e-5
1.0847832758688492	4.2873289000729964e-5
1.0927832758688494	4.431965613180362e-5
1.1007832758688496	4.5895380974009325e-5
1.1087832758688498	4.761861467717487e-5
1.11678327586885	4.951024026241627e-5
1.1247832758688503	5.159422688632517e-5
1.1327832758688503	5.389804193608777e-5
1.1407832758688505	5.645314399255694e-5
1.1487832758688508	5.9295584396381595e-5
1.156783275868851	6.246674651076284e-5
1.1647832758688512	6.601424767956904e-5
1.1727832758688514	6.999301763264445e-5
1.1795874569016382	7.37635928316038e-5
1.186391637934426	7.793661258965772e-5
1.1931958189672127	8.256255528589778e-5
1.1965979094836063	8.506268234128058e-5
1.1982989547418035	8.63629057455072e-5
1.1999999999999997	8.769804442697058e-5
