0.005999999999999712	3.415394339116105e-7
0.012179999999999873	3.4456835789658966e-7
0.01854539999999994	3.4773149207883554e-7
0.025101761999999805	3.510364600608402e-7
0.031854814860000004	3.544914403202999e-7
0.03881045930580001	3.5810521832387796e-7
0.045974773084974135	3.6188724433584324e-7
0.053354016277523196	3.658476973785071e-7
0.060954636765848814	3.699975563543911e-7
0.06878327586882431	3.743486793958249e-7
0.0767832758688245	3.788776143429943e-7
0.0847832758688247	3.834922455822534e-7
0.09278327586882489	3.881948687445235e-7
0.10078327586882509	3.9298785526758393e-7
0.10878327586882527	3.978736558641709e-7
0.11678327586882548	4.0285480408040507e-7
0.12478327586882566	4.079339199864843e-7
0.13278327586882585	4.1311371401737127e-7
0.14078327586882605	4.1839699097967283e-7
0.14878327586882625	4.2378665424016915e-7
0.15678327586882645	4.292857101110428e-7
0.16478327586882663	4.348972724468173e-7
0.17278327586882683	4.406245674682889e-7
0.18078327586882703	4.4647093882911594e-7
0.18878327586882723	4.5243985294142454e-7
0.1967832758688274	4.585349045774887e-7
0.2047832758688276	4.647598227655412e-7
0.2127832758688278	4.711184769987404e-7
0.220783275868828	4.776148837775818e-7
0.22878327586882818	4.842532135072946e-7
0.23678327586882839	4.910377977732263e-7
0.2447832758688286	4.979731370187925e-7
0.25278327586882876	5.050639086523463e-7
0.260783275868829	5.123149756110725e-7
0.26878327586882916	5.197313954122447e-7
0.27678327586882934	5.273184297242013e-7
0.28478327586882957	5.350815544919712e-7
0.29278327586882974	5.430264706550131e-7
0.30078327586882997	5.51159115497411e-7
0.30878327586883014	5.594856746739873e-7
0.3167832758688303	5.68012594959083e-7
0.32478327586883055	5.767465977685662e-7
0.3327832758688307	5.85694693509443e-7
0.3407832758688309	5.948641968159522e-7
0.3487832758688311	6.042627427356426e-7
0.3567832758688313	6.138983039342025e-7
0.3647832758688315	6.237792089933756e-7
0.3727832758688317	6.339141618824943e-7
0.38078327586883187	6.443122626909147e-7
0.3887832758688321	6.549830297159651e-7
0.3967832758688323	6.659364230092315e-7
0.40478327586883245	6.771828694925755e-7
0.4127832758688327	6.887332897653525e-7
0.42078327586883285	7.005991267346101e-7
0.4287832758688331	7.127923762120377e-7
0.43678327586883325	7.253256196341278e-7
0.4447832758688334	7.382120590762141e-7
0.45278327586883366	7.514655547467868e-7
0.46078327586883383	7.651006651656067e-7
0.468783275868834	7.791326902480859e-7
0.47678327586883423	7.9357771753964e-7
0.4847832758688344	8.084526718666866e-7
0.49278327586883464	8.237753686969532e-7
0.5007832758688348	8.39564571530041e-7
0.508783275868835	8.558400536710569e-7
0.5167832758688352	8.726226647751212e-7
0.5247832758688354	8.899344025897606e-7
0.5327832758688356	9.077984903657709e-7
0.5407832758688358	9.262394604554833e-7
0.548783275868836	9.452832446716995e-7
0.5567832758688361	9.649572720411748e-7
0.5647832758688364	9.852905746539848e-7
0.5727832758688366	1.0063139023862197e-6
0.5807832758688367	1.0280598473585716e-6
0.5887832758688369	1.0505629790889565e-6
0.5967832758688372	1.0738599914049495e-6
0.6047832758688373	1.0979898623031378e-6
0.6127832758688375	1.1229940280792918e-6
0.6207832758688377	1.1489165732079136e-6
0.6287832758688379	1.1758044376248616e-6
0.6367832758688381	1.2037076432654202e-6
0.6447832758688383	1.232679541935763e-6
0.6527832758688386	1.2627770868524583e-6
0.6607832758688387	1.2940611304779346e-6
0.6687832758688389	1.3265967516143622e-6
0.6767832758688391	1.3604536151016604e-6
0.6847832758688392	1.3957063679057388e-6
0.6927832758688395	1.4324350758891643e-6
0.7007832758688397	1.470725706140554e-6
0.7087832758688398	1.5106706604141202e-6
0.71678327586884	1.5523693660144461e-6
0.7247832758688403	1.5959289313716809e-6
0.7327832758688404	1.6414648746156144e-6
0.7407832758688406	1.6891019346996305e-6
0.7487832758688409	1.7389749760865817e-6
0.756783275868841	1.791229999728586e-6
0.7647832758688412	1.846025275107737e-6
0.7727832758688414	1.9035326105212994e-6
0.7807832758688417	1.9639387816746227e-6
0.7887832758688418	2.027447142092305e-6
0.796783275868842	2.094279443001657e-6
0.8047832758688422	2.164677895343774e-6
0.8127832758688424	2.2389075126318616e-6
0.8207832758688426	2.3172587807606743e-6
0.8287832758688428	2.400050709902123e-6
0.8367832758688429	2.4876343347174047e-6
0.8447832758688432	2.5803967428020074e-6
0.8527832758688434	2.678765728236716e-6
0.8607832758688435	2.7832151882066967e-6
0.8687832758688437	2.894271406982437e-6
0.876783275868844	3.0125204045517825e-6
0.8847832758688441	3.1386165686762265e-6
0.8927832758688443	3.273292841458098e-6
0.9007832758688445	3.417372797657629e-6
0.9087832758688448	3.5717850358397843e-6
0.9167832758688449	3.7375804099033526e-6
0.9247832758688451	3.915952763940796e-6
0.9327832758688454	4.108264005730812e-6
0.9407832758688455	4.316074573625532e-6
0.9487832758688457	4.541180630958118e-6
0.9567832758688462	4.785659677315033e-6
0.9647832758688463	5.0519267167847944e-6
0.9727832758688465	5.342803693520885e-6
0.9807832758688467	5.661605623089482e-6
0.9887832758688468	6.012247746911626e-6
0.9967832758688471	6.399379152849039e-6
1.0047832758688473	6.828549674693644e-6
1.0127832758688475	7.306418540137318e-6
1.0207832758688478	7.841015201406445e-6
1.0287832758688478	8.44206504958798e-6
1.036783275868848	9.121395230070149e-6
1.0447832758688482	9.89343841295038e-6
1.0527832758688485	1.0775854883281457e-5
1.0607832758688487	1.179029529367753e-5
1.068783275868849	1.296332724788009e-5
1.076783275868849	1.4327547694025536e-5
1.0847832758688492	1.5922898786164876e-5
1.0927832758688494	1.7798196111086644e-5
1.1007832758688496	2.0012863601037542e-5
1.1087832758688498	2.2638847848486533e-5
1.11678327586885	2.576265515238805e-5
1.1247832758688503	2.94874174971237e-5
1.1327832758688503	3.3934849969569504e-5
1.1407832758688505	3.92469145038979e-5
1.1487832758688508	4.5586957811982736e-5
1.156783275868851	5.314005172466098e-5
1.1647832758688512	6.211224146228999e-5
1.1727832758688514	7.272841376327315e-5
1.1795874569016382	8.323047208577557e-5
1.186391637934426	9.52487309600067e-5
1.1931958189672127	0.00010893834811544548
1.1965979094836063	0.0001164576110092033
1.1982989547418035	0.00012039422226701146
1.1999999999999997	0.00012445212269887482
