0.005999999999999712	1.9452407487010456e-5
0.012179999999999873	1.951193482694696e-5
0.01854539999999994	1.9573661641327905e-5
0.025101761999999805	1.963768455923452e-5
0.031854814860000004	1.9704105599714794e-5
0.03881045930580001	1.9773032489720656e-5
0.045974773084974135	1.984457908204983e-5
0.053354016277523196	1.9918865808248926e-5
0.060954636765848814	1.9996020171427103e-5
0.06878327586882431	2.0076177283996015e-5
0.0767832758688245	2.015882155826741e-5
0.0847832758688247	2.024221824904082e-5
0.09278327586882489	2.0326379384466423e-5
0.10078327586882509	2.0411317247365962e-5
0.10878327586882527	2.0497044389001135e-5
0.11678327586882548	2.058357363909886e-5
0.12478327586882566	2.0670918115944294e-5
0.13278327586882585	2.075909123662565e-5
0.14078327586882605	2.0848106727480583e-5
0.14878327586882625	2.0937978634797714e-5
0.15678327586882645	2.1028721335813437e-5
0.16478327586882663	2.112034955003945e-5
0.17278327586882683	2.121287835095496e-5
0.18078327586882703	2.130632317809908e-5
0.18878327586882723	2.1400699849588406e-5
0.1967832758688274	2.1496024575096395e-5
0.2047832758688276	2.1592313969322433e-5
0.2127832758688278	2.1689585065980176e-5
0.220783275868828	2.1787855332339593e-5
0.22878327586882818	2.18871426843557e-5
0.23678327586882839	2.198746550241431e-5
0.2447832758688286	2.2088842647733165e-5
0.25278327586882876	2.219129347945538e-5
0.260783275868829	2.2294837872471213e-5
0.26878327586882916	2.2399496236012443e-5
0.27678327586882934	2.2505289533057064e-5
0.28478327586882957	2.261223930059661e-5
0.29278327586882974	2.2720367670804863e-5
0.30078327586882997	2.2829697393168406e-5
0.30878327586883014	2.2940251857624336e-5
0.3167832758688303	2.3052055118764596e-5
0.32478327586883055	2.3165131921170567e-5
0.3327832758688307	2.32795077259391e-5
0.3407832758688309	2.3395208738464626e-5
0.3487832758688311	2.3512261937559463e-5
0.3567832758688313	2.363069510598094e-5
0.3647832758688315	2.3750536862452587e-5
0.3727832758688317	2.3871816695265397e-5
0.38078327586883187	2.3994564997556977e-5
0.3887832758688321	2.4118813104363603e-5
0.3967832758688323	2.4244593331556864e-5
0.40478327586883245	2.437193901678146e-5
0.4127832758688327	2.4500884562510166e-5
0.42078327586883285	2.4631465481357274e-5
0.4287832758688331	2.476371844378733e-5
0.43678327586883325	2.4897681328368546e-5
0.4447832758688334	2.5033393274741615e-5
0.45278327586883366	2.5170894739469138e-5
0.46078327586883383	2.5310227554964634e-5
0.468783275868834	2.5451434991695473e-5
0.47678327586883423	2.5594561823879333e-5
0.4847832758688344	2.573965439891288e-5
0.49278327586883464	2.588676071078003e-5
0.5007832758688348	2.6035930477713583e-5
0.508783275868835	2.6187215224408152e-5
0.5167832758688352	2.6340668369092763e-5
0.5247832758688354	2.649634531581853e-5
0.5327832758688356	2.665430355231432e-5
0.5407832758688358	2.681460275382786e-5
0.548783275868836	2.6977304893371837e-5
0.5567832758688361	2.714247435884843e-5
0.5647832758688364	2.7310178077558675e-5
0.5727832758688366	2.7480485648647465e-5
0.5807832758688367	2.7653469484071537e-5
0.5887832758688369	2.782920495874526e-5
0.5967832758688372	2.800777057055824e-5
0.6047832758688373	2.8189248111021797e-5
0.6127832758688375	2.8373722847374982e-5
0.6207832758688377	2.856128371703809e-5
0.6287832758688379	2.875202353538926e-5
0.6367832758688381	2.894603921791989e-5
0.6447832758688383	2.914343201791377e-5
0.6527832758688386	2.9344307780901143e-5
0.6607832758688387	2.9548777217243186e-5
0.6687832758688389	2.975695619431769e-5
0.6767832758688391	2.9968966049921094e-5
0.6847832758688392	3.018493392862115e-5
0.6927832758688395	3.040499314297246e-5
0.7007832758688397	3.0629283561649836e-5
0.7087832758688398	3.085795202676929e-5
0.71678327586884	3.109115280283221e-5
0.7247832758688403	3.1329048059983576e-5
0.7327832758688404	3.1571808394485094e-5
0.7407832758688406	3.181961338959643e-5
0.7487832758688409	3.2072652220339356e-5
0.756783275868841	3.2331124305947344e-5
0.7647832758688412	3.259524001417072e-5
0.7727832758688414	3.286522142203268e-5
0.7807832758688417	3.31413031380696e-5
0.7887832758688418	3.3423733191665484e-5
0.796783275868842	3.371277399567704e-5
0.8047832758688422	3.400870338929566e-5
0.8127832758688424	3.431181576895026e-5
0.8207832758688426	3.462242331607578e-5
0.8287832758688428	3.494085733182343e-5
0.8367832758688429	3.52674696903045e-5
0.8447832758688432	3.560263442380916e-5
0.8527832758688434	3.594674945574266e-5
0.8607832758688435	3.630023849987342e-5
0.8687832758688437	3.666355314803711e-5
0.876783275868844	3.7037175172887404e-5
0.8847832758688441	3.7421619077851414e-5
0.8927832758688443	3.781743493339538e-5
0.9007832758688445	3.822521154739732e-5
0.9087832758688448	3.864558002820014e-5
0.9167832758688449	3.9079217812252273e-5
0.9247832758688451	3.9526853244514255e-5
0.9327832758688454	3.9989270819618534e-5
0.9407832758688455	4.046731721538543e-5
0.9487832758688457	4.0961908278217655e-5
0.9567832758688462	4.147403715214998e-5
0.9647832758688463	4.200478377988676e-5
0.9727832758688465	4.255532604441973e-5
0.9807832758688467	4.312695286300335e-5
0.9887832758688468	4.3721079590074484e-5
0.9967832758688471	4.4339266131124954e-5
1.0047832758688473	4.498323821543667e-5
1.0127832758688475	4.565491232451071e-5
1.0207832758688478	4.6356424832909535e-5
1.0287832758688478	4.709016600696701e-5
1.036783275868848	4.785881965838458e-5
1.0447832758688482	4.8665409522094854e-5
1.0527832758688485	4.95133539115499e-5
1.0607832758688487	5.040653102797781e-5
1.068783275868849	5.1349358625030116e-5
1.076783275868849	5.234689372702439e-5
1.0847832758688492	5.340496088611839e-5
1.0927832758688494	5.453032100154758e-5
1.1007832758688496	5.57308966708241e-5
1.1087832758688498	5.7016073637045366e-5
1.11678327586885	5.8397100004990864e-5
1.1247832758688503	5.988760441785494e-5
1.1327832758688503	6.150425104490092e-5
1.1407832758688505	6.326754439891446e-5
1.1487832758688508	6.520279362311664e-5
1.156783275868851	6.73412468840205e-5
1.1647832758688512	6.972141248766247e-5
1.1727832758688514	7.239059171902452e-5
1.1795874569016382	7.49311239801516e-5
1.186391637934426	7.776510083845595e-5
1.1931958189672127	8.09428199580702e-5
1.1965979094836063	8.267849041438819e-5
1.1982989547418035	8.358658575849532e-5
1.1999999999999997	8.452308239066173e-5
