0.005999999999999712	1.4137061973040199e-7
0.012179999999999873	1.425864505300557e-7
0.01854539999999994	1.4385598751145728e-7
0.025101761999999805	1.4518225048251601e-7
0.031854814860000004	1.4656847827726684e-7
0.03881045930580001	1.4801814867243156e-7
0.045974773084974135	1.4953500055834945e-7
0.053354016277523196	1.5112305856765898e-7
0.060954636765848814	1.5278666049502574e-7
0.06878327586882431	1.545304878865536e-7
0.0767832758688245	1.5634506425919593e-7
0.0847832758688247	1.5819341649579072e-7
0.09278327586882489	1.6007642056610303e-7
0.10078327586882509	1.619949810845028e-7
0.10878327586882527	1.6395003249783082e-7
0.11678327586882548	1.659425403205948e-7
0.12478327586882566	1.6797350242722316e-7
0.13278327586882585	1.700439504053527e-7
0.14078327586882605	1.721549509741453e-7
0.14878327586882625	1.7430760747184701e-7
0.15678327586882645	1.765030614169318e-7
0.16478327586882663	1.7874249414744672e-7
0.17278327586882683	1.8102712854341204e-7
0.18078327586882703	1.8335823083744422e-7
0.18878327586882723	1.8573711251910946e-7
0.1967832758688274	1.881651323388544e-7
0.2047832758688276	1.9064369841779044e-7
0.2127832758688278	1.9317427047004726e-7
0.220783275868828	1.957583621448518e-7
0.22878327586882818	1.9839754349608407e-7
0.23678327586882839	2.0109344358754274e-7
0.2447832758688286	2.0384775324285815e-7
0.25278327586882876	2.0666222794958167e-7
0.260783275868829	2.0953869092779825e-7
0.26878327586882916	2.1247903637434487e-7
0.27678327586882934	2.154852328946342e-7
0.28478327586882957	2.185593271350208e-7
0.29278327586882974	2.2170344762969162e-7
0.30078327586882997	2.24919808877249e-7
0.30878327586883014	2.282107156633515e-7
0.3167832758688303	2.3157856764721745e-7
0.32478327586883055	2.3502586423129821e-7
0.3327832758688307	2.3855520973508274e-7
0.3407832758688309	2.4216931889592646e-7
0.3487832758688311	2.4587102272172964e-7
0.3567832758688313	2.4966327472271174e-7
0.3647832758688315	2.535491575519015e-7
0.3727832758688317	2.5753189008693536e-7
0.38078327586883187	2.616148349887535e-7
0.3887832758688321	2.658015067764288e-7
0.3967832758688323	2.7009558046121227e-7
0.40478327586883245	2.7450090078741163e-7
0.4127832758688327	2.790214921326708e-7
0.42078327586883285	2.8366156912596313e-7
0.4287832758688331	2.8842554804804524e-7
0.43678327586883325	2.9331805908652593e-7
0.4447832758688334	2.983439595261504e-7
0.45278327586883366	3.035083479646069e-7
0.46078327586883383	3.088165796554014e-7
0.468783275868834	3.1427428309238974e-7
0.47678327586883423	3.1988737796560946e-7
0.4847832758688344	3.256620946358889e-7
0.49278327586883464	3.316049952963783e-7
0.5007832758688348	3.377229970138097e-7
0.508783275868835	3.440233968712103e-7
0.5167832758688352	3.505138994684867e-7
0.5247832758688354	3.572026470785041e-7
0.5327832758688356	3.6409825280590685e-7
0.5407832758688358	3.712098371555079e-7
0.548783275868836	3.785470684893315e-7
0.5567832758688361	3.861202079389216e-7
0.5647832758688364	3.9394015944610026e-7
0.5727832758688366	4.0201852573583583e-7
0.5807832758688367	4.1036767118444207e-7
0.5887832758688369	4.1900079274277346e-7
0.5967832758688372	4.2793200031613233e-7
0.6047832758688373	4.3717640830170387e-7
0.6127832758688375	4.467502403548496e-7
0.6207832758688377	4.566709499156415e-7
0.6287832758688379	4.6695735959903594e-7
0.6367832758688381	4.776298232651398e-7
0.6447832758688383	4.887104154758181e-7
0.6527832758688386	5.002231541562733e-7
0.6607832758688387	5.121942636726253e-7
0.6687832758688389	5.246524872815945e-7
0.6767832758688391	5.376294600978466e-7
0.6847832758688392	5.511601564743448e-7
0.6927832758688395	5.652834291476108e-7
0.7007832758688397	5.800426618480164e-7
0.7087832758688398	5.954865625490347e-7
0.71678327586884	6.116701314242536e-7
0.7247832758688403	6.286558462695573e-7
0.7327832758688404	6.465151191024497e-7
0.7407832758688406	6.653300914653402e-7
0.7487832758688409	6.851958533864911e-7
0.756783275868841	7.062231929391558e-7
0.7647832758688412	7.285420110809266e-7
0.7727832758688414	7.523055714571793e-7
0.7807832758688417	7.776957990102172e-7
0.7887832758688418	8.04929896931794e-7
0.796783275868842	8.342686217228952e-7
0.8047832758688422	8.660266446325526e-7
0.8127832758688424	9.005855392287572e-7
0.8207832758688426	9.384100751688577e-7
0.8287832758688428	9.800686746754266e-7
0.8367832758688429	1.0262591098343321e-6
0.8447832758688432	1.0778407967927964e-6
0.8527832758688434	1.1358753909887158e-6
0.8607832758688435	1.2016778224792818e-6
0.8687832758688437	1.2768804526154476e-6
0.876783275868844	1.3635137071751186e-6
0.8847832758688441	1.4641073756182852e-6
0.8927832758688443	1.5818177952003583e-6
0.9007832758688445	1.7205874009186423e-6
0.9087832758688448	1.8853446604780076e-6
0.9167832758688449	2.0822542729770314e-6
0.9247832758688451	2.3190297354495802e-6
0.9327832758688454	2.6053230109710793e-6
0.9407832758688455	2.95320908823822e-6
0.9487832758688457	3.377786697513965e-6
0.9567832758688462	3.8979202814299876e-6
0.9647832758688463	4.537152366920782e-6
0.9727832758688465	5.324819472939781e-6
0.9807832758688467	6.2974081543643425e-6
0.9887832758688468	7.50018999505096e-6
0.9967832758688471	8.989174231188367e-6
1.0047832758688473	1.0833412657448174e-5
1.0127832758688475	1.3117681441054448e-5
1.0207832758688478	1.594554575433547e-5
1.0287832758688478	1.9442782538848755e-5
1.036783275868848	2.376109082434927e-5
1.0447832758688482	2.9081954855295264e-5
1.0527832758688485	3.5620441367897635e-5
1.0607832758688487	4.36286104450241e-5
1.068783275868849	5.339810650701093e-5
1.076783275868849	6.526138673656279e-5
1.0847832758688492	7.959096204175526e-5
1.0927832758688494	9.679600210273182e-5
1.1007832758688496	0.00011731572632348612
1.1087832758688498	0.00014160919630048369
1.11678327586885	0.0001701414538932511
1.1247832758688503	0.0002033663915443074
1.1327832758688503	0.00024170723852028956
1.1407832758688505	0.0002855360049054935
1.1487832758688508	0.0003351535383277596
1.156783275868851	0.00039077192958763293
1.1647832758688512	0.00045250081608293614
1.1727832758688514	0.0005203387062866952
1.1795874569016382	0.0005827609979792979
1.186391637934426	0.0006493854938968983
1.1931958189672127	0.0007200215791770996
1.1965979094836063	0.000756771512046778
1.1982989547418035	0.0007754897293343262
1.1999999999999997	0.0007944303303627411
