0.005999999999999712	3.510046535107774e-7
0.012179999999999873	3.541500000045969e-7
0.01854539999999994	3.57434862739847e-7
0.025101761999999805	3.60867172132254e-7
0.031854814860000004	3.644554362646932e-7
0.03881045930580001	3.6820879500703843e-7
0.045974773084974135	3.7213708012387475e-7
0.053354016277523196	3.762508817933204e-7
0.060954636765848814	3.8056162257842913e-7
0.06878327586882431	3.850816399538078e-7
0.0767832758688245	3.8978658926151143e-7
0.0847832758688247	3.945807831624391e-7
0.09278327586882489	3.994666086439116e-7
0.10078327586882509	4.044465314122714e-7
0.10878327586882527	4.095230994660264e-7
0.11678327586882548	4.1469894676547936e-7
0.12478327586882566	4.1997679704049956e-7
0.13278327586882585	4.253594677544186e-7
0.14078327586882605	4.308498742404843e-7
0.14878327586882625	4.364510340265972e-7
0.15678327586882645	4.421660713636156e-7
0.16478327586882663	4.479982219725534e-7
0.17278327586882683	4.5395083802626817e-7
0.18078327586882703	4.6002739338164275e-7
0.18878327586882723	4.662314890789964e-7
0.1967832758688274	4.725668591261981e-7
0.2047832758688276	4.790373765859686e-7
0.2127832758688278	4.856470599858667e-7
0.220783275868828	4.924000800717521e-7
0.22878327586882818	4.993007669268109e-7
0.23678327586882839	5.063536174797298e-7
0.2447832758688286	5.13563303427227e-7
0.25278327586882876	5.209346795979038e-7
0.260783275868829	5.284727927863311e-7
0.26878327586882916	5.361828910883544e-7
0.27678327586882934	5.44070433770847e-7
0.28478327586882957	5.521411017116764e-7
0.29278327586882974	5.60400808448321e-7
0.30078327586882997	5.688557118763527e-7
0.30878327586883014	5.77512226642398e-7
0.3167832758688303	5.863770372794127e-7
0.32478327586883055	5.954571121359829e-7
0.3327832758688307	6.047597181553634e-7
0.3407832758688309	6.142924365644755e-7
0.3487832758688311	6.240631795378048e-7
0.3567832758688313	6.34080207906554e-7
0.3647832758688315	6.443521499890077e-7
0.3727832758688317	6.548880216244792e-7
0.38078327586883187	6.656972475000056e-7
0.3887832758688321	6.76789683866444e-7
0.3967832758688323	6.881756427489379e-7
0.40478327586883245	6.998659177656506e-7
0.4127832758688327	7.118718116784824e-7
0.42078327586883285	7.242051658105761e-7
0.4287832758688331	7.368783914769705e-7
0.43678327586883325	7.499045035881275e-7
0.4447832758688334	7.632971566003612e-7
0.45278327586883366	7.770706830030356e-7
0.46078327586883383	7.912401345499152e-7
0.468783275868834	8.058213264614192e-7
0.47678327586883423	8.208308848456226e-7
0.4847832758688344	8.362862976098914e-7
0.49278327586883464	8.522059691604287e-7
0.5007832758688348	8.686092792166816e-7
0.508783275868835	8.855166460990769e-7
0.5167832758688352	9.029495948843749e-7
0.5247832758688354	9.209308308626172e-7
0.5327832758688356	9.394843187735267e-7
0.5407832758688358	9.586353683494157e-7
0.548783275868836	9.784107267464874e-7
0.5567832758688361	9.988386785075013e-7
0.5647832758688364	1.0199491537673287e-6
0.5727832758688366	1.0417738454894635e-6
0.5807832758688367	1.0643463366077424e-6
0.5887832758688369	1.0877022380436114e-6
0.5967832758688372	1.1118793386783964e-6
0.6047832758688373	1.1369177684818831e-6
0.6127832758688375	1.1628601761365805e-6
0.6207832758688377	1.1897519226526703e-6
0.6287832758688379	1.2176412926452929e-6
0.6367832758688381	1.2465797251452e-6
0.6447832758688383	1.2766220660409015e-6
0.6527832758688386	1.3078268445086727e-6
0.6607832758688387	1.340256576080721e-6
0.6687832758688389	1.3739780953378674e-6
0.6767832758688391	1.4090629215977612e-6
0.6847832758688392	1.4455876614106649e-6
0.6927832758688395	1.4836344521816385e-6
0.7007832758688397	1.5232914518228685e-6
0.7087832758688398	1.5646533800150235e-6
0.71678327586884	1.607822117438692e-6
0.7247832758688403	1.6529073702465803e-6
0.7327832758688404	1.7000274081065448e-6
0.7407832758688406	1.7493098853847832e-6
0.7487832758688409	1.800892756491241e-6
0.756783275868841	1.854925298121044e-6
0.7647832758688412	1.9115692531467927e-6
0.7727832758688414	1.9710001133137594e-6
0.7807832758688417	2.033408560745952e-6
0.7887832758688418	2.099002091682194e-6
0.796783275868842	2.1680068499613405e-6
0.8047832758688422	2.2406697027150394e-6
0.8127832758688424	2.317260596711841e-6
0.8207832758688426	2.3980752410739886e-6
0.8287832758688428	2.4834381709829775e-6
0.8367832758688429	2.573706257902284e-6
0.8447832758688432	2.6692727452960894e-6
0.8527832758688434	2.770571905470088e-6
0.8607832758688435	2.8780844338474706e-6
0.8687832758688437	2.9923437228011713e-6
0.876783275868844	3.1139431894802836e-6
0.8847832758688441	3.2435448726693323e-6
0.8927832758688443	3.3818895648920464e-6
0.9007832758688445	3.5298088106444473e-6
0.9087832758688448	3.688239183576106e-6
0.9167832758688449	3.858239359444989e-6
0.9247832758688451	4.041010633900195e-6
0.9327832758688454	4.237921702418192e-6
0.9407832758688455	4.450538733955063e-6
0.9487832758688457	4.6806620425427475e-6
0.9567832758688462	4.9303710077431924e-6
0.9647832758688463	5.2020793347764475e-6
0.9727832758688465	5.498603301606903e-6
0.9807832758688467	5.8232463410478775e-6
0.9887832758688468	6.179904183013164e-6
0.9967832758688471	6.573195870667297e-6
1.0047832758688473	7.008627300441472e-6
1.0127832758688475	7.492795551802654e-6
1.0207832758688478	8.033644188061463e-6
1.0287832758688478	8.640781918371636e-6
1.036783275868848	9.325879461167826e-6
1.0447832758688482	1.0103162013274791e-5
1.0527832758688485	1.0990017166549898e-5
1.0607832758688487	1.2007740027245922e-5
1.068783275868849	1.3182438081393693e-5
1.076783275868849	1.4546117175331637e-5
1.0847832758688492	1.6137965769375003e-5
1.0927832758688494	1.8005846116250222e-5
1.1007832758688496	2.0207986903045896e-5
1.1087832758688498	2.2814851025525033e-5
1.11678327586885	2.5911123827954712e-5
1.1247832758688503	2.959773138546179e-5
1.1327832758688503	3.3993756340988474e-5
1.1407832758688505	3.923807293073751e-5
1.1487832758688508	4.5490477391530014e-5
1.156783275868851	5.293205140313894e-5
1.1647832758688512	6.176447367172389e-5
1.1727832758688514	7.220799992459178e-5
1.1795874569016382	8.253380631632065e-5
1.186391637934426	9.434575215586323e-5
1.1931958189672127	0.00010779632318055084
1.1965979094836063	0.00011518303198883482
1.1982989547418035	0.00011904999060074659
1.1999999999999997	0.00012303594930158102
