0.005999999999999712	1.8278157205165309e-7
0.012179999999999873	1.8440603422463076e-7
0.01854539999999994	1.8610234435148893e-7
0.025101761999999805	1.8787454362879212e-7
0.031854814860000004	1.8972696615276432e-7
0.03881045930580001	1.9166426525143418e-7
0.045974773084974135	1.9369144302277897e-7
0.053354016277523196	1.9581388313213704e-7
0.060954636765848814	1.980373873097892e-7
0.06878327586882431	2.0036821604930743e-7
0.0767832758688245	2.027937043081657e-7
0.0847832758688247	2.05264428062769e-7
0.09278327586882489	2.0778155032026888e-7
0.10078327586882509	2.1034627172443025e-7
0.10878327586882527	2.1295983211261303e-7
0.11678327586882548	2.1562351213010667e-7
0.12478327586882566	2.1833863491859876e-7
0.13278327586882585	2.2110656788402355e-7
0.14078327586882605	2.2392872454911576e-7
0.14878327586882625	2.2680656649612135e-7
0.15678327586882645	2.29741605405437e-7
0.16478327586882663	2.327354051961806e-7
0.17278327586882683	2.3578958427508363e-7
0.18078327586882703	2.3890581790045556e-7
0.18878327586882723	2.4208584066843723e-7
0.1967832758688274	2.4533144912919344e-7
0.2047832758688276	2.4864450454129674e-7
0.2127832758688278	2.520269357730572e-7
0.220783275868828	2.554807423602354e-7
0.22878327586882818	2.590079977302281e-7
0.23678327586882839	2.6261085260362735e-7
0.2447832758688286	2.662915385847716e-7
0.25278327586882876	2.700523719539108e-7
0.260783275868829	2.738957576744947e-7
0.26878327586882916	2.7782419363020024e-7
0.27678327586882934	2.8184027510745114e-7
0.28478327586882957	2.8594669954046545e-7
0.29278327586882974	2.901462715372168e-7
0.30078327586882997	2.9444190820626197e-7
0.30878327586883014	2.988366448059882e-7
0.3167832758688303	3.0333364073967626e-7
0.32478327586883055	3.0793618592180845e-7
0.3327832758688307	3.1264770754313534e-7
0.3407832758688309	3.1747177726454097e-7
0.3487832758688311	3.224121188723268e-7
0.3567832758688313	3.2747261643044565e-7
0.3647832758688315	3.326573229684937e-7
0.3727832758688317	3.3797046974775874e-7
0.38078327586883187	3.434164761515912e-7
0.3887832758688321	3.4899996025069933e-7
0.3967832758688323	3.547257500988342e-7
0.40478327586883245	3.6059889581957563e-7
0.4127832758688327	3.6662468255110343e-7
0.42078327586883285	3.72808644322194e-7
0.4287832758688331	3.7915657894039794e-7
0.43678327586883325	3.856745639814327e-7
0.4447832758688334	3.9236897397823e-7
0.45278327586883366	3.9924649891852076e-7
0.46078327586883383	4.063141641716439e-7
0.468783275868834	4.1357935197853656e-7
0.47678327586883423	4.2104982465400613e-7
0.4847832758688344	4.2873374966744973e-7
0.49278327586883464	4.366397267878811e-7
0.5007832758688348	4.447768175012811e-7
0.508783275868835	4.5315457693413015e-7
0.5167832758688352	4.617830885464447e-7
0.5247832758688354	4.706730018918457e-7
0.5327832758688356	4.798355737819049e-7
0.5407832758688358	4.89282713238214e-7
0.548783275868836	4.990270306698291e-7
0.5567832758688361	5.090818917773202e-7
0.5647832758688364	5.194614767598456e-7
0.5727832758688366	5.301808454905666e-7
0.5807832758688367	5.412560094318775e-7
0.5887832758688369	5.527040111885854e-7
0.5967832758688372	5.64543012749288e-7
0.6047832758688373	5.767923936497342e-7
0.6127832758688375	5.89472860513933e-7
0.6207832758688377	6.026065696987795e-7
0.6287832758688379	6.162172650969318e-7
0.6367832758688381	6.303304335560024e-7
0.6447832758688383	6.449734808669708e-7
0.6527832758688386	6.601759318853159e-7
0.6607832758688387	6.759696591025827e-7
0.6687832758688389	6.923891449219607e-7
0.6767832758688391	7.094717840542492e-7
0.6847832758688392	7.27258233900603e-7
0.6927832758688395	7.457928225992261e-7
0.7007832758688397	7.651240266802899e-7
0.7087832758688398	7.853050331170223e-7
0.71678327586884	8.063944041337e-7
0.7247832758688403	8.284568676274362e-7
0.7327832758688404	8.515642617265535e-7
0.7407832758688406	8.757966691575444e-7
0.7487832758688409	9.01243786122673e-7
0.756783275868841	9.280065818067373e-7
0.7647832758688412	9.561993190762709e-7
0.7727832758688414	9.85952025222716e-7
0.7807832758688417	1.017413524764985e-6
0.7887832758688418	1.0507551756786497e-6
0.796783275868842	1.0861754876147297e-6
0.8047832758688422	1.1239058478111345e-6
0.8127832758688424	1.1642176401311862e-6
0.8207832758688426	1.2074311183259555e-6
0.8287832758688428	1.253926490406704e-6
0.8367832758688429	1.3041577921960154e-6
0.8447832758688432	1.3586702812761777e-6
0.8527832758688434	1.4181222758589882e-6
0.8607832758688435	1.4833126066941175e-6
0.8687832758688437	1.5552151564842804e-6
0.876783275868844	1.6350223456009678e-6
0.8847832758688441	1.7241999035864366e-6
0.8927832758688443	1.8245558649211907e-6
0.9007832758688445	1.938327470554488e-6
0.9087832758688448	2.068290573203516e-6
0.9167832758688449	2.2178972670770964e-6
0.9247832758688451	2.3914488258693168e-6
0.9327832758688454	2.594312669881736e-6
0.9407832758688455	2.8331940210366452e-6
0.9487832758688457	3.1164751557178913e-6
0.9567832758688462	3.4546377140358885e-6
0.9647832758688463	3.860786305773537e-6
0.9727832758688465	4.351294524414058e-6
0.9807832758688467	4.946597175686362e-6
0.9887832758688468	5.672154599630759e-6
0.9967832758688471	6.559615712408198e-6
1.0047832758688473	7.648204765871245e-6
1.0127832758688475	8.986351326388752e-6
1.0207832758688478	1.0633571597110065e-5
1.0287832758688478	1.2662589406388415e-5
1.036783275868848	1.5161654017654975e-5
1.0447832758688482	1.8236966434716084e-5
1.0527832758688485	2.20150639250626e-5
1.0607832758688487	2.6644934036630637e-5
1.068783275868849	3.2299538458281954e-5
1.076783275868849	3.917633399181046e-5
1.0847832758688492	4.74963012035184e-5
1.0927832758688494	5.7500958053852467e-5
1.1007832758688496	6.944687844859206e-5
1.1087832758688498	8.359738423397685e-5
1.11678327586885	0.0001002113486205291
1.1247832758688503	0.00011952942514648158
1.1327832758688503	0.00014175844676411273
1.1407832758688505	0.00016705513816239108
1.1487832758688508	0.00019551055207220152
1.156783275868851	0.00022713669915025658
1.1647832758688512	0.00026185666625491857
1.1727832758688514	0.00029949915091991014
1.1795874569016382	0.0003336186948733616
1.186391637934426	0.00036944531786379836
1.1931958189672127	0.00040671960102379296
1.1965979094836063	0.00042580910250846854
1.1982989547418035	0.0004354494081187248
1.1999999999999997	0.0004451458811910991
