0.006000000000000146	-0.00016749071271841097
0.012180000000000307	-0.00016748529133326712
0.01854540000000037	-0.00016748000823991576
0.025101762000000236	-0.00016747450619236954
0.031854814860000434	-0.00016746877336108434
0.03881045930580044	-0.000167462797580822
0.045974773084974566	-0.00016745656585924712
0.05335401627752363	-0.00016745006430327037
0.06095463676584925	-0.00016744327803924853
0.06878327586882474	-0.00016743619112428852
0.07678327586882494	-0.000167428842582565
0.08478327586882513	-0.00016742137945343496
0.09278327586882533	-0.00016741380655917602
0.10078327586882552	-0.0001674061214838529
0.10878327586882572	-0.00016739832173116355
0.1167832758688259	-0.00016739040472917274
0.12478327586882611	-0.00016738236782778135
0.1327832758688263	-0.00016737420829556453
0.1407832758688265	-0.00016736592331645795
0.1487832758688267	-0.0001673575099865345
0.15678327586882687	-0.00016734896531067135
0.16478327586882707	-0.00016734028619867786
0.17278327586882727	-0.0001673314694617555
0.18078327586882748	-0.00016732251180851847
0.18878327586882765	-0.00016731340984075613
0.19678327586882785	-0.00016730416004925706
0.20478327586882805	-0.0001672947588092266
0.21278327586882825	-0.00016728520237547012
0.22078327586882843	-0.00016727548687769852
0.22878327586882863	-0.00016726560831496708
0.23678327586882883	-0.00016725556255058557
0.24478327586882903	-0.00016724534530616057
0.2527832758688292	-0.00016723495215565596
0.26078327586882943	-0.0001672243785190495
0.2687832758688296	-0.00016721361965597013
0.2767832758688298	-0.00016720267065815393
0.28478327586883	-0.00016719152644283482
0.2927832758688302	-0.00016718018174445985
0.30078327586883036	-0.00016716863110689855
0.3087832758688306	-0.00016715686887482765
0.31678327586883076	-0.00016714488918473733
0.324783275868831	-0.00016713268595537007
0.33278327586883116	-0.0001671202528778724
0.34078327586883134	-0.0001671075834051183
0.34878327586883157	-0.0001670946707406797
0.35678327586883174	-0.00016708150782695767
0.3647832758688319	-0.00016706808733284504
0.37278327586883214	-0.00016705440164063089
0.3807832758688323	-0.00016704044283192158
0.38878327586883255	-0.000167026202673218
0.3967832758688327	-0.00016701167260014548
0.4047832758688329	-0.00016699684370101973
0.4127832758688331	-0.0001669817066994241
0.4207832758688333	-0.00016696625193563292
0.42878327586883347	-0.00016695046934695916
0.4367832758688337	-0.00016693434844678476
0.44478327586883387	-0.0001669178783024854
0.4527832758688341	-0.00016690104751187516
0.4607832758688343	-0.0001668838441779446
0.46878327586883445	-0.00016686625588229641
0.4767832758688347	-0.00016684826965652496
0.48478327586883485	-0.000166829871952168
0.492783275868835	-0.00016681104860818616
0.5007832758688352	-0.00016679178481625824
0.5087832758688354	-0.00016677206508408632
0.5167832758688357	-0.0001667518731961691
0.5247832758688358	-0.00016673119217122526
0.532783275868836	-0.00016671000421715845
0.5407832758688362	-0.000166688290682926
0.5487832758688365	-0.00016666603200619586
0.5567832758688366	-0.0001666432076580458
0.5647832758688368	-0.00016661979608290412
0.572783275868837	-0.00016659577463419412
0.5807832758688372	-0.0001665711195052311
0.5887832758688374	-0.00016654580565451688
0.5967832758688376	-0.00016651980672523304
0.6047832758688377	-0.00016649309495857405
0.612783275868838	-0.00016646564109959558
0.6207832758688382	-0.000166437414296037
0.6287832758688383	-0.00016640838198800419
0.6367832758688385	-0.00016637850978902074
0.6447832758688388	-0.00016634776135624984
0.6527832758688389	-0.00016631609824999818
0.6607832758688391	-0.00016628347978065003
0.6687832758688393	-0.0001662498628410825
0.6767832758688396	-0.0001662152017251165
0.6847832758688397	-0.0001661794479278177
0.6927832758688399	-0.00016614254992713032
0.7007832758688401	-0.0001661044529448354
0.7087832758688403	-0.00016606509868296747
0.7167832758688405	-0.00016602442503428307
0.7247832758688407	-0.0001659823657624015
0.7327832758688408	-0.00016593885014787768
0.7407832758688411	-0.00016589380259588666
0.7487832758688413	-0.00016584714220030099
0.7567832758688414	-0.0001657987822568666
0.7647832758688416	-0.00016574862971947338
0.7727832758688419	-0.00016569658458974825
0.780783275868842	-0.00016564253922928782
0.7887832758688422	-0.0001655863775824866
0.7967832758688425	-0.00016552797429427674
0.8047832758688427	-0.0001654671937045662
0.8127832758688428	-0.0001654038886967917
0.820783275868843	-0.000165337899373275
0.8287832758688433	-0.00016526905152423847
0.8367832758688434	-0.0001651971548500923
0.8447832758688436	-0.0001651220008859741
0.8527832758688438	-0.00016504336056812017
0.860783275868844	-0.000164960981365936
0.8687832758688442	-0.00016487458388709066
0.8767832758688444	-0.00016478385784150852
0.8847832758688445	-0.00016468845722265548
0.8927832758688448	-0.0001645879945348609
0.900783275868845	-0.00016448203385319827
0.9087832758688451	-0.0001643700824572904
0.9167832758688453	-0.00016425158072086817
0.9247832758688456	-0.0001641258898695403
0.9327832758688458	-0.00016399227713542687
0.9407832758688459	-0.00016384989773590846
0.9487832758688461	-0.00016369777298252857
0.9567832758688462	-0.00016353476368240698
0.9647832758688463	-0.0001633595378203996
0.9727832758688465	-0.000163170531304804
0.9807832758688467	-0.000162965900309407
0.9887832758688468	-0.00016274346344738124
0.9967832758688471	-0.00016250063164915374
1.0047832758688473	-0.00016223432317363063
1.0127832758688475	-0.00016194086064363707
1.0207832758688478	-0.00016161584632632287
1.0287832758688478	-0.00016125401105717
1.036783275868848	-0.00016084903117912988
1.0447832758688482	-0.000160393306592939
1.0527832758688485	-0.00015987769141422866
1.0607832758688487	-0.00015929116672062715
1.068783275868849	-0.00015862044232677557
1.076783275868849	-0.00015784947129397637
1.0847832758688492	-0.00015695885676559614
1.0927832758688494	-0.0001559251255183525
1.1007832758688496	-0.00015471983612546918
1.1087832758688498	-0.0001533084817676348
1.11678327586885	-0.00015164913870385993
1.1247832758688503	-0.00014969080198930722
1.1327832758688503	-0.00014737134191425655
1.1407832758688505	-0.0001446150109175967
1.1487832758688508	-0.0001413294362071609
1.156783275868851	-0.00013740205449526015
1.1647832758688512	-0.0001326959895071847
1.1727832758688514	-0.00012704544638227414
1.1807832758688515	-0.00012025080064973534
1.1887832758688517	-0.00011207368256361301
1.196783275868852	-0.000102232470185592
1.2047832758688521	-9.039864979866682e-5
1.2127832758688524	-7.619439589924635e-5
1.2207832758688526	-5.919137153959109e-5
1.2287832758688526	-3.8910098110355626e-5
1.2367832758688528	-1.481835294164697e-5
1.244783275868853	1.3673824268629242e-5
1.2510874569016404	3.967386768422968e-5
1.2573916379344268	6.915758044882372e-5
1.2636958189672132	0.00010254399489397875
1.2668479094836063	0.00012088843131793346
1.2684239547418033	0.00013049118919418882
1.2700000000000002	0.00014036596357133623
