0.006000000000000146	-0.0001670951833994013
0.012180000000000307	-0.0001670907124547022
0.01854540000000037	-0.00016708645226622305
0.025101762000000236	-0.00016708201523405754
0.031854814860000434	-0.00016707739156822515
0.03881045930580044	-0.00016707257136543388
0.045974773084974566	-0.00016706754404224964
0.05335401627752363	-0.00016706229827360015
0.06095463676584925	-0.00016705682192595032
0.06878327586882474	-0.0001670511019829611
0.07678327586882494	-0.00016704516941371501
0.08478327586882513	-0.00016703914213628797
0.09278327586882533	-0.00016703302497575418
0.10078327586882552	-0.0001670268158841896
0.10878327586882572	-0.00016702051274179716
0.1167832758688259	-0.0001670141133626522
0.12478327586882611	-0.00016700761549201323
0.1327832758688263	-0.0001670010168035755
0.1407832758688265	-0.00016699431489683217
0.1487832758688267	-0.0001669875072935947
0.15678327586882687	-0.00016698059143549943
0.16478327586882707	-0.00016697356468013357
0.17278327586882727	-0.00016696642429822023
0.18078327586882748	-0.00016695916746954984
0.18878327586882765	-0.00016695179127956418
0.19678327586882785	-0.00016694429271546716
0.20478327586882805	-0.00016693666866181674
0.21278327586882825	-0.00016692891589649447
0.22078327586882843	-0.000166921031086202
0.22878327586882863	-0.00016691301078149276
0.23678327586882883	-0.0001669048514120681
0.24478327586882903	-0.00016689654928149286
0.2527832758688292	-0.0001668881005615117
0.26078327586882943	-0.00016687950128641465
0.2687832758688296	-0.00016687074734715658
0.2767832758688298	-0.0001668618344845618
0.28478327586883	-0.00016685275828291134
0.2927832758688302	-0.00016684351416270705
0.30078327586883036	-0.00016683409737326
0.3087832758688306	-0.00016682450298472612
0.31678327586883076	-0.00016681472588007495
0.324783275868831	-0.00016680476074589805
0.33278327586883116	-0.00016679460206329267
0.34078327586883134	-0.00016678424409851227
0.34878327586883157	-0.0001667736808918569
0.35678327586883174	-0.00016676290624748565
0.3647832758688319	-0.00016675191372134083
0.37278327586883214	-0.00016674069660914365
0.3807832758688323	-0.00016672924793338713
0.38878327586883255	-0.00016671756042968105
0.3967832758688327	-0.00016670562653205119
0.4047832758688329	-0.0001666934383575638
0.4127832758688331	-0.00016668098768995938
0.4207832758688333	-0.00016666826596224303
0.42878327586883347	-0.00016665526423822392
0.4367832758688337	-0.00016664197319267484
0.44478327586883387	-0.00016662838309063936
0.4527832758688341	-0.0001666144837651087
0.4607832758688343	-0.00016660026459309706
0.46878327586883445	-0.00016658571447072772
0.4767832758688347	-0.00016657082178590162
0.48478327586883485	-0.0001665555743896008
0.492783275868835	-0.00016653995956537467
0.5007832758688352	-0.000166523963996138
0.5087832758688354	-0.0001665075737292158
0.5167832758688357	-0.0001664907741386666
0.5247832758688358	-0.00016647354988485346
0.532783275868836	-0.00016645588487133523
0.5407832758688362	-0.00016643776219829546
0.5487832758688365	-0.00016641916411305475
0.5567832758688366	-0.00016640007195615222
0.5647832758688368	-0.0001663804661037832
0.572783275868837	-0.00016636032590585832
0.5807832758688372	-0.00016633962961905684
0.5887832758688374	-0.00016631835433456255
0.5967832758688376	-0.00016629647590030616
0.6047832758688377	-0.00016627396883648742
0.612783275868838	-0.00016625080624437983
0.6207832758688382	-0.00016622695970767572
0.6287832758688383	-0.00016620239918519356
0.6367832758688385	-0.00016617709289416176
0.6447832758688388	-0.0001661510071839807
0.6527832758688389	-0.00016612410639811915
0.6607832758688391	-0.00016609635272385923
0.6687832758688393	-0.00016606770602785732
0.6767832758688396	-0.00016603812367681447
0.6847832758688397	-0.00016600756034064948
0.6927832758688399	-0.0001659759677764882
0.7007832758688401	-0.00016594329459150507
0.7087832758688403	-0.0001659094859811923
0.7167832758688405	-0.00016587448344097697
0.7247832758688407	-0.00016583822444666993
0.7327832758688408	-0.00016580064210069186
0.7407832758688411	-0.0001657616647379193
0.7487832758688413	-0.00016572121548712475
0.7567832758688414	-0.0001656792117798072
0.7647832758688416	-0.00016563556480018993
0.7727832758688419	-0.0001655901788648688
0.780783275868842	-0.00016554295072332377
0.7887832758688422	-0.00016549376876392265
0.7967832758688425	-0.00016544251211084098
0.8047832758688427	-0.00016538904958998687
0.8127832758688428	-0.00016533323854340794
0.820783275868843	-0.00016527492345973468
0.8287832758688433	-0.00016521393438790897
0.8367832758688434	-0.00016515008508906424
0.8447832758688436	-0.00016508317087437016
0.8527832758688438	-0.00016501296606276196
0.860783275868844	-0.0001649392209784333
0.8687832758688442	-0.00016486165838913881
0.8767832758688444	-0.00016477996926340116
0.8847832758688445	-0.00016469380769730733
0.8927832758688448	-0.00016460278482700546
0.900783275868845	-0.000164506461500773
0.9087832758688451	-0.00016440433943596457
0.9167832758688453	-0.00016429585052170394
0.9247832758688456	-0.0001641803438560599
0.9327832758688458	-0.0001640570700158472
0.9407832758688459	-0.0001639251619497272
0.9487832758688461	-0.00016378361175501297
0.9567832758688462	-0.0001636312424442219
0.9647832758688463	-0.00016346667361955605
0.9727832758688465	-0.00016328827975178008
0.9807832758688467	-0.00016309413948924987
0.9887832758688468	-0.00016288197409990894
0.9967832758688471	-0.00016264907275675657
1.0047832758688473	-0.00016239220190547
1.0127832758688475	-0.0001621074953743952
1.0207832758688478	-0.00016179032119023221
1.0287832758688478	-0.0001614351202128868
1.036783275868848	-0.00016103521067039136
1.0447832758688482	-0.00016058255142349504
1.0527832758688485	-0.00016006745526705475
1.0607832758688487	-0.00015947824173037474
1.068783275868849	-0.00015880081658119924
1.076783275868849	-0.00015801816247779514
1.0847832758688492	-0.00015710972181078825
1.0927832758688494	-0.00015605064857801267
1.1007832758688496	-0.00015481090099705213
1.1087832758688498	-0.00015335414038111897
1.11678327586885	-0.00015163639474482846
1.1247832758688503	-0.00014960443825492542
1.1327832758688503	-0.0001471938314861033
1.1407832758688505	-0.00014432656530840695
1.1487832758688508	-0.0001409082577380317
1.156783275868851	-0.00013682487464741007
1.1647832758688512	-0.00013193898910845642
1.1727832758688514	-0.0001260856657447263
1.1807832758688515	-0.00011906815438695649
1.1887832758688517	-0.00011065368621825957
1.196783275868852	-0.00010056974846409319
1.2047832758688521	-8.850120779720208e-5
1.2127832758688524	-7.408847663551782e-5
1.2207832758688526	-5.692649852605765e-5
1.2287832758688526	-3.656366144390326e-5
1.2367832758688528	-1.2498958333466021e-5
1.244783275868853	1.582489365751436e-5
1.2510874569016404	4.157151871060899e-5
1.2573916379344268	7.067907606967109e-5
1.2636958189672132	0.0001035520279209637
1.2668479094836063	0.00012158252989976625
1.2684239547418033	0.00013101324155427216
1.2700000000000002	0.00014070630054474907
