0.006000000000000146	-0.00016784262547494093
0.012180000000000307	-0.0001678271651243314
0.01854540000000037	-0.0001678113459062433
0.025101762000000236	-0.00016779489663586581
0.031854814860000434	-0.0001677777863021401
0.03881045930580044	-0.00016775998216055635
0.045974773084974566	-0.00016774144939411513
0.05335401627752363	-0.00016772215094551244
0.06095463676584925	-0.0001677020473337597
0.06878327586882474	-0.00016768109645241662
0.07678327586882494	-0.0001676594231266638
0.08478327586882513	-0.00016763747227350965
0.09278327586882533	-0.00016761524791889285
0.10078327586882552	-0.00016759274495294
0.10878327586882572	-0.0001675699581318704
0.1167832758688259	-0.00016754688208073395
0.12478327586882611	-0.0001675235112886405
0.1327832758688263	-0.00016749984010415797
0.1407832758688265	-0.00016747586273053517
0.1487832758688267	-0.0001674515732204952
0.15678327586882687	-0.00016742696547104055
0.16478327586882707	-0.00016740203321814328
0.17278327586882727	-0.00016737677003096
0.18078327586882748	-0.00016735116930582909
0.18878327586882765	-0.00016732522426042166
0.19678327586882785	-0.000167298927926962
0.20478327586882805	-0.00016727227314580848
0.21278327586882825	-0.00016724525255828286
0.22078327586882843	-0.0001672178585995747
0.22878327586882863	-0.00016719008349085394
0.23678327586882883	-0.00016716191923139953
0.24478327586882903	-0.00016713335759060294
0.2527832758688292	-0.0001671043900985371
0.26078327586882943	-0.00016707500803765123
0.2687832758688296	-0.00016704520243258417
0.2767832758688298	-0.00016701496404048153
0.28478327586883	-0.000166984283340677
0.2927832758688302	-0.00016695315052335725
0.30078327586883036	-0.000166921555478366
0.3087832758688306	-0.00016688948778314312
0.31678327586883076	-0.00016685693668995013
0.324783275868831	-0.00016682389111283993
0.33278327586883116	-0.00016679033961367162
0.34078327586883134	-0.00016675627038738991
0.34878327586883157	-0.0001667216712470181
0.35678327586883174	-0.00016668652960734356
0.3647832758688319	-0.0001666508324680884
0.37278327586883214	-0.00016661456639603341
0.3807832758688323	-0.00016657771750662586
0.38878327586883255	-0.00016654027144382013
0.3967832758688327	-0.00016650221335992653
0.4047832758688329	-0.0001664635278933493
0.4127832758688331	-0.0001664241991459561
0.4207832758688333	-0.0001663842106586255
0.42878327586883347	-0.00016634354538576598
0.4367832758688337	-0.00016630218566888097
0.44478327586883387	-0.00016626011320718397
0.4527832758688341	-0.00016621730902862563
0.4607832758688343	-0.0001661737534573922
0.46878327586883445	-0.00016612942608101384
0.4767832758688347	-0.00016608430571466264
0.48478327586883485	-0.00016603837036349315
0.492783275868835	-0.00016599159718344464
0.5007832758688352	-0.00016594396243879253
0.5087832758688354	-0.00016589544145784163
0.5167832758688357	-0.00016584600858548276
0.5247832758688358	-0.00016579563713328788
0.532783275868836	-0.00016574429932616946
0.5407832758688362	-0.00016569196624564313
0.5487832758688365	-0.000165638607770259
0.5567832758688366	-0.0001655841925108696
0.5647832758688368	-0.00016552868774326668
0.572783275868837	-0.000165472059335282
0.5807832758688372	-0.00016541427166950442
0.5887832758688374	-0.00016535528756091606
0.5967832758688376	-0.0001652950681688114
0.6047832758688377	-0.00016523357290282526
0.612783275868838	-0.0001651707593225368
0.6207832758688382	-0.00016510658302975123
0.6287832758688383	-0.00016504099755338905
0.6367832758688385	-0.00016497395422616787
0.6447832758688388	-0.00016490540205249651
0.6527832758688389	-0.0001648352875658006
0.6607832758688391	-0.0001647635546764302
0.6687832758688393	-0.00016469014450685288
0.6767832758688396	-0.00016461499521472475
0.6847832758688397	-0.0001645380418023319
0.6927832758688399	-0.0001644592159098182
0.7007832758688401	-0.00016437844559233922
0.7087832758688403	-0.0001642956550785596
0.7167832758688405	-0.0001642107645081919
0.7247832758688407	-0.00016412368964719389
0.7327832758688408	-0.00016403434157695777
0.7407832758688411	-0.0001639426263553369
0.7487832758688413	-0.0001638484446461785
0.7567832758688414	-0.00016375169131199087
0.7647832758688416	-0.00016365225496668237
0.7727832758688419	-0.0001635500174817461
0.780783275868842	-0.00016344485343964358
0.7887832758688422	-0.00016333662952706067
0.7967832758688425	-0.0001632252038573447
0.8047832758688427	-0.00016311042521295
0.8127832758688428	-0.00016299213219264237
0.820783275868843	-0.0001628701522483714
0.8287832758688433	-0.0001627443005907101
0.8367832758688434	-0.00016261437894003611
0.8447832758688436	-0.00016248017409284488
0.8527832758688438	-0.000162341456265976
0.860783275868844	-0.0001621979771748326
0.8687832758688442	-0.0001620494677879273
0.8767832758688444	-0.00016189563568887793
0.8847832758688445	-0.00016173616195851886
0.8927832758688448	-0.00016157069746934098
0.900783275868845	-0.0001613988584583316
0.9087832758688451	-0.0001612202212118634
0.9167832758688453	-0.00016103431565764778
0.9247832758688456	-0.00016084061761084624
0.9327832758688458	-0.0001606385393665367
0.9407832758688459	-0.00016042741826017775
0.9487832758688461	-0.00016020650274056975
0.9567832758688462	-0.00015997493540237728
0.9647832758688463	-0.00015973173231051207
0.9727832758688465	-0.0001594757578111294
0.9807832758688467	-0.00015920569384894612
0.9887832758688468	-0.00015892000259454646
0.9967832758688471	-0.00015861688090178648
1.0047832758688473	-0.0001582942047429873
1.0127832758688475	-0.00015794946128219324
1.0207832758688478	-0.0001575796655881225
1.0287832758688478	-0.00015718125813460004
1.036783275868848	-0.00015674997810573798
1.0447832758688482	-0.00015628070606697893
1.0527832758688485	-0.00015576726769508467
1.0607832758688487	-0.00015520218788712733
1.068783275868849	-0.00015457638157649457
1.076783275868849	-0.0001538787638357066
1.0847832758688492	-0.00015309575716831086
1.0927832758688494	-0.0001522106680859236
1.1007832758688496	-0.00015120289789210978
1.1087832758688498	-0.00015004694380189152
1.11678327586885	-0.0001487111358586876
1.1247832758688503	-0.00014715604241172066
1.1327832758688503	-0.00014533246219423267
1.1407832758688505	-0.00014317890476797066
1.1487832758688508	-0.0001406184444445719
1.156783275868851	-0.00013755481830283298
1.1647832758688512	-0.00013386763110725486
1.1727832758688514	-0.00012940653636186683
1.1807832758688515	-0.00012398429475493723
1.1887832758688517	-0.00011736868436680409
1.196783275868852	-0.00010927336902457588
1.2047832758688521	-9.934803626961333e-5
1.2127832758688524	-8.71683917552597e-5
1.2207832758688526	-7.222689975914849e-5
1.2287832758688526	-5.3925377386914216e-5
1.2367832758688528	-3.157047978296297e-5
1.244783275868853	-4.372484740841067e-6
1.2510874569016404	2.106495332530857e-5
1.2573916379344268	5.0518070819224725e-5
1.2636958189672132	8.451353475741e-5
1.2668479094836063	0.00010343121414168451
1.2684239547418033	0.00011339384441452096
1.2700000000000002	0.00012367986711924738
