0.006000000000000146	-0.0001545871875722634
0.012180000000000307	-0.0001545847739766746
0.01854540000000037	-0.00015458281710266985
0.025101762000000236	-0.00015458078242296783
0.031854814860000434	-0.00015457866488819568
0.03881045930580044	-0.00015457646019684877
0.045974773084974566	-0.00015457416375503724
0.05335401627752363	-0.00015457177064649193
0.06095463676584925	-0.00015456927560204145
0.06878327586882474	-0.00015456667296617695
0.07678327586882494	-0.00015456397609885046
0.08478327586882513	-0.00015456123694411298
0.09278327586882533	-0.00015455846037364253
0.10078327586882552	-0.00015455564543418278
0.10878327586882572	-0.00015455279112891083
0.1167832758688259	-0.00015454989642645133
0.12478327586882611	-0.00015454696025957084
0.1327832758688263	-0.00015454398152388722
0.1407832758688265	-0.00015454095907574565
0.1487832758688267	-0.00015453789173077513
0.15678327586882687	-0.00015453477826176212
0.16478327586882707	-0.00015453161739713633
0.17278327586882727	-0.00015452840781863284
0.18078327586882748	-0.00015452514815926294
0.18878327586882765	-0.000154521837000947
0.19678327586882785	-0.00015451847287242744
0.20478327586882805	-0.00015451505424658978
0.21278327586882825	-0.00015451157953804751
0.22078327586882843	-0.0001545080470999281
0.22878327586882863	-0.0001545044552216854
0.23678327586882883	-0.0001545008021253628
0.24478327586882903	-0.00015449708596271356
0.2527832758688292	-0.00015449330481181393
0.26078327586882943	-0.00015448945667314516
0.2687832758688296	-0.000154485539466116
0.2767832758688298	-0.0001544815510247633
0.28478327586883	-0.00015447748909371448
0.2927832758688302	-0.0001544733513233652
0.30078327586883036	-0.0001544691352652065
0.3087832758688306	-0.0001544648383670105
0.31678327586883076	-0.00015446045796694183
0.324783275868831	-0.00015445599128817382
0.33278327586883116	-0.0001544514354326523
0.34078327586883134	-0.0001544467873747354
0.34878327586883157	-0.00015444204395424733
0.35678327586883174	-0.00015443720186927498
0.3647832758688319	-0.00015443225766844726
0.37278327586883214	-0.0001544272077423189
0.3807832758688323	-0.0001544220483151497
0.38878327586883255	-0.0001544167754351372
0.3967832758688327	-0.0001544113849644446
0.4047832758688329	-0.0001544058725686937
0.4127832758688331	-0.0001544002337054168
0.4207832758688333	-0.0001543944636121422
0.42878327586883347	-0.0001543885572930125
0.4367832758688337	-0.0001543825095053892
0.44478327586883387	-0.0001543763147445253
0.4527832758688341	-0.00015436996722784476
0.4607832758688343	-0.0001543634608778105
0.46878327586883445	-0.00015435678930370765
0.4767832758688347	-0.00015434994578186423
0.48478327586883485	-0.00015434292323456315
0.492783275868835	-0.00015433571420736493
0.5007832758688352	-0.00015432831084469034
0.5087832758688354	-0.00015432070486350448
0.5167832758688357	-0.00015431288752499508
0.5247832758688358	-0.00015430484960403496
0.532783275868836	-0.00015429658135625822
0.5407832758688362	-0.0001542880724821962
0.5487832758688365	-0.00015427931208910717
0.5567832758688366	-0.00015427028864909475
0.5647832758688368	-0.0001542609899538054
0.572783275868837	-0.0001542514030657003
0.5807832758688372	-0.00015424151426474697
0.5887832758688374	-0.00015423130899082805
0.5967832758688376	-0.0001542207717804698
0.6047832758688377	-0.00015420988619895156
0.612783275868838	-0.00015419863476516047
0.6207832758688382	-0.00015418699887052306
0.6287832758688383	-0.00015417495868962815
0.6367832758688385	-0.00015416249308293527
0.6447832758688388	-0.00015414957948970908
0.6527832758688389	-0.00015413619381113807
0.6607832758688391	-0.00015412231028070843
0.6687832758688393	-0.00015410790132281338
0.6767832758688396	-0.00015409293739549143
0.6847832758688397	-0.00015407738681748448
0.6927832758688399	-0.00015406121557639402
0.7007832758688401	-0.0001540443871155773
0.7087832758688403	-0.00015402686209739532
0.7167832758688405	-0.000154008598139081
0.7247832758688407	-0.00015398954951727364
0.7327832758688408	-0.00015396966683713038
0.7407832758688411	-0.00015394889665983224
0.7487832758688413	-0.00015392718108290612
0.7567832758688414	-0.00015390445726477128
0.7647832758688416	-0.00015388065688488138
0.7727832758688419	-0.0001538557055286394
0.780783275868842	-0.00015382952198288304
0.7887832758688422	-0.00015380201742645514
0.7967832758688425	-0.00015377309449623983
0.8047832758688427	-0.00015374264620392097
0.8127832758688428	-0.0001537105546757477
0.820783275868843	-0.00015367668967776872
0.8287832758688433	-0.0001536409068836331
0.8367832758688434	-0.00015360304583121479
0.8447832758688436	-0.0001535629275000729
0.8527832758688438	-0.00015352035143048287
0.860783275868844	-0.0001534750922810527
0.8687832758688442	-0.00015342689570319466
0.8767832758688444	-0.000153375473378919
0.8847832758688445	-0.00015332049703697728
0.8927832758688448	-0.0001532615912168892
0.900783275868845	-0.0001531983245030779
0.9087832758688451	-0.000153130198885989
0.9167832758688453	-0.00015305663683417176
0.9247832758688456	-0.0001529769655721559
0.9327832758688458	-0.00015289039794797046
0.9407832758688459	-0.00015279600914588302
0.9487832758688461	-0.0001526927083412764
0.9567832758688462	-0.00015257920420516733
0.9647832758688463	-0.00015245396293497266
0.9727832758688465	-0.00015231515720972506
0.9807832758688467	-0.00015216060412870017
0.9887832758688468	-0.00015198768978050777
0.9967832758688471	-0.00015179327759444589
1.0047832758688473	-0.00015157359702174368
1.0127832758688475	-0.0001513241083801274
1.0207832758688478	-0.00015103933884841564
1.0287832758688478	-0.00015071268360749567
1.036783275868848	-0.0001503361650031394
1.0447832758688482	-0.0001499001413535973
1.0527832758688485	-0.00014939295569178285
1.0607832758688487	-0.0001488005133796612
1.068783275868849	-0.0001481057762898318
1.076783275868849	-0.00014728816029193373
1.0847832758688492	-0.00014632282237941177
1.0927832758688494	-0.00014517982427588138
1.1007832758688496	-0.00014382316121378872
1.1087832758688498	-0.00014220964826761748
1.11678327586885	-0.00014028766261808977
1.1247832758688503	-0.00013799574871357757
1.1327832758688503	-0.00013526110439917376
1.1407832758688505	-0.00013199797901125367
1.1487832758688508	-0.00012810602768238336
1.156783275868851	-0.00012346867721580693
1.1647832758688512	-0.00011795156443908374
1.1727832758688514	-0.00011140110319159275
1.1807832758688515	-0.00010364321400424332
1.1887832758688517	-9.448219990971878e-5
1.196783275868852	-8.369965659586501e-5
1.2047832758688521	-7.10531497538614e-5
1.2127832758688524	-5.6274180563821975e-5
1.2207832758688526	-3.906474614313711e-5
1.2287832758688526	-1.909171476684073e-5
1.2367832758688528	4.021545752512248e-6
1.244783275868853	3.070620559774012e-5
1.2510874569016404	5.4590514070090055e-5
1.2573916379344268	8.126376305597538e-5
1.2636958189672132	0.00011105263128583561
1.2668479094836063	0.0001272603772863571
1.2684239547418033	0.00013570495611674426
1.2700000000000002	0.00014436491349009714
