0.006000000000000146	-0.00016558510320559353
0.012180000000000307	-0.00016556066459996356
0.01854540000000037	-0.00016553550117006562
0.025101762000000236	-0.00016550936509366926
0.031854814860000434	-0.0001654822106343906
0.03881045930580044	-0.000165453989465889
0.045974773084974566	-0.00016542465034173964
0.05335401627752363	-0.00016539413886910458
0.06095463676584925	-0.00016536239726176264
0.06878327586882474	-0.00016532936406944137
0.07678327586882494	-0.00016529524251966354
0.08478327586882513	-0.00016526073884513552
0.09278327586882533	-0.00016522585659899802
0.10078327586882552	-0.00016519058923752074
0.10878327586882572	-0.00016515493005957765
0.1167832758688259	-0.00016511887220726335
0.12478327586882611	-0.00016508240866110036
0.1327832758688263	-0.0001650455322344213
0.1407832758688265	-0.00016500823556828945
0.1487832758688267	-0.00016497051112573604
0.15678327586882687	-0.0001649323511861951
0.16478327586882707	-0.0001648937478394532
0.17278327586882727	-0.00016485469297946914
0.18078327586882748	-0.00016481517829810869
0.18878327586882765	-0.00016477519527836694
0.19678327586882785	-0.00016473473518776295
0.20478327586882805	-0.00016469378907098254
0.21278327586882825	-0.00016465234774246825
0.22078327586882843	-0.00016461040177881962
0.22878327586882863	-0.000164567941510748
0.23678327586882883	-0.00016452495701462763
0.24478327586882903	-0.00016448143810382504
0.2527832758688292	-0.00016443737431971845
0.26078327586882943	-0.0001643927549218853
0.2687832758688296	-0.00016434756887876207
0.2767832758688298	-0.00016430180485693538
0.28478327586883	-0.00016425545121049194
0.2927832758688302	-0.0001642084959696024
0.30078327586883036	-0.0001641609268290357
0.3087832758688306	-0.00016411273113592955
0.31678327586883076	-0.00016406389587619413
0.324783275868831	-0.00016401440766202534
0.33278327586883116	-0.0001639642527172847
0.34078327586883134	-0.0001639134168625092
0.34878327586883157	-0.00016386188549994757
0.35678327586883174	-0.00016380964359698794
0.3647832758688319	-0.000163756675669032
0.37278327586883214	-0.00016370296576192448
0.3807832758688323	-0.00016364849743308953
0.38878327586883255	-0.0001635932537313382
0.3967832758688327	-0.0001635372171768339
0.4047832758688329	-0.00016348036973875505
0.4127832758688331	-0.00016342269281261363
0.4207832758688333	-0.00016336416719601603
0.42878327586883347	-0.0001633047730632193
0.4367832758688337	-0.00016324448993822237
0.44478327586883387	-0.00016318329666675617
0.4527832758688341	-0.00016312117138642736
0.4607832758688343	-0.00016305809149525955
0.46878327586883445	-0.00016299403361807145
0.4767832758688347	-0.0001629289735725693
0.48478327586883485	-0.00016286288633093237
0.492783275868835	-0.0001627957459816264
0.5007832758688352	-0.00016272752568787335
0.5087832758688354	-0.0001626581976430069
0.5167832758688357	-0.00016258773302539733
0.5247832758688358	-0.0001625161019479126
0.532783275868836	-0.00016244327340672187
0.5407832758688362	-0.0001623692152252757
0.5487832758688365	-0.00016229389399602541
0.5567832758688366	-0.0001622172750181647
0.5647832758688368	-0.00016213932223071946
0.572783275868837	-0.00016205999814232906
0.5807832758688372	-0.00016197926375667533
0.5887832758688374	-0.00016189707849186038
0.5967832758688376	-0.00016181340009582796
0.6047832758688377	-0.00016172818455551598
0.612783275868838	-0.00016164138599988483
0.6207832758688382	-0.0001615529565965271
0.6287832758688383	-0.00016146284644147222
0.6367832758688385	-0.00016137100344120367
0.6447832758688388	-0.00016127737318570365
0.6527832758688389	-0.00016118189881379784
0.6607832758688391	-0.00016108452086805697
0.6687832758688393	-0.00016098517713942728
0.6767832758688396	-0.00016088380250037107
0.6847832758688397	-0.00016078032872617455
0.6927832758688399	-0.00016067468430223467
0.7007832758688401	-0.00016056679421721682
0.7087832758688403	-0.00016045657973948185
0.7167832758688405	-0.0001603439581774177
0.7247832758688407	-0.0001602288426187554
0.7327832758688408	-0.00016011114164956957
0.7407832758688411	-0.00015999075904867926
0.7487832758688413	-0.0001598675934550458
0.7567832758688414	-0.00015974153800503416
0.7647832758688416	-0.00015961247993398462
0.7727832758688419	-0.00015948030013823784
0.780783275868842	-0.00015934487269020868
0.7887832758688422	-0.00015920606429990425
0.7967832758688425	-0.00015906373371364356
0.8047832758688427	-0.00015891773104015437
0.8127832758688428	-0.0001587678969908775
0.820783275868843	-0.00015861406202230947
0.8287832758688433	-0.00015845604536208119
0.8367832758688434	-0.0001582936538997598
0.8447832758688436	-0.00015812668091937034
0.8527832758688438	-0.0001579549046429134
0.860783275868844	-0.0001577780865482854
0.8687832758688442	-0.0001575959694149287
0.8767832758688444	-0.00015740827503351823
0.8847832758688445	-0.00015721470150141677
0.8927832758688448	-0.00015701491999942823
0.900783275868845	-0.00015680857091672653
0.9087832758688451	-0.0001565952591570346
0.9167832758688453	-0.0001563745484135149
0.9247832758688456	-0.00015614595415535708
0.9327832758688458	-0.0001559089350130171
0.9407832758688459	-0.00015566288218859668
0.9487832758688461	-0.00015540710645606327
0.9567832758688462	-0.0001551408222446886
0.9647832758688463	-0.00015486312822581819
0.9727832758688465	-0.00015457298372639335
0.9807832758688467	-0.00015426918019099042
0.9887832758688468	-0.00015395030674622293
0.9967832758688471	-0.00015361470871496212
1.0047832758688473	-0.00015326043761867812
1.0127832758688475	-0.00015288519078679984
1.0207832758688478	-0.00015248623812271175
1.0287832758688478	-0.00015206033284027748
1.036783275868848	-0.00015160360203898257
1.0447832758688482	-0.00015111141178951004
1.0527832758688485	-0.00015057819991107452
1.0607832758688487	-0.0001499972677362404
1.068783275868849	-0.00014936051976775064
1.076783275868849	-0.0001486581370920102
1.0847832758688492	-0.00014787816650075632
1.0927832758688494	-0.00014700600224474438
1.1007832758688496	-0.0001460237308763476
1.1087832758688498	-0.00014490930134162982
1.11678327586885	-0.0001436354719141852
1.1247832758688503	-0.0001421684722105849
1.1327832758688503	-0.0001404663018975986
1.1407832758688505	-0.00013847656740867482
1.1487832758688508	-0.00013613373391743657
1.156783275868851	-0.00013335564259674024
1.1647832758688512	-0.00013003911461013923
1.1727832758688514	-0.00012605443739441836
1.1807832758688515	-0.00012123851302962369
1.1887832758688517	-0.00011538645542968242
1.196783275868852	-0.0001082414718513916
1.2047832758688521	-9.948298088036252e-5
1.2127832758688524	-8.871313332437983e-5
1.2207832758688526	-7.544223669508416e-5
1.2287832758688526	-5.9074029138287856e-5
1.2367832758688528	-3.8892223794957846e-5
1.244783275868853	-1.4050047365551274e-5
1.2510874569016404	9.462896123589298e-6
1.2573916379344268	3.700696482046143e-5
1.2636958189672132	6.91885444763835e-5
1.2668479094836063	8.725858071113757e-5
1.2684239547418033	9.681849663473028e-5
1.2700000000000002	0.00010672038046389892
