0.006000000000000146	-0.00016777882021173536
0.012180000000000307	-0.00016776053558321496
0.01854540000000037	-0.00016774177161707788
0.025101762000000236	-0.0001677222679575581
0.031854814860000434	-0.0001677019887756096
0.03881045930580044	-0.00016768089621443607
0.045974773084974566	-0.0001676589500585351
0.05335401627752363	-0.00016763610754578047
0.06095463676584925	-0.00016761232316186053
0.06878327586882474	-0.00016758754841452968
0.07678327586882494	-0.00016756193269588563
0.08478327586882513	-0.00016753600354978224
0.09278327586882533	-0.00016750976475644013
0.10078327586882552	-0.00016748321068660484
0.10878327586882572	-0.0001674563355678961
0.1167832758688259	-0.0001674291334875666
0.12478327586882611	-0.0001674015983874296
0.1327832758688263	-0.00016737372405868146
0.1407832758688265	-0.00016734550413707744
0.1487832758688267	-0.00016731693209785678
0.15678327586882687	-0.00016728800124964985
0.16478327586882707	-0.00016725870472984966
0.17278327586882727	-0.00016722903549778645
0.18078327586882748	-0.000167198986328882
0.18878327586882765	-0.00016716854980881348
0.19678327586882785	-0.00016713771832619826
0.20478327586882805	-0.00016710648406588117
0.21278327586882825	-0.00016707483900223012
0.22078327586882843	-0.00016704277489084003
0.22878327586882863	-0.00016701028326125803
0.23678327586882883	-0.00016697735540866136
0.24478327586882903	-0.00016694398238539126
0.2527832758688292	-0.00016691015499170807
0.26078327586882943	-0.00016687586376675737
0.2687832758688296	-0.00016684109897885193
0.2767832758688298	-0.0001668058506150999
0.28478327586883	-0.00016677010837069648
0.2927832758688302	-0.00016673386163770557
0.30078327586883036	-0.0001666970994937591
0.3087832758688306	-0.0001666598106890499
0.31678327586883076	-0.00016662198363417074
0.324783275868831	-0.00016658360638624448
0.33278327586883116	-0.00016654466663475656
0.34078327586883134	-0.00016650515168680475
0.34878327586883157	-0.0001664650484516599
0.35678327586883174	-0.00016642434342393938
0.3647832758688319	-0.000166383022667163
0.37278327586883214	-0.00016634107179491815
0.3807832758688323	-0.00016629847595227892
0.38878327586883255	-0.00016625521979596992
0.3967832758688327	-0.00016621128747282247
0.4047832758688329	-0.00016616666259841798
0.4127832758688331	-0.0001661213282331485
0.4207832758688333	-0.00016607526685807845
0.42878327586883347	-0.00016602846034902515
0.4367832758688337	-0.0001659808899493445
0.44478327586883387	-0.00016593253624112524
0.4527832758688341	-0.00016588337911505155
0.4607832758688343	-0.00016583339773829247
0.46878327586883445	-0.00016578257052081492
0.4767832758688347	-0.00016573087507965644
0.48478327586883485	-0.00016567828820133914
0.492783275868835	-0.00016562478580170022
0.5007832758688352	-0.00016557034288396943
0.5087832758688354	-0.00016551493349407153
0.5167832758688357	-0.00016545853067317782
0.5247832758688358	-0.00016540110640764146
0.532783275868836	-0.00016534263157584516
0.5407832758688362	-0.00016528307589197723
0.5487832758688365	-0.00016522240784589654
0.5567832758688366	-0.0001651605946398163
0.5647832758688368	-0.00016509760212043916
0.572783275868837	-0.0001650333947075595
0.5807832758688372	-0.00016496793531722883
0.5887832758688374	-0.00016490118528063622
0.5967832758688376	-0.00016483310425724335
0.6047832758688377	-0.00016476365014220036
0.612783275868838	-0.00016469277896790063
0.6207832758688382	-0.00016462044479831695
0.6287832758688383	-0.00016454659961640756
0.6367832758688385	-0.00016447119320342601
0.6447832758688388	-0.0001643941730100598
0.6527832758688389	-0.00016431548401772922
0.6607832758688391	-0.00016423506859022447
0.6687832758688393	-0.00016415286631412483
0.6767832758688396	-0.00016406881382742422
0.6847832758688397	-0.00016398284463441028
0.6927832758688399	-0.00016389488890698623
0.7007832758688401	-0.00016380487326921538
0.7087832758688403	-0.0001637127205650066
0.7167832758688405	-0.0001636183496062116
0.7247832758688407	-0.00016352167489880058
0.7327832758688408	-0.0001634226063459336
0.7407832758688411	-0.0001633210489230486
0.7487832758688413	-0.00016321690232421902
0.7567832758688414	-0.0001631100605732915
0.7647832758688416	-0.00016300041159766654
0.7727832758688419	-0.00016288783675765003
0.780783275868842	-0.00016277221032684835
0.7887832758688422	-0.00016265339891505988
0.7967832758688425	-0.00016253126082665942
0.8047832758688427	-0.00016240564534173276
0.8127832758688428	-0.00016227639191135996
0.820783275868843	-0.00016214332924959865
0.8287832758688433	-0.0001620062743047901
0.8367832758688434	-0.0001618650310901784
0.8447832758688436	-0.00016171938934460468
0.8527832758688438	-0.00016156912299132115
0.860783275868844	-0.00016141398835291053
0.8687832758688442	-0.0001612537220708712
0.8767832758688444	-0.00016108803866252464
0.8847832758688445	-0.00016091662763578573
0.8927832758688448	-0.0001607391500562153
0.900783275868845	-0.0001605552344378647
0.9087832758688451	-0.00016036447179622307
0.9167832758688453	-0.00016016640966071922
0.9247832758688456	-0.00015996054479909774
0.9327832758688458	-0.0001597463143458405
0.9407832758688459	-0.00015952308496116276
0.9487832758688461	-0.00015929013956808902
0.9567832758688462	-0.0001590466611181891
0.9647832758688463	-0.00015879171273253248
0.9727832758688465	-0.00015852421342610294
0.9807832758688467	-0.0001582429084653233
0.9887832758688468	-0.00015794633320467954
0.9967832758688471	-0.0001576327689783265
1.0047832758688473	-0.00015730018927837336
1.0127832758688475	-0.0001569461939771498
1.0207832758688478	-0.000156567928735121
1.0287832758688478	-0.00015616198591226894
1.036783275868848	-0.0001557242822314736
1.0447832758688482	-0.00015524990706905408
1.0527832758688485	-0.0001547329334892539
1.0607832758688487	-0.00015416618192648423
1.068783275868849	-0.00015354092362100243
1.076783275868849	-0.0001528465074067425
1.0847832758688492	-0.0001520698890315861
1.0927832758688494	-0.00015119503664566796
1.1007832758688496	-0.00015020217913263426
1.1087832758688498	-0.00014906685526863944
1.11678327586885	-0.00014775871092866482
1.1247832758688503	-0.00014623997841654076
1.1327832758688503	-0.00014446355628661863
1.1407832758688505	-0.0001423705898869788
1.1487832758688508	-0.0001398874330258683
1.156783275868851	-0.00013692185148089558
1.1647832758688512	-0.00013335831321821702
1.1727832758688514	-0.0001290522046552012
1.1807832758688515	-0.0001238228275961014
1.1887832758688517	-0.00011744508298133977
1.196783275868852	-0.00010963985527776139
1.2047832758688521	-0.0001000632960561887
1.2127832758688524	-8.829547866749073e-5
1.2207832758688526	-7.382923991565066e-5
1.2287832758688526	-5.606035980434761e-5
1.2367832758688528	-3.42803814745914e-5
1.244783275868853	-7.673060416327026e-6
1.2510874569016404	1.73122941208282e-5
1.2573916379344268	4.6352408475885657e-5
1.2636958189672132	8.000093110575346e-5
1.2668479094836063	9.877762592505028e-5
1.2684239547418033	0.00010867981393404059
1.2700000000000002	0.00011891337764668189
