0.006000000000000146	-0.00016761553619893397
0.012180000000000307	-0.00016760878888046627
0.01854540000000037	-0.0001676021002981107
0.025101762000000236	-0.00016759513561007407
0.031854814860000434	-0.00016758788020336898
0.03881045930580044	-0.00016758031888231939
0.045974773084974566	-0.00016757243542903265
0.05335401627752363	-0.00016756421251465194
0.06095463676584925	-0.00016755563160195049
0.06878327586882474	-0.00016754667283763015
0.07678327586882494	-0.000167537386409698
0.08478327586882513	-0.00016752795933947163
0.09278327586882533	-0.0001675183963611606
0.10078327586882552	-0.0001675086945787336
0.10878327586882572	-0.00016749885100425014
0.1167832758688259	-0.0001674888625627979
0.12478327586882611	-0.00016747872608883403
0.1327832758688263	-0.0001674684383230506
0.1407832758688265	-0.00016745799590869035
0.1487832758688267	-0.0001674473953876607
0.15678327586882687	-0.0001674366331969085
0.16478327586882707	-0.00016742570566438778
0.17278327586882727	-0.0001674146090043555
0.18078327586882748	-0.0001674033393136719
0.18878327586882765	-0.0001673918925665455
0.19678327586882785	-0.0001673802646100751
0.20478327586882805	-0.00016736845115912868
0.21278327586882825	-0.00016735644779109187
0.22078327586882843	-0.0001673442499400976
0.22878327586882863	-0.00016733185289155065
0.23678327586882883	-0.00016731925177603714
0.24478327586882903	-0.00016730644156279077
0.2527832758688292	-0.0001672934170529908
0.26078327586882943	-0.00016728017287311164
0.2687832758688296	-0.0001672667034673278
0.2767832758688298	-0.00016725300308986183
0.28478327586883	-0.00016723906579684135
0.2927832758688302	-0.00016722488543798294
0.30078327586883036	-0.0001672104556475348
0.3087832758688306	-0.00016719576983480186
0.31678327586883076	-0.00016718082117460795
0.324783275868831	-0.00016716560259642712
0.33278327586883116	-0.00016715010677388295
0.34078327586883134	-0.00016713432611296074
0.34878327586883157	-0.0001671182527398451
0.35678327586883174	-0.0001671018784881779
0.3647832758688319	-0.0001670851948855652
0.37278327586883214	-0.00016706819313927793
0.3807832758688323	-0.00016705086412095396
0.38878327586883255	-0.00016703319835114014
0.3967832758688327	-0.0001670151859818138
0.4047832758688329	-0.00016699681677914382
0.4127832758688331	-0.00016697808010413565
0.4207832758688333	-0.0001669589648929765
0.42878327586883347	-0.00016693945963569247
0.4367832758688337	-0.0001669195523537291
0.44478327586883387	-0.0001668992305760091
0.4527832758688341	-0.0001668784813138128
0.4607832758688343	-0.00016685729103352835
0.46878327586883445	-0.0001668356456286963
0.4767832758688347	-0.00016681353038877088
0.48478327586883485	-0.00016679092996746607
0.492783275868835	-0.000166767828347764
0.5007832758688352	-0.00016674420880542727
0.5087832758688354	-0.00016672005386967706
0.5167832758688357	-0.00016669534528137127
0.5247832758688358	-0.0001666700639480306
0.532783275868836	-0.00016664418989644405
0.5407832758688362	-0.0001666177022209425
0.5487832758688365	-0.00016659057902909674
0.5567832758688366	-0.0001665627973826152
0.5647832758688368	-0.00016653433323449555
0.572783275868837	-0.0001665051613612888
0.5807832758688372	-0.0001664752552906068
0.5887832758688374	-0.00016644458722261257
0.5967832758688376	-0.00016641312794614242
0.6047832758688377	-0.00016638084674793809
0.612783275868838	-0.0001663477113149041
0.6207832758688382	-0.00016631368762843533
0.6287832758688383	-0.00016627873985032942
0.6367832758688385	-0.00016624283019952028
0.6447832758688388	-0.00016620591881798025
0.6527832758688389	-0.0001661679636261502
0.6607832758688391	-0.00016612892016522535
0.6687832758688393	-0.00016608874142603634
0.6767832758688396	-0.00016604737766290817
0.6847832758688397	-0.00016600477619061645
0.6927832758688399	-0.00016596088116207697
0.7007832758688401	-0.00016591563332678098
0.7087832758688403	-0.0001658689697645037
0.7167832758688405	-0.0001658208235938435
0.7247832758688407	-0.00016577112365186319
0.7327832758688408	-0.00016571979414064942
0.7407832758688411	-0.00016566675423670664
0.7487832758688413	-0.00016561191765882826
0.7567832758688414	-0.00016555519218796005
0.7647832758688416	-0.00016549647913186247
0.7727832758688419	-0.00016543567272767678
0.780783275868842	-0.00016537265947099138
0.7887832758688422	-0.00016530731736117256
0.7967832758688425	-0.0001652395150478665
0.8047832758688427	-0.0001651691108627714
0.8127832758688428	-0.00016509595171461665
0.820783275868843	-0.0001650198718245821
0.8287832758688433	-0.00016494069126863595
0.8367832758688434	-0.00016485821429307277
0.8447832758688436	-0.0001647722273539425
0.8527832758688438	-0.00016468249682680578
0.860783275868844	-0.0001645887663155644
0.8687832758688442	-0.0001644907534775569
0.8767832758688444	-0.0001643881462571268
0.8847832758688445	-0.00016428059840147553
0.8927832758688448	-0.0001641677240992214
0.900783275868845	-0.00016404909154681176
0.9087832758688451	-0.00016392421520600942
0.9167832758688453	-0.0001637925464611619
0.9247832758688456	-0.00016365346232194466
0.9327832758688458	-0.00016350625174310802
0.9407832758688459	-0.0001633500990395699
0.9487832758688461	-0.00016318406377074853
0.9567832758688462	-0.00016300705633844702
0.9647832758688463	-0.00016281780839137453
0.9727832758688465	-0.00016261483695059845
0.9807832758688467	-0.0001623964009496197
0.9887832758688468	-0.00016216044862411784
0.9967832758688471	-0.00016190455386182193
1.0047832758688473	-0.00016162583922463844
1.0127832758688475	-0.00016132088285700704
1.0207832758688478	-0.00016098560585821653
1.0287832758688478	-0.0001606151358898574
1.036783275868848	-0.00016020364174821263
1.0447832758688482	-0.00015974413228454984
1.0527832758688485	-0.00015922821131062633
1.0607832758688487	-0.00015864577785023196
1.068783275868849	-0.0001579846581320443
1.076783275868849	-0.00015723015186931369
1.0847832758688492	-0.00015636447040472557
1.0927832758688494	-0.00015536603799234111
1.1007832758688496	-0.00015420861967156943
1.1087832758688498	-0.00015286022984885582
1.11678327586885	-0.00015128176516847133
1.1247832758688503	-0.00014942529439685898
1.1327832758688503	-0.00014723192858840918
1.1407832758688505	-0.00014462918960375166
1.1487832758688508	-0.00014152779837802096
1.156783275868851	-0.00013781782191571893
1.1647832758688512	-0.0001333641567788517
1.1727832758688514	-0.00012800139396770932
1.1807832758688515	-0.00012152821053036969
1.1887832758688517	-0.00011370156494829954
1.196783275868852	-0.00010423111923320973
1.2047832758688521	-9.277442756609119e-5
1.2127832758688524	-7.893344018412896e-5
1.2207832758688526	-6.22526595558112e-5
1.2287832758688526	-4.221873935920177e-5
1.2367832758688528	-1.8260394946189717e-5
1.244783275868853	1.0253661149438462e-5
1.2510874569016404	3.640627344871319e-5
1.2573916379344268	6.618120702266302e-5
1.2636958189672132	0.00010001160081339173
1.2668479094836063	0.00011863933522536429
1.2684239547418033	0.0001283997322418179
1.2700000000000002	0.00013844269543946013
