0.006000000000000146	-0.00016675910647062924
0.012180000000000307	-0.00016673774116283252
0.01854540000000037	-0.00016671577179254736
0.025101762000000236	-0.00016669294504831738
0.031854814860000434	-0.00016666922002917716
0.03881045930580044	-0.00016664455351146613
0.045974773084974566	-0.00016661889961976879
0.05335401627752363	-0.00016659220961845006
0.06095463676584925	-0.00016656443168397984
0.06878327586882474	-0.000166535510655157
0.07678327586882494	-0.00016650562281203085
0.08478327586882513	-0.00016647538538529694
0.09278327586882533	-0.00016644480194381002
0.10078327586882552	-0.0001664138663535184
0.10878327586882572	-0.0001663825723293562
0.1167832758688259	-0.0001663509134363057
0.12478327586882611	-0.0001663188830845765
0.1327832758688263	-0.00016628647452419102
0.1407832758688265	-0.00016625368084022623
0.1487832758688267	-0.0001662204949470987
0.15678327586882687	-0.00016618690958292075
0.16478327586882707	-0.00016615291730373412
0.17278327586882727	-0.00016611851047760491
0.18078327586882748	-0.00016608368127801474
0.18878327586882765	-0.00016604842167794074
0.19678327586882785	-0.00016601272344231148
0.20478327586882805	-0.0001659765781217722
0.21278327586882825	-0.00016593997704468936
0.22078327586882843	-0.00016590291131007205
0.22878327586882863	-0.00016586537177900836
0.23678327586882883	-0.0001658273490670334
0.24478327586882903	-0.00016578883353512015
0.2527832758688292	-0.00016574981528055292
0.26078327586882943	-0.00016571028412786667
0.2687832758688296	-0.0001656702296186553
0.2767832758688298	-0.00016562964100148825
0.28478327586883	-0.00016558850722108858
0.2927832758688302	-0.00016554681690714206
0.30078327586883036	-0.0001655045583623289
0.3087832758688306	-0.00016546171955021379
0.31678327586883076	-0.0001654182880823924
0.324783275868831	-0.00016537425120457096
0.33278327586883116	-0.0001653295957827362
0.34078327586883134	-0.00016528430828831252
0.34878327586883157	-0.00016523837478212656
0.35678327586883174	-0.00016519178089832812
0.3647832758688319	-0.0001651445118273974
0.37278327586883214	-0.00016509655229748722
0.3807832758688323	-0.00016504788655588497
0.38878327586883255	-0.00016499849834890993
0.3967832758688327	-0.00016494837090067998
0.4047832758688329	-0.00016489748689139767
0.4127832758688331	-0.00016484582843364842
0.4207832758688333	-0.00016479337704854657
0.42878327586883347	-0.00016474011363903319
0.4367832758688337	-0.00016468601846372986
0.44478327586883387	-0.00016463107110742257
0.4527832758688341	-0.00016457525045144753
0.4607832758688343	-0.0001645185346415569
0.46878327586883445	-0.00016446090105437503
0.4767832758688347	-0.00016440232626224567
0.48478327586883485	-0.00016434278599541962
0.492783275868835	-0.00016428225510258128
0.5007832758688352	-0.00016422070750938628
0.5087832758688354	-0.00016415811617369062
0.5167832758688357	-0.00016409445303945967
0.5247832758688358	-0.0001640296889866393
0.532783275868836	-0.00016396379377928535
0.5407832758688362	-0.00016389673600968459
0.5487832758688365	-0.00016382848303944395
0.5567832758688366	-0.00016375900093729346
0.5647832758688368	-0.00016368825441221148
0.572783275868837	-0.00016361620674339416
0.5807832758688372	-0.0001635428197050339
0.5887832758688374	-0.00016346805348623603
0.5967832758688376	-0.00016339186660657565
0.6047832758688377	-0.0001633142158251557
0.612783275868838	-0.00016323505604399756
0.6207832758688382	-0.00016315434020491764
0.6287832758688383	-0.00016307201917950133
0.6367832758688385	-0.00016298804165088983
0.6447832758688388	-0.0001629023539877794
0.6527832758688389	-0.0001628149001094914
0.6607832758688391	-0.00016272562134023963
0.6687832758688393	-0.00016263445625373574
0.6767832758688396	-0.0001625413405058149
0.6847832758688397	-0.00016244620665393312
0.6927832758688399	-0.00016234898396225744
0.7007832758688401	-0.00016224959819251782
0.7087832758688403	-0.00016214797137583677
0.7167832758688405	-0.0001620440215672473
0.7247832758688407	-0.000161937662578267
0.7327832758688408	-0.00016182880368623956
0.7407832758688411	-0.00016171734931770123
0.7487832758688413	-0.00016160319870270066
0.7567832758688414	-0.00016148624549651485
0.7647832758688416	-0.00016136637736409697
0.7727832758688419	-0.0001612434755250132
0.780783275868842	-0.000161117414249855
0.7887832758688422	-0.0001609880603049891
0.7967832758688425	-0.00016085527233603104
0.8047832758688427	-0.00016071890018285124
0.8127832758688428	-0.00016057878411317937
0.820783275868843	-0.0001604347539628122
0.8287832758688433	-0.00016028662816567837
0.8367832758688434	-0.00016013421265335658
0.8447832758688436	-0.00015997729959843921
0.8527832758688438	-0.00015981566597047457
0.860783275868844	-0.00015964907186329593
0.8687832758688442	-0.00015947725854481763
0.8767832758688444	-0.0001592999461631725
0.8847832758688445	-0.00015911683102845503
0.8927832758688448	-0.00015892758236853773
0.900783275868845	-0.0001587318384266533
0.9087832758688451	-0.00015852920173871295
0.9167832758688453	-0.00015831923338674854
0.9247832758688456	-0.0001581014459758988
0.9327832758688458	-0.0001578752950251924
0.9407832758688459	-0.0001576401683993552
0.9487832758688461	-0.0001573953733288689
0.9567832758688462	-0.0001571401204858419
0.9647832758688463	-0.00015687350448206035
0.9727832758688465	-0.00015659448004134212
0.9807832758688467	-0.00015630183295989514
0.9887832758688468	-0.00015599414478664452
0.9967832758688471	-0.00015566974991944638
1.0047832758688473	-0.00015532668348651994
1.0127832758688475	-0.00015496261794715818
1.0207832758688478	-0.0001545747857552429
1.0287832758688478	-0.00015415988465056524
1.036783275868848	-0.0001537139611399183
1.0447832758688482	-0.0001532322664422416
1.0527832758688485	-0.00015270907754763826
1.0607832758688487	-0.00015213747399652253
1.068783275868849	-0.00015150905839829212
1.076783275868849	-0.00015081360544806418
1.0847832758688492	-0.0001500386200476994
1.0927832758688494	-0.00014916877985950752
1.1007832758688496	-0.00014818523089859455
1.1087832758688498	-0.00014706469625205528
1.11678327586885	-0.00014577834727110993
1.1247832758688503	-0.00014429037321591072
1.1327832758688503	-0.000142556168956268
1.1407832758688505	-0.00014052004077757678
1.1487832758688508	-0.0001381123078996532
1.156783275868851	-0.00013524565309986549
1.1647832758688512	-0.00013181055257352768
1.1727832758688514	-0.0001276695980447142
1.1807832758688515	-0.0001226505222413496
1.1887832758688517	-0.00011653776644879344
1.196783275868852	-0.00010906250628788295
1.2047832758688521	-9.989120419922663e-5
1.2127832758688524	-8.861300772352615e-5
1.2207832758688526	-7.472666740164274e-5
1.2287832758688526	-5.7628066016285664e-5
1.2367832758688528	-3.659980279583544e-5
1.244783275868853	-1.0804308915018276e-5
1.2510874569016404	1.352134176851123e-5
1.2573916379344268	4.191178258966307e-5
1.2636958189672132	7.49496626604046e-5
1.2668479094836063	9.344418943734257e-5
1.2684239547418033	0.00010321335182328806
1.2700000000000002	0.00011332090054794708
