0.006000000000000146	-0.00015633194730822495
0.012180000000000307	-0.000156329378900306
0.01854540000000037	-0.00015632723953031298
0.025101762000000236	-0.00015632501419535894
0.031854814860000434	-0.00015632269747094347
0.03881045930580044	-0.00015632028457487887
0.045974773084974566	-0.00015631777039742343
0.05335401627752363	-0.00015631514946850197
0.06095463676584925	-0.00015631241592385808
0.06878327586882474	-0.00015630956346755775
0.07678327586882494	-0.00015630660682220015
0.08478327586882513	-0.000156303603199628
0.09278327586882533	-0.00015630055744134412
0.10078327586882552	-0.00015629746848508684
0.10878327586882572	-0.00015629433522207215
0.1167832758688259	-0.00015629115650565742
0.12478327586882611	-0.00015628793114969006
0.1327832758688263	-0.0001562846579268248
0.1407832758688265	-0.0001562813355666225
0.1487832758688267	-0.0001562779627538787
0.15678327586882687	-0.0001562745381262842
0.16478327586882707	-0.0001562710602727795
0.17278327586882727	-0.0001562675277309695
0.18078327586882748	-0.00015626393898520062
0.18878327586882765	-0.00015626029246379865
0.19678327586882785	-0.00015625658653686063
0.20478327586882805	-0.00015625281951341403
0.21278327586882825	-0.00015624898963870115
0.22078327586882843	-0.0001562450950910168
0.22878327586882863	-0.00015624113397892604
0.23678327586882883	-0.00015623710433781523
0.24478327586882903	-0.0001562330041262153
0.2527832758688292	-0.0001562288312225467
0.26078327586882943	-0.00015622458342095665
0.2687832758688296	-0.00015622025842738417
0.2767832758688298	-0.0001562158538551192
0.28478327586883	-0.0001562113672203037
0.2927832758688302	-0.00015620679593706554
0.30078327586883036	-0.00015620213731249623
0.3087832758688306	-0.00015619738854111823
0.31678327586883076	-0.0001561925466990987
0.324783275868831	-0.00015618760873841069
0.33278327586883116	-0.0001561825714799408
0.34078327586883134	-0.00015617743160708806
0.34878327586883157	-0.00015617218565808322
0.35678327586883174	-0.00015616683001860897
0.3647832758688319	-0.00015616136091327573
0.37278327586883214	-0.00015615577439698195
0.3807832758688323	-0.00015615006634562412
0.38878327586883255	-0.00015614423244620222
0.3967832758688327	-0.0001561382681860705
0.4047832758688329	-0.00015613216884185853
0.4127832758688331	-0.00015612592946744768
0.4207832758688333	-0.00015611954488098693
0.42878327586883347	-0.0001561130096513827
0.4367832758688337	-0.00015610631808345084
0.44478327586883387	-0.00015609946420249148
0.4527832758688341	-0.0001560924417372489
0.4607832758688343	-0.00015608524410232332
0.46878327586883445	-0.0001560778643785878
0.4767832758688347	-0.0001560702952927379
0.48478327586883485	-0.00015606252919522824
0.492783275868835	-0.0001560545580362955
0.5007832758688352	-0.00015604637334074386
0.5087832758688354	-0.00015603796618004324
0.5167832758688357	-0.00015602932714322453
0.5247832758688358	-0.0001560204463047333
0.532783275868836	-0.00015601131319009247
0.5407832758688362	-0.00015600191673896806
0.5487832758688365	-0.00015599224526506808
0.5567832758688366	-0.00015598228641281473
0.5647832758688368	-0.00015597202711071416
0.572783275868837	-0.0001559614535203448
0.5807832758688372	-0.00015595055098155454
0.5887832758688374	-0.00015593930395278898
0.5967832758688376	-0.00015592769594597488
0.6047832758688377	-0.0001559157094562887
0.612783275868838	-0.00015590332588499793
0.6207832758688382	-0.00015589052545596647
0.6287832758688383	-0.00015587728712390385
0.6367832758688385	-0.0001558635884743895
0.6447832758688388	-0.00015584940561456432
0.6527832758688389	-0.0001558347130526997
0.6607832758688391	-0.00015581948356661464
0.6687832758688393	-0.00015580368805855386
0.6767832758688396	-0.00015578729539530626
0.6847832758688397	-0.00015577027223167276
0.6927832758688399	-0.00015575258281561106
0.7007832758688401	-0.00015573418877155282
0.7087832758688403	-0.00015571504886028405
0.7167832758688405	-0.00015569511871122013
0.7247832758688407	-0.00015567435052358587
0.7327832758688408	-0.00015565269273215717
0.7407832758688411	-0.0001556300896313447
0.7487832758688413	-0.00015560648095255168
0.7567832758688414	-0.0001555818013861285
0.7647832758688416	-0.00015555598003945121
0.7727832758688419	-0.00015552893982040254
0.780783275868842	-0.00015550059673243483
0.7887832758688422	-0.00015547085906646423
0.7967832758688425	-0.00015543962646977138
0.8047832758688427	-0.00015540678886843897
0.8127832758688428	-0.00015537222521553817
0.820783275868843	-0.0001553358020293417
0.8287832758688433	-0.00015529737167954021
0.8367832758688434	-0.00015525677036872798
0.8447832758688436	-0.00015521381574409057
0.8527832758688438	-0.00015516830406110213
0.860783275868844	-0.00015512000680017082
0.8687832758688442	-0.0001550686666173698
0.8767832758688444	-0.00015501399248055544
0.8847832758688445	-0.00015495565381009807
0.8927832758688448	-0.00015489327340188335
0.900783275868845	-0.000154826418859924
0.9087832758688451	-0.00015475459220640477
0.9167832758688453	-0.00015467721726364827
0.9247832758688456	-0.00015459362431347162
0.9327832758688458	-0.00015450303143521837
0.9407832758688459	-0.00015440452179310825
0.9487832758688461	-0.00015429701599212325
0.9567832758688462	-0.00015417923843243368
0.9647832758688463	-0.0001540496763696734
0.9727832758688465	-0.00015390653011337874
0.9807832758688467	-0.00015374765246622694
0.9887832758688468	-0.00015357047510450287
0.9967832758688471	-0.00015337191911451027
1.0047832758688473	-0.00015314828631492663
1.0127832758688475	-0.00015289512729232957
1.0207832758688478	-0.00015260708124744288
1.0287832758688478	-0.00015227768177611514
1.036783275868848	-0.00015189912159192177
1.0447832758688482	-0.00015146196794205125
1.0527832758688485	-0.0001509548191010509
1.0607832758688487	-0.0001503638909059348
1.068783275868849	-0.00014967252090723222
1.076783275868849	-0.00014886057650673854
1.0847832758688492	-0.00014790375262988478
1.0927832758688494	-0.00014677274432254773
1.1007832758688496	-0.000145432280504702
1.1087832758688498	-0.0001438400073337092
1.11678327586885	-0.000141945213606099
1.1247832758688503	-0.00013968739663618136
1.1327832758688503	-0.00013699467521749838
1.1407832758688505	-0.0001337820664840624
1.1487832758688508	-0.00012994965541581515
1.156783275868851	-0.0001253806988461686
1.1647832758688512	-0.00011993971922324568
1.1727832758688514	-0.0001134706547699462
1.1807832758688515	-0.00010579513595539608
1.1887832758688517	-9.671093935722677e-5
1.196783275868852	-8.599060421917053e-5
1.2047832758688521	-7.338005301264861e-5
1.2127832758688524	-5.859681767488419e-5
1.2207832758688526	-4.132717273772138e-5
1.2287832758688526	-2.1221240528439785e-5
1.2367832758688528	2.114828002596327e-6
1.244783275868853	2.912998171914823e-5
1.2510874569016404	5.336374003076502e-5
1.2573916379344268	8.047620910554128e-5
1.2636958189672132	0.00011080831378263132
1.2668479094836063	0.00012733369201915648
1.2684239547418033	0.0001359494430115283
1.2700000000000002	0.00014478832072561303
