0.006000000000000146	2.9434562564947965e-9
0.012180000000000307	2.973233652161648e-9
0.01854540000000037	3.004325937565319e-9
0.025101762000000236	3.036806379873774e-9
0.031854814860000434	3.070753497086917e-9
0.03881045930580044	3.1062514796613317e-9
0.045974773084974566	3.143390702630511e-9
0.05335401627752363	3.1822682921822402e-9
0.06095463676584925	3.2229887538685867e-9
0.06878327586882474	3.2656646705794028e-9
0.07678327586882494	3.3100618519719872e-9
0.08478327586882513	3.355273529832875e-9
0.09278327586882533	3.40131924698104e-9
0.10078327586882552	3.448219130133315e-9
0.10878327586882572	3.495993913032836e-9
0.1167832758688259	3.544664959349598e-9
0.12478327586882611	3.594254286516064e-9
0.1327832758688263	3.6447845905613226e-9
0.1407832758688265	3.696279272007298e-9
0.1487832758688267	3.748762462888414e-9
0.15678327586882687	3.8022590549623125e-9
0.16478327586882707	3.856794729174686e-9
0.17278327586882727	3.912395986452513e-9
0.18078327586882748	3.969090179896489e-9
0.18878327586882765	4.026905548451217e-9
0.19678327586882785	4.0858712521348535e-9
0.20478327586882805	4.146017408914648e-9
0.21278327586882825	4.2073751333196686e-9
0.22078327586882843	4.269976576889213e-9
0.22878327586882863	4.333854970557023e-9
0.23678327586882883	4.399044669083832e-9
0.24478327586882903	4.465581197652728e-9
0.2527832758688292	4.5335013007503075e-9
0.26078327586882943	4.6028429934673456e-9
0.2687832758688296	4.673645615356532e-9
0.2767832758688298	4.745949886998277e-9
0.28478327586883	4.8197979694322754e-9
0.2927832758688302	4.89523352662515e-9
0.30078327586883036	4.97230179115527e-9
0.3087832758688306	5.0510496333070404e-9
0.31678327586883076	5.131525633782019e-9
0.324783275868831	5.213780160247373e-9
0.33278327586883116	5.297865447957154e-9
0.34078327586883134	5.383835684699999e-9
0.34878327586883157	5.471747100342701e-9
0.35678327586883174	5.561658061259528e-9
0.3647832758688319	5.653629169959436e-9
0.37278327586883214	5.7477233702419904e-9
0.3807832758688323	5.844006058241881e-9
0.38878327586883255	5.942545199744903e-9
0.3967832758688327	6.043411454187878e-9
0.4047832758688329	6.146678305787687e-9
0.4127832758688331	6.252422202275982e-9
0.4207832758688333	6.360722701753225e-9
0.42878327586883347	6.471662628217686e-9
0.4367832758688337	6.585328236364391e-9
0.44478327586883387	6.701809386300323e-9
0.4527832758688341	6.821199728868993e-9
0.4607832758688343	6.943596902338703e-9
0.46878327586883445	7.069102741263624e-9
0.4767832758688347	7.197823498398488e-9
0.48478327586883485	7.329870080617588e-9
0.492783275868835	7.465358299868785e-9
0.5007832758688352	7.604409140280706e-9
0.5087832758688354	7.747149042636612e-9
0.5167832758688357	7.89371020753106e-9
0.5247832758688358	8.044230918643711e-9
0.532783275868836	8.198855887685148e-9
0.5407832758688362	8.3577366227175e-9
0.5487832758688365	8.521031821689841e-9
0.5567832758688366	8.688907793214745e-9
0.5647832758688368	8.86153890678282e-9
0.572783275868837	9.039108074823146e-9
0.5807832758688372	9.221807269246177e-9
0.5887832758688374	9.409838075348609e-9
0.5967832758688376	9.603412286244968e-9
0.6047832758688377	9.802752541294847e-9
0.612783275868838	1.0008093012338048e-8
0.6207832758688382	1.0219680141930593e-8
0.6287832758688383	1.0437773438200393e-8
0.6367832758688385	1.0662646331413521e-8
0.6447832758688388	1.0894587097873694e-8
0.6527832758688389	1.1133899857371122e-8
0.6607832758688391	1.138090565106079e-8
0.6687832758688393	1.1635943607399335e-8
0.6767832758688396	1.1899372204616628e-8
0.6847832758688397	1.2171570639143371e-8
0.6927832758688399	1.245294031049851e-8
0.7007832758688401	1.274390643435772e-8
0.7087832758688403	1.3044919796922135e-8
0.7167832758688405	1.3356458665280548e-8
0.7247832758688407	1.3679030870287995e-8
0.7327832758688408	1.4013176080555526e-8
0.7407832758688411	1.4359468288569557e-8
0.7487832758688413	1.4718518532723377e-8
0.7567832758688414	1.5090977882306402e-8
0.7647832758688416	1.547754071627325e-8
0.7727832758688419	1.5878948331065077e-8
0.780783275868842	1.629599291802359e-8
0.7887832758688422	1.672952195719558e-8
0.7967832758688425	1.71804430817835e-8
0.8047832758688427	1.7649729476532774e-8
0.8127832758688428	1.8138425884245616e-8
0.820783275868843	1.8647655307938436e-8
0.8287832758688433	1.9178626512549426e-8
0.8367832758688434	1.9732642450386358e-8
0.8447832758688436	2.0311109759797686e-8
0.8527832758688438	2.0915549518320704e-8
0.860783275868844	2.1547609471714425e-8
0.8687832758688442	2.2209078011396903e-8
0.8767832758688444	2.290190023822945e-8
0.8847832758688445	2.3628196534885525e-8
0.8927832758688448	2.4390284178160966e-8
0.900783275868845	2.519070266463631e-8
0.9087832758688451	2.6032243608801112e-8
0.9167832758688453	2.6917986316601297e-8
0.9247832758688456	2.785134045872067e-8
0.9327832758688458	2.8836097692878958e-8
0.9407832758688459	2.987649464805949e-8
0.9487832758688461	3.097729043318127e-8
0.9567832758688462	3.2143862831859214e-8
0.9647832758688463	3.3382328679447286e-8
0.9727832758688465	3.469969570403948e-8
0.9807832758688467	3.610405550569143e-8
0.9887832758688468	3.760483055783408e-8
0.9967832758688471	3.921309242557868e-8
1.0047832758688473	4.094197418933643e-8
1.0127832758688475	4.280720785417016e-8
1.0207832758688478	4.482782800915385e-8
1.0287832758688478	4.7027097110379824e-8
1.036783275868848	4.9433726751130795e-8
1.0447832758688482	5.2083494838928333e-8
1.0527832758688485	5.502139298204964e-8
1.0607832758688487	5.8304484624159315e-8
1.068783275868849	6.200571659818201e-8
1.076783275868849	6.621901018859104e-8
1.0847832758688492	7.106606965679798e-8
1.0927832758688494	7.67054959835842e-8
1.1007832758688496	8.334499383260154e-8
1.1087832758688498	9.125772688490601e-8
1.11678327586885	1.0080423224285766e-7
1.1247832758688503	1.1246177654820686e-7
1.1327832758688503	1.2686366109323348e-7
1.1407832758688505	1.4485180743021517e-7
1.1487832758688508	1.6754703939252179e-7
1.156783275868851	1.9644290054544066e-7
1.1647832758688512	2.335307104362767e-7
1.1727832758688514	2.8146600425090016e-7
1.1807832758688515	3.4378970069700706e-7
1.1887832758688517	4.252215493587733e-7
1.196783275868852	5.320489568482969e-7
1.2047832758688521	6.726416255771198e-7
1.2127832758688524	8.581321170281786e-7
1.2207832758688526	1.1033150998091696e-6
1.2287832758688526	1.427834238973852e-6
1.2367832758688528	1.857745756975728e-6
1.244783275868853	2.427571523140189e-6
1.2510874569016404	3.004547652590177e-6
1.2573916379344268	3.7250752300645023e-6
1.2636958189672132	4.624600815349883e-6
1.2668479094836063	5.154651379124038e-6
1.2684239547418033	5.442481956504523e-6
1.2700000000000002	5.746783783281107e-6
