0.006000000000000146	2.9035677780553507e-10
0.012180000000000307	2.9460773720443635e-10
0.01854540000000037	2.990663302263968e-10
0.025101762000000236	3.0374556867330055e-10
0.031854814860000434	3.0865951953928483e-10
0.03881045930580044	3.1382339014741296e-10
0.045974773084974566	3.1925364177175624e-10
0.05335401627752363	3.249681166218045e-10
0.06095463676584925	3.309861800186269e-10
0.06878327586882474	3.3732887990253893e-10
0.07678327586882494	3.4396580389376425e-10
0.08478327586882513	3.5076439727116103e-10
0.09278327586882533	3.577294606691683e-10
0.10078327586882552	3.6486596474118125e-10
0.10878327586882572	3.7217905755470863e-10
0.1167832758688259	3.796740721331017e-10
0.12478327586882611	3.8735653435669493e-10
0.1327832758688263	3.9523217124620807e-10
0.1407832758688265	4.033069196515858e-10
0.1487832758688267	4.1158693537068e-10
0.15678327586882687	4.2007860272343667e-10
0.16478327586882707	4.287885446084352e-10
0.17278327586882727	4.3772363307056687e-10
0.18078327586882748	4.4689100041007086e-10
0.18878327586882765	4.5629805086537425e-10
0.19678327586882785	4.659524729039081e-10
0.20478327586882805	4.758622521577134e-10
0.21278327586882825	4.860356850427571e-10
0.22078327586882843	4.964813931036329e-10
0.22878327586882863	5.072083381283372e-10
0.23678327586882883	5.182258380804347e-10
0.24478327586882903	5.29543583899717e-10
0.2527832758688292	5.411716572256277e-10
0.26078327586882943	5.531205491017911e-10
0.2687832758688296	5.654011797240973e-10
0.2767832758688298	5.780249192991499e-10
0.28478327586883	5.910036100849639e-10
0.2927832758688302	6.043495896906341e-10
0.30078327586883036	6.180757157179126e-10
0.3087832758688306	6.321953918333919e-10
0.31678327586883076	6.46722595366396e-10
0.324783275868831	6.616719065356947e-10
0.33278327586883116	6.770585394150884e-10
0.34078327586883134	6.928983747569095e-10
0.34878327586883157	7.092079948013897e-10
0.35678327586883174	7.260047202101989e-10
0.3647832758688319	7.433066492728835e-10
0.37278327586883214	7.611326995470954e-10
0.3807832758688323	7.795026521062333e-10
0.38878327586883255	7.984371985822033e-10
0.3967832758688327	8.179579912062185e-10
0.4047832758688329	8.380876960675773e-10
0.4127832758688331	8.588500498277485e-10
0.4207832758688333	8.802699201485113e-10
0.42878327586883347	9.023733701129916e-10
0.4367832758688337	9.251877269437336e-10
0.44478327586883387	9.487416553470656e-10
0.4527832758688341	9.730652358426456e-10
0.4607832758688343	9.981900484675311e-10
0.46878327586883445	1.0241492622798016e-9
0.4767832758688347	1.0509777311238608e-9
0.48478327586883485	1.0787120961620227e-9
0.492783275868835	1.1073908957229054e-9
0.5007832758688352	1.137054683067784e-9
0.5087832758688354	1.1677461527329853e-9
0.5167832758688357	1.199510276167143e-9
0.5247832758688358	1.2323944474524962e-9
0.532783275868836	1.2664486399735108e-9
0.5407832758688362	1.3017255749819783e-9
0.5487832758688365	1.3382809031004943e-9
0.5567832758688366	1.3761733999100357e-9
0.5647832758688368	1.4154651768838315e-9
0.572783275868837	1.456221909056953e-9
0.5807832758688372	1.4985130809671223e-9
0.5887832758688374	1.5424122525600298e-9
0.5967832758688376	1.5879973469346e-9
0.6047832758688377	1.6353509620027586e-9
0.612783275868838	1.6845607083653487e-9
0.6207832758688382	1.7357195759587312e-9
0.6287832758688383	1.7889263323130277e-9
0.6367832758688385	1.8442859555835064e-9
0.6447832758688388	1.9019101058831254e-9
0.6527832758688389	1.9619176388535455e-9
0.6607832758688391	2.0244351658818808e-9
0.6687832758688393	2.089597665900582e-9
0.6767832758688396	2.157549154315507e-9
0.6847832758688397	2.2284434152995687e-9
0.6927832758688399	2.3024448044832602e-9
0.7007832758688401	2.37972912998844e-9
0.7087832758688403	2.4604846208021394e-9
0.7167832758688405	2.544912992710018e-9
0.7247832758688407	2.6332306234221135e-9
0.7327832758688408	2.7256698501757987e-9
0.7407832758688411	2.82248040503873e-9
0.7487832758688413	2.923931005405559e-9
0.7567832758688414	3.0303111198794435e-9
0.7647832758688416	3.1419329329238628e-9
0.7727832758688419	3.259133535497139e-9
0.780783275868842	3.382277373471534e-9
0.7887832758688422	3.511758991195486e-9
0.7967832758688425	3.6480061143102355e-9
0.8047832758688427	3.791483124197705e-9
0.8127832758688428	3.942694986618357e-9
0.820783275868843	4.102191709714889e-9
0.8287832758688433	4.2705734222995795e-9
0.8367832758688434	4.44849618309779e-9
0.8447832758688436	4.636678656573655e-9
0.8527832758688438	4.835909822657516e-9
0.860783275868844	5.047057928192922e-9
0.8687832758688442	5.271080939936474e-9
0.8767832758688444	5.509038826095662e-9
0.8847832758688445	5.76210808050742e-9
0.8927832758688448	6.031599017044875e-9
0.900783275868845	6.318976510315757e-9
0.9087832758688451	6.625885053644864e-9
0.9167832758688453	6.954179262144424e-9
0.9247832758688456	7.305961288012083e-9
0.9327832758688458	7.68362706479796e-9
0.9407832758688459	8.089923894510868e-9
0.9487832758688461	8.528022686171156e-9
0.9567832758688462	9.00160921410231e-9
0.9647832758688463	9.51500017948377e-9
0.9727832758688465	1.007329175128857e-8
0.9807832758688467	1.0682550796588731e-8
0.9887832758688468	1.1350062405707416e-8
0.9967832758688471	1.2084651871009963e-8
1.0047832758688473	1.289710538715842e-8
1.0127832758688475	1.3800721939406818e-8
1.0207832758688478	1.4812039851021796e-8
1.0287832758688478	1.5951796229809982e-8
1.036783275868848	1.7246197368700777e-8
1.0447832758688482	1.8728604726271362e-8
1.0527832758688485	2.0441776716205493e-8
1.0607832758688487	2.2440854191581004e-8
1.068783275868849	2.4797341218838707e-8
1.076783275868849	2.7604417768137566e-8
1.0847832758688492	3.0984034219523086e-8
1.0927832758688494	3.5096388132290165e-8
1.1007832758688496	4.0152583278554585e-8
1.1087832758688498	4.6431534633830816e-8
1.11678327586885	5.430253023023475e-8
1.1247832758688503	6.425531615386022e-8
1.1327832758688503	7.694016561205095e-8
1.1407832758688505	9.322116595099833e-8
1.1487832758688508	1.1424695767083855e-7
1.156783275868851	1.4154444835414288e-7
1.1647832758688512	1.7714268023608798e-7
1.1727832758688514	2.2373615432321701e-7
1.1807832758688515	2.848996403699632e-7
1.1887832758688517	3.653700079347304e-7
1.196783275868852	4.714151273624499e-7
1.2047832758688521	6.113156814562064e-7
1.2127832758688524	7.959930668792114e-7
1.2207832758688526	1.0398256132317895e-6
1.2287832758688526	1.3617060129881516e-6
1.2367832758688528	1.7864046344729754e-6
1.244783275868853	2.3463153506081085e-6
1.2510874569016404	2.909975837547952e-6
1.2573916379344268	3.609657258321251e-6
1.2636958189672132	4.477226220797742e-6
1.2668479094836063	4.9856234890245175e-6
1.2684239547418033	5.2608800359765625e-6
1.2700000000000002	5.55129646749691e-6
