0.006000000000000146	2.8720883368127545e-8
0.012180000000000307	2.8902384291855952e-8
0.01854540000000037	2.9091216904892975e-8
0.025101762000000236	2.9287745890896345e-8
0.031854814860000434	2.9492359200235898e-8
0.03881045930580044	2.9705469716382374e-8
0.045974773084974566	2.9927517292828286e-8
0.05335401627752363	3.0158970985410565e-8
0.06095463676584925	3.040033150563177e-8
0.06878327586882474	3.06521339227008e-8
0.07678327586882494	3.0912867186198966e-8
0.08478327586882513	3.117712339513141e-8
0.09278327586882533	3.144497132950818e-8
0.10078327586882552	3.17164815019184e-8
0.10878327586882572	3.1991726231351034e-8
0.1167832758688259	3.227077970621126e-8
0.12478327586882611	3.2553718049165754e-8
0.1327832758688263	3.284061938405412e-8
0.1407832758688265	3.313156390506571e-8
0.1487832758688267	3.3426633948387504e-8
0.15678327586882687	3.372591406649536e-8
0.16478327586882707	3.402949110527379e-8
0.17278327586882727	3.4337454284137617e-8
0.18078327586882748	3.464989527934131e-8
0.18878327586882765	3.496690831064134e-8
0.19678327586882785	3.528859023152254e-8
0.20478327586882805	3.5615040623156274e-8
0.21278327586882825	3.594636189231091e-8
0.22078327586882843	3.628265937341315e-8
0.22878327586882863	3.6624041434984453e-8
0.23678327586882883	3.6970619590682246e-8
0.24478327586882903	3.732250861518367e-8
0.2527832758688292	3.767982666518335e-8
0.26078327586882943	3.804269540575597e-8
0.2687832758688296	3.8411240142380636e-8
0.2767832758688298	3.878558995892993e-8
0.28478327586883	3.916587786194116e-8
0.2927832758688302	3.955224093150747e-8
0.30078327586883036	3.99448204791522e-8
0.3087832758688306	4.034376221306943e-8
0.31678327586883076	4.0749216411136583e-8
0.324783275868831	4.116133810212506e-8
0.33278327586883116	4.1580287255577886e-8
0.34078327586883134	4.20062289808367e-8
0.34878327586883157	4.243933373573939e-8
0.35678327586883174	4.2879777545538123e-8
0.3647832758688319	4.332774223264785e-8
0.37278327586883214	4.3783415657822515e-8
0.3807832758688323	4.424699197346455e-8
0.38878327586883255	4.471867188976918e-8
0.3967832758688327	4.5198662954469096e-8
0.4047832758688329	4.568717984701079e-8
0.4127832758688331	4.618444468803296e-8
0.4207832758688333	4.669068736508854e-8
0.42878327586883347	4.720614587561568e-8
0.4367832758688337	4.7731066688245114e-8
0.44478327586883387	4.8265705123589696e-8
0.4527832758688341	4.881032575576017e-8
0.4607832758688343	4.936520283595346e-8
0.46878327586883445	4.993062073952827e-8
0.4767832758688347	5.0506874438123083e-8
0.48478327586883485	5.109426999847476e-8
0.492783275868835	5.169312510971484e-8
0.5007832758688352	5.230376964107655e-8
0.5087832758688354	5.2926546232088314e-8
0.5167832758688357	5.3561810917491e-8
0.5247832758688358	5.420993378930711e-8
0.532783275868836	5.487129969866305e-8
0.5407832758688362	5.554630900021709e-8
0.5487832758688365	5.6235378342233725e-8
0.5567832758688366	5.6938941505637194e-8
0.5647832758688368	5.765745029565411e-8
0.572783275868837	5.83913754899263e-8
0.5807832758688372	5.9141207847364875e-8
0.5887832758688374	5.990745918235441e-8
0.5967832758688376	6.069066350931953e-8
0.6047832758688377	6.149137826314268e-8
0.612783275868838	6.23101856013889e-8
0.6207832758688382	6.314769379485634e-8
0.6287832758688383	6.400453871356002e-8
0.6367832758688385	6.488138541594523e-8
0.6447832758688388	6.577892984982375e-8
0.6527832758688389	6.66979006744037e-8
0.6607832758688391	6.763906121363478e-8
0.6687832758688393	6.860321155213855e-8
0.6767832758688396	6.959119078610516e-8
0.6847832758688397	7.06038794428007e-8
0.6927832758688399	7.164220208372567e-8
0.7007832758688401	7.270713010805266e-8
0.7087832758688403	7.379968477472702e-8
0.7167832758688405	7.4920940463612e-8
0.7247832758688407	7.607202819829751e-8
0.7327832758688408	7.725413945573468e-8
0.7407832758688411	7.846853029075257e-8
0.7487832758688413	7.971652580679717e-8
0.7567832758688414	8.099952500795886e-8
0.7647832758688416	8.231900607174481e-8
0.7727832758688419	8.36765320869721e-8
0.780783275868842	8.507375730697628e-8
0.7887832758688422	8.651243397509519e-8
0.7967832758688425	8.7994419787297e-8
0.8047832758688427	8.952168606621132e-8
0.8127832758688428	9.109632673202491e-8
0.820783275868843	9.2720568169072e-8
0.8287832758688433	9.439678010322246e-8
0.8367832758688434	9.612748762491615e-8
0.8447832758688436	9.791538451707749e-8
0.8527832758688438	9.976334807733387e-8
0.860783275868844	1.0167445566167919e-7
0.8687832758688442	1.0365200322441646e-7
0.8767832758688444	1.0569952618961501e-7
0.8847832758688445	1.0782082306681403e-7
0.8927832758688448	1.1001998232346672e-7
0.900783275868845	1.123014131560358e-7
0.9087832758688451	1.1466988097047193e-7
0.9167832758688453	1.1713054860426826e-7
0.9247832758688456	1.1968902461392076e-7
0.9327832758688458	1.2235142033760322e-7
0.9407832758688459	1.2512441795534602e-7
0.9487832758688461	1.2801535245166447e-7
0.9567832758688462	1.3103231129747542e-7
0.9647832758688463	1.3418425688916363e-7
0.9727832758688465	1.3748117842074196e-7
0.9807832758688467	1.4093428206666988e-7
0.9887832758688468	1.4455623131573326e-7
0.9967832758688471	1.4836145328849414e-7
1.0047832758688473	1.5236653225481663e-7
1.0127832758688475	1.5659071883389566e-7
1.0207832758688478	1.610565931704037e-7
1.0287832758688478	1.6579093363273417e-7
1.036783275868848	1.7082586048273984e-7
1.0447832758688482	1.7620034815366043e-7
1.0527832758688485	1.8196223244457e-7
1.0607832758688487	1.881708830585019e-7
1.068783275868849	1.949007714608844e-7
1.076783275868849	2.022462443622653e-7
1.0847832758688492	2.1032792140011005e-7
1.0927832758688494	2.193012813912685e-7
1.1007832758688496	2.293681976381663e-7
1.1087832758688498	2.4079244622304676e-7
1.11678327586885	2.539205646305104e-7
1.1247832758688503	2.6920991136337264e-7
1.1327832758688503	2.872664100845192e-7
1.1407832758688505	3.0889530654107505e-7
1.1487832758688508	3.35169392140685e-7
1.156783275868851	3.675206457495545e-7
1.1647832758688512	4.078632359425818e-7
1.1727832758688514	4.5875847073706956e-7
1.1807832758688515	5.236357975614342e-7
1.1887832758688517	6.070886372914682e-7
1.196783275868852	7.152700857226568e-7
1.2047832758688521	8.564218860127672e-7
1.2127832758688524	1.0415813123223065e-6
1.2207832758688526	1.2855256785295303e-6
1.2287832758688526	1.6080342695566163e-6
1.2367832758688528	2.035573829385373e-6
1.244783275868853	2.6035473522439514e-6
1.2510874569016404	3.1804740371450294e-6
1.2573916379344268	3.903624645266848e-6
1.2636958189672132	4.810474905398815e-6
1.2668479094836063	5.346828451652958e-6
1.2684239547418033	5.63867604914285e-6
1.2700000000000002	5.947677458319627e-6
