0.006000000000000146	6.546335758671646e-8
0.012180000000000307	6.579924263333852e-8
0.01854540000000037	6.614830330002698e-8
0.025101762000000236	6.651116876618117e-8
0.031854814860000434	6.688850703707345e-8
0.03881045930580044	6.728102719327494e-8
0.045974773084974566	6.768948262144195e-8
0.05335401627752363	6.81146745432441e-8
0.06095463676584925	6.855745588040583e-8
0.06878327586882474	6.901873549715598e-8
0.07678327586882494	6.949567463912525e-8
0.08478327586882513	6.997833738544018e-8
0.09278327586882533	7.046682725833671e-8
0.10078327586882552	7.096125020545702e-8
0.10878327586882572	7.146171471624912e-8
0.1167832758688259	7.196833190852171e-8
0.12478327586882611	7.248121561704721e-8
0.1327832758688263	7.30004824846396e-8
0.1407832758688265	7.3526252055999e-8
0.1487832758688267	7.405864687461159e-8
0.15678327586882687	7.459779258296402e-8
0.16478327586882707	7.514381802630818e-8
0.17278327586882727	7.569685536023276e-8
0.18078327586882748	7.625704016222873e-8
0.18878327586882765	7.682451154756662e-8
0.19678327586882785	7.739941228963522e-8
0.20478327586882805	7.798188894507134e-8
0.21278327586882825	7.857209198387195e-8
0.22078327586882843	7.917017592480386e-8
0.22878327586882863	7.977629947636341e-8
0.23678327586882883	8.039062568357643e-8
0.24478327586882903	8.101332208096357e-8
0.2527832758688292	8.164456085197493e-8
0.26078327586882943	8.228451899523269e-8
0.2687832758688296	8.293337849794398e-8
0.2767832758688298	8.35913265168609e-8
0.28478327586883	8.425855556718552e-8
0.2927832758688302	8.493526371982578e-8
0.30078327586883036	8.562165480746981e-8
0.3087832758688306	8.631793863993836e-8
0.31678327586883076	8.702433122930906e-8
0.324783275868831	8.774105502535403e-8
0.33278327586883116	8.846833916184906e-8
0.34078327586883134	8.920641971435676e-8
0.34878327586883157	8.995553997009411e-8
0.35678327586883174	9.071595071061094e-8
0.3647832758688319	9.148791050793535e-8
0.37278327586883214	9.227168603500397e-8
0.3807832758688323	9.30675523911613e-8
0.38878327586883255	9.387579344360221e-8
0.3967832758688327	9.469670218570109e-8
0.4047832758688329	9.553058111318752e-8
0.4127832758688331	9.637774261924776e-8
0.4207832758688333	9.723850940966934e-8
0.42878327586883347	9.811321493923233e-8
0.4367832758688337	9.900220387065181e-8
0.44478327586883387	9.990583255742482e-8
0.4527832758688341	1.0082446955208714e-7
0.4607832758688343	1.0175849614144618e-7
0.46878327586883445	1.0270830691051606e-7
0.4767832758688347	1.0367431033692521e-7
0.48478327586883485	1.0465692941781706e-7
0.492783275868835	1.0565660233131669e-7
0.5007832758688352	1.0667378313481042e-7
0.5087832758688354	1.0770894250252954e-7
0.5167832758688357	1.0876256850498978e-7
0.5247832758688358	1.0983516743318586e-7
0.532783275868836	1.1092726467052915e-7
0.5407832758688362	1.1203940561586426e-7
0.5487832758688365	1.1317215666109623e-7
0.5567832758688366	1.1432610622729427e-7
0.5647832758688368	1.1550186586340192e-7
0.572783275868837	1.1670007141209413e-7
0.5807832758688372	1.1792138424764511e-7
0.5887832758688374	1.1916649259109449e-7
0.5967832758688376	1.204361129084905e-7
0.6047832758688377	1.2173099139844564e-7
0.612783275868838	1.2305190557578164e-7
0.6207832758688382	1.2439966595871994e-7
0.6287832758688383	1.2577511786762824e-7
0.6367832758688385	1.2717914334414318e-7
0.6447832758688388	1.2861266320030115e-7
0.6527832758688389	1.3007663920812293e-7
0.6607832758688391	1.3157207644123097e-7
0.6687832758688393	1.3310002578098805e-7
0.6767832758688396	1.3466158660105164e-7
0.6847832758688397	1.3625790964548203e-7
0.6927832758688399	1.3789020011705395e-7
0.7007832758688401	1.3955972099417806e-7
0.7087832758688403	1.4126779659660903e-7
0.7167832758688405	1.4301581642238958e-7
0.7247832758688407	1.4480523928061526e-7
0.7327832758688408	1.4663759774753197e-7
0.7407832758688411	1.4851450297629004e-7
0.7487832758688413	1.5043764989415629e-7
0.7567832758688414	1.5240882282494888e-7
0.7647832758688416	1.5442990157868642e-7
0.7727832758688419	1.565028680557637e-7
0.780783275868842	1.5862981341864036e-7
0.7887832758688422	1.6081294589086998e-7
0.7967832758688425	1.6305459925128193e-7
0.8047832758688427	1.653572421002962e-7
0.8127832758688428	1.67723487986463e-7
0.820783275868843	1.7015610649439822e-7
0.8287832758688433	1.726580354110195e-7
0.8367832758688434	1.7523239410617843e-7
0.8447832758688436	1.778824982871214e-7
0.8527832758688438	1.8061187631519187e-7
0.860783275868844	1.834242873091395e-7
0.8687832758688442	1.8632374130468705e-7
0.8767832758688444	1.89314521797403e-7
0.8847832758688445	1.924012110693253e-7
0.8927832758688448	1.9558871879415332e-7
0.900783275868845	1.9888231453838967e-7
0.9087832758688451	2.0228766493558915e-7
0.9167832758688453	2.058108765206842e-7
0.9247832758688456	2.094585454878902e-7
0.9327832758688458	2.132378160023605e-7
0.9407832758688459	2.171564491829267e-7
0.9487832758688461	2.2122290552379694e-7
0.9567832758688462	2.2544644439317217e-7
0.9647832758688463	2.298372454139466e-7
0.9727832758688465	2.3440655810053868e-7
0.9807832758688467	2.391668882378085e-7
0.9887832758688468	2.4413223233550197e-7
0.9967832758688471	2.4931837533426275e-7
1.0047832758688473	2.5474327193011674e-7
1.0127832758688475	2.6042753890008773e-7
1.0207832758688478	2.6639509529859584e-7
1.0287832758688478	2.72674000225836e-7
1.036783275868848	2.7929755522689084e-7
1.0447832758688482	2.8630576185840447e-7
1.0527832758688485	2.9374725671189286e-7
1.0607832758688487	3.0168188911011154e-7
1.068783275868849	3.1018416470487457e-7
1.076783275868849	3.193478565562478e-7
1.0847832758688492	3.2929219102413706e-7
1.0927832758688494	3.401701584194668e-7
1.1007832758688496	3.521796905185779e-7
1.1087832758688498	3.655787056789665e-7
1.11678327586885	3.807053700117711e-7
1.1247832758688503	3.980053899757892e-7
1.1327832758688503	4.1806877791874614e-7
1.1407832758688505	4.4167937074569346e-7
1.1487832758688508	4.698815038010247e-7
1.156783275868851	5.040697413399548e-7
1.1647832758688512	5.461095672041423e-7
1.1727832758688514	5.984996127928345e-7
1.1807832758688515	6.645895712549872e-7
1.1887832758688517	7.488727261187093e-7
1.196783275868852	8.573784334143882e-7
1.2047832758688521	9.981985229758298e-7
1.2127832758688524	1.1821932275552805e-6
1.2207832758688526	1.4239379803621404e-6
1.2287832758688526	1.7429936110960032e-6
1.2367832758688528	2.1656107103250347e-6
1.244783275868853	2.7270157876907347e-6
1.2510874569016404	3.2975500565179565e-6
1.2573916379344268	4.0133031786887806e-6
1.2636958189672132	4.91195008788403e-6
1.2668479094836063	5.444003634588679e-6
1.2684239547418033	5.733686829275236e-6
1.2700000000000002	6.040542686480336e-6
