0.006000000000000146	5.1832585131534096e-11
0.012180000000000307	5.274201886579172e-11
0.01854540000000037	5.369949420800606e-11
0.025101762000000236	5.470829721196053e-11
0.031854814860000434	5.577200522455516e-11
0.03881045930580044	5.6894511420572825e-11
0.045974773084974566	5.8080058774381205e-11
0.05335401627752363	5.93332783370443e-11
0.06095463676584925	6.065923243982421e-11
0.06878327586882474	6.206346356199564e-11
0.07678327586882494	6.354015546825176e-11
0.08478327586882513	6.506047915113624e-11
0.09278327586882533	6.662596277399754e-11
0.10078327586882552	6.823819669377296e-11
0.10878327586882572	6.989883648836645e-11
0.1167832758688259	7.160960605549706e-11
0.12478327586882611	7.337230087711364e-11
0.1327832758688263	7.518879146015058e-11
0.1407832758688265	7.706102696481761e-11
0.1487832758688267	7.89910390323076e-11
0.15678327586882687	8.098094582456575e-11
0.16478327586882707	8.303295628961884e-11
0.17278327586882727	8.514937466682073e-11
0.18078327586882748	8.733260524744096e-11
0.18878327586882765	8.958515740701398e-11
0.19678327586882785	9.190965092712626e-11
0.20478327586882805	9.430882162548582e-11
0.21278327586882825	9.678552731457678e-11
0.22078327586882843	9.934275411062975e-11
0.22878327586882863	1.0198362311624842e-10
0.23678327586882883	1.047113975018054e-10
0.24478327586882903	1.0752949001252203e-10
0.2527832758688292	1.104414709303286e-10
0.26078327586882943	1.134510765216326e-10
0.2687832758688296	1.1656221800466608e-10
0.2767832758688298	1.197789910726328e-10
0.28478327586883	1.231056860116721e-10
0.2927832758688302	1.2654679845579538e-10
0.30078327586883036	1.3010704082425064e-10
0.3087832758688306	1.3379135449039708e-10
0.31678327586883076	1.376049227351767e-10
0.324783275868831	1.4155318454252997e-10
0.33278327586883116	1.456418492988266e-10
0.34078327586883134	1.4987691246355753e-10
0.34878327586883157	1.542646722840137e-10
0.35678327586883174	1.5881174763294356e-10
0.3647832758688319	1.6352509705479362e-10
0.37278327586883214	1.684120391133974e-10
0.3807832758688323	1.7348027414214106e-10
0.38878327586883255	1.7873790750630434e-10
0.3967832758688327	1.8419347449691458e-10
0.4047832758688329	1.8985596698608352e-10
0.4127832758688331	1.9573486198535105e-10
0.4207832758688333	2.0184015226138647e-10
0.42878327586883347	2.081823791773272e-10
0.4367832758688337	2.1477266794369716e-10
0.44478327586883387	2.2162276547966895e-10
0.4527832758688341	2.287450811044963e-10
0.4607832758688343	2.361527302994706e-10
0.46878327586883445	2.4385958180386214e-10
0.4767832758688347	2.518803083337466e-10
0.48478327586883485	2.602304412405645e-10
0.492783275868835	2.689264294577188e-10
0.5007832758688352	2.7798570311773763e-10
0.5087832758688354	2.87426742261562e-10
0.5167832758688357	2.972691511035482e-10
0.5247832758688358	3.075337383640864e-10
0.532783275868836	3.182426042343113e-10
0.5407832758688362	3.294192345968042e-10
0.5487832758688365	3.4108860319242223e-10
0.5567832758688366	3.5327728249728073e-10
0.5647832758688368	3.6601356415693144e-10
0.572783275868837	3.793275899178485e-10
0.5807832758688372	3.932514941008124e-10
0.5887832758688374	4.078195587783675e-10
0.5967832758688376	4.2306838295115676e-10
0.6047832758688377	4.3903706716711014e-10
0.612783275868838	4.557674151970521e-10
0.6207832758688382	4.733041545711132e-10
0.6287832758688383	4.916951779979562e-10
0.6367832758688385	5.109918079353616e-10
0.6447832758688388	5.312490868621548e-10
0.6527832758688389	5.525260961221921e-10
0.6607832758688391	5.748863065787152e-10
0.6687832758688393	5.98397964738313e-10
0.6767832758688396	6.231345184886942e-10
0.6847832758688397	6.491750871528967e-10
0.6927832758688399	6.766049812092647e-10
0.7007832758688401	7.055162777768215e-10
0.7087832758688403	7.360084588391273e-10
0.7167832758688405	7.681891202013913e-10
0.7247832758688407	8.021747603735457e-10
0.7327832758688408	8.38091659984952e-10
0.7407832758688411	8.760768640073829e-10
0.7487832758688413	9.162792810514952e-10
0.7567832758688414	9.588609163778715e-10
0.7647832758688416	1.003998258119044e-9
0.7727832758688419	1.051883839656448e-9
0.780783275868842	1.102728005286144e-9
0.7887832758688422	1.1567609114257456e-9
0.7967832758688425	1.21423480190348e-9
0.8047832758688427	1.2754266036496983e-9
0.8127832758688428	1.3406408987812965e-9
0.820783275868843	1.4102133411717392e-9
0.8287832758688433	1.4845146008269975e-9
0.8367832758688434	1.5639549386614396e-9
0.8447832758688436	1.6489895387949475e-9
0.8527832758688438	1.740124756871657e-9
0.860783275868844	1.8379254832506875e-9
0.8687832758688442	1.9430238720454326e-9
0.8767832758688444	2.056129754636912e-9
0.8847832758688445	2.1780431444349115e-9
0.8927832758688448	2.30966935496795e-9
0.900783275868845	2.4520374047395862e-9
0.9087832758688451	2.6063225816034645e-9
0.9167832758688453	2.773874302633777e-9
0.9247832758688456	2.9562507539985673e-9
0.9327832758688458	3.155262257888194e-9
0.9407832758688459	3.37302592866842e-9
0.9487832758688461	3.6120349999027487e-9
0.9567832758688462	3.875247297302627e-9
0.9647832758688463	4.166198793504638e-9
0.9727832758688465	4.489150134447484e-9
0.9807832758688467	4.849276642698539e-9
0.9887832758688468	5.252915806799422e-9
0.9967832758688471	5.707890961258544e-9
1.0047832758688473	6.223936156186642e-9
1.0127832758688475	6.813255653368119e-9
1.0207832758688478	7.491262794486932e-9
1.0287832758688478	8.277558137677408e-9
1.036783275868848	9.197227041555541e-9
1.0447832758688482	1.0282564004068303e-8
1.0527832758688485	1.1575367301270783e-8
1.0607832758688487	1.3129995800562168e-8
1.068783275868849	1.5017444152842282e-8
1.076783275868849	1.733077799485778e-8
1.0847832758688492	2.0192383920072475e-8
1.0927832758688494	2.3763638299887347e-8
1.1007832758688496	2.8257795402421172e-8
1.1087832758688498	3.395715238789196e-8
1.11678327586885	4.123588386526782e-8
1.1247832758688503	5.0590373143484e-8
1.1327832758688503	6.267942740045248e-8
1.1407832758688505	7.83774818532716e-8
1.1487832758688508	9.884481275287449e-8
1.156783275868851	1.2561993837231198e-7
1.1647832758688512	1.6074084995236224e-7
1.1727832758688514	2.0690355448188602e-7
1.1807832758688515	2.6766872131265906e-7
1.1887832758688517	3.477301202640539e-7
1.196783275868852	4.532621511096542e-7
1.2047832758688521	5.923682096328681e-7
1.2127832758688524	7.75656943809007e-7
1.2207832758688526	1.0169794501013193e-6
1.2287832758688526	1.334366636365604e-6
1.2367832758688528	1.751211457476869e-6
1.244783275868853	2.2977444485842375e-6
1.2510874569016404	2.844831858705069e-6
1.2573916379344268	3.5200959207180675e-6
1.2636958189672132	4.352120751605289e-6
1.2668479094836063	4.837219267188567e-6
1.2684239547418033	5.099156349464084e-6
1.2700000000000002	5.375014684679761e-6
