0.006000000000000146	3.211098814098712e-7
0.012180000000000307	3.231508742714516e-7
0.01854540000000037	3.2527943589383234e-7
0.025101762000000236	3.275003146762124e-7
0.031854814860000434	3.298185947793773e-7
0.03881045930580044	3.3223972397771675e-7
0.045974773084974566	3.347695465594995e-7
0.05335401627752363	3.3741433985232586e-7
0.06095463676584925	3.401808548418252e-7
0.06878327586882474	3.430763614267588e-7
0.07678327586882494	3.460846200830566e-7
0.08478327586882513	3.4914401061336467e-7
0.09278327586882533	3.522558025403276e-7
0.10078327586882552	3.554213066182823e-7
0.10878327586882572	3.586418765475604e-7
0.1167832758688259	3.61918910713982e-7
0.12478327586882611	3.65253854011742e-7
0.1327832758688263	3.686481997544719e-7
0.1407832758688265	3.7210349167955316e-7
0.1487832758688267	3.7562132605093e-7
0.15678327586882687	3.792033538661641e-7
0.16478327586882707	3.828512831736445e-7
0.17278327586882727	3.865668815063963e-7
0.18078327586882748	3.9035197843924193e-7
0.18878327586882765	3.9420846827659594e-7
0.19678327586882785	3.981383128785393e-7
0.20478327586882805	4.0214354463348495e-7
0.21278327586882825	4.0622626958609584e-7
0.22078327586882843	4.103886707300116e-7
0.22878327586882863	4.1463301147511165e-7
0.23678327586882883	4.189616393003403e-7
0.24478327586882903	4.2337698960322585e-7
0.2527832758688292	4.2788158975860036e-7
0.26078327586882943	4.324780633994263e-7
0.2687832758688296	4.3716913493384226e-7
0.2767832758688298	4.4195763431351735e-7
0.28478327586883	4.4684650206934095e-7
0.2927832758688302	4.518387946318747e-7
0.30078327586883036	4.569376899550333e-7
0.3087832758688306	4.621464934631047e-7
0.31678327586883076	4.6746864434244266e-7
0.324783275868831	4.7290772220102407e-7
0.33278327586883116	4.784674541206764e-7
0.34078327586883134	4.84151722128796e-7
0.34878327586883157	4.899645711183864e-7
0.35678327586883174	4.959102172475925e-7
0.3647832758688319	5.019930568522834e-7
0.37278327586883214	5.08217675908059e-7
0.3807832758688323	5.145888600808273e-7
0.38878327586883255	5.211116054084923e-7
0.3967832758688327	5.277911296596183e-7
0.4047832758688329	5.346328844188797e-7
0.4127832758688331	5.416425679533048e-7
0.4207832758688333	5.488261389177608e-7
0.42878327586883347	5.561898309633849e-7
0.4367832758688337	5.637401683180573e-7
0.44478327586883387	5.714839824140095e-7
0.4527832758688341	5.794284296445557e-7
0.4607832758688343	5.875810103390755e-7
0.46878327586883445	5.959495890536389e-7
0.4767832758688347	6.04542416283418e-7
0.48478327586883485	6.133681517131935e-7
0.492783275868835	6.224358891327788e-7
0.5007832758688352	6.317551831568828e-7
0.5087832758688354	6.413360779015543e-7
0.5167832758688357	6.511891377851266e-7
0.5247832758688358	6.613254806374255e-7
0.532783275868836	6.717568133198702e-7
0.5407832758688362	6.824954700795485e-7
0.5487832758688365	6.93554453883288e-7
0.5567832758688366	7.049474810034903e-7
0.5647832758688368	7.166890291562986e-7
0.572783275868837	7.28794389524985e-7
0.5807832758688372	7.412797230378728e-7
0.5887832758688374	7.54162121310994e-7
0.5967832758688376	7.674596727121707e-7
0.6047832758688377	7.811915340555909e-7
0.612783275868838	7.953780084954574e-7
0.6207832758688382	8.100406302552219e-7
0.6287832758688383	8.25202256906342e-7
0.6367832758688385	8.408871699988864e-7
0.6447832758688388	8.571211849486304e-7
0.6527832758688389	8.739317712022268e-7
0.6607832758688391	8.913481838381405e-7
0.6687832758688393	9.094016079185761e-7
0.6767832758688396	9.281253170914623e-7
0.6847832758688397	9.475548481564694e-7
0.6927832758688399	9.677281935620207e-7
0.7007832758688401	9.886860140979024e-7
0.7087832758688403	1.010471874401567e-6
0.7167832758688405	1.0331325043165702e-6
0.7247832758688407	1.0567180896432523e-6
0.7327832758688408	1.0812825964247505e-6
0.7407832758688411	1.1068841336370294e-6
0.7487832758688413	1.133585360029189e-6
0.7567832758688414	1.1614539419262902e-6
0.7647832758688416	1.1905630701040143e-6
0.7727832758688419	1.2209920454306623e-6
0.780783275868842	1.2528269449141754e-6
0.7887832758688422	1.286161382178504e-6
0.7967832758688425	1.3210973793295022e-6
0.8047832758688427	1.3577463707905526e-6
0.8127832758688428	1.3962303641543755e-6
0.820783275868843	1.4366832886135908e-6
0.8287832758688433	1.4792525683423947e-6
0.8367832758688434	1.524100966611777e-6
0.8447832758688436	1.5714087567901012e-6
0.8527832758688438	1.621376289155639e-6
0.860783275868844	1.6742270381503583e-6
0.8687832758688442	1.730211233965107e-6
0.8767832758688444	1.789610205905084e-6
0.8847832758688445	1.8527415937122002e-6
0.8927832758688448	1.919965617937199e-6
0.900783275868845	1.9916926427439907e-6
0.9087832758688451	2.0683923155756365e-6
0.9167832758688453	2.1506046295185307e-6
0.9247832758688456	2.2389533278539264e-6
0.9327832758688458	2.3341621583832843e-6
0.9407832758688459	2.4370745902749057e-6
0.9487832758688461	2.5486777315092735e-6
0.9567832758688462	2.670131334233153e-6
0.9647832758688463	2.8028029529413532e-6
0.9727832758688465	2.948310531732464e-6
0.9807832758688467	3.108573948248917e-6
0.9887832758688468	3.2858773405790086e-6
0.9967832758688471	3.482944397457749e-6
1.0047832758688473	3.7030292100205658e-6
1.0127832758688475	3.950025773185109e-6
1.0207832758688478	4.228599792765394e-6
1.0287832758688478	4.544347103258384e-6
1.036783275868848	4.903983727055361e-6
1.0447832758688482	5.315573394860993e-6
1.0527832758688485	5.788799171352524e-6
1.0607832758688487	6.335286642517184e-6
1.068783275868849	6.968986850550074e-6
1.076783275868849	7.706627709318674e-6
1.0847832758688492	8.568242868222837e-6
1.0927832758688494	9.577786754792313e-6
1.1007832758688496	1.076384362969243e-5
1.1087832758688498	1.2160436719213636e-5
1.11678327586885	1.3807940597280299e-5
1.1247832758688503	1.5754095623697984e-5
1.1327832758688503	1.8055116830232743e-5
1.1407832758688505	2.077688013135343e-5
1.1487832758688508	2.399615428862619e-5
1.156783275868851	2.780182490145103e-5
1.1647832758688512	3.229602364889184e-5
1.1727832758688514	3.7595030584964e-5
1.1807832758688515	4.382976424974863e-5
1.1887832758688517	5.1145631458369445e-5
1.196783275868852	5.970151270919009e-5
1.2047832758688521	6.966776476740307e-5
1.2127832758688524	8.122338331125282e-5
1.2207832758688526	9.455289890274382e-5
1.2287832758688526	0.00010984409732101823
1.2367832758688528	0.0001272880491776779
1.244783275868853	0.00014708290061443875
1.2510874569016404	0.00016447506458587433
1.2573916379344268	0.00018357651984356407
1.2636958189672132	0.00020451655454574252
1.2668479094836063	0.00021571716201755823
1.2684239547418033	0.00022150983523363613
1.2700000000000002	0.00022743702136178055
