0.006000000000000146	2.4811284418820057e-6
0.012180000000000307	2.4938591198806157e-6
0.01854540000000037	2.507096200017941e-6
0.025101762000000236	2.5208643736541412e-6
0.031854814860000434	2.5351898776160753e-6
0.03881045930580044	2.55010060506787e-6
0.045974773084974566	2.5656262387321077e-6
0.05335401627752363	2.581798396904458e-6
0.06095463676584925	2.5986507938707904e-6
0.06878327586882474	2.616219416495745e-6
0.07678327586882494	2.634397523097887e-6
0.08478327586882513	2.6528073121120393e-6
0.09278327586882533	2.6714532193258802e-6
0.10078327586882552	2.690339792171839e-6
0.10878327586882572	2.7094716945996507e-6
0.1167832758688259	2.728853711085131e-6
0.12478327586882611	2.7484907507715574e-6
0.1327832758688263	2.768387851757573e-6
0.1407832758688265	2.7885501855427125e-6
0.1487832758688267	2.8089830616426155e-6
0.15678327586882687	2.8296919323852e-6
0.16478327586882707	2.8506823978979554e-6
0.17278327586882727	2.871960211299036e-6
0.18078327586882748	2.8935312841020678e-6
0.18878327586882765	2.9154016918477495e-6
0.19678327586882785	2.9375776799736835e-6
0.20478327586882805	2.9600656699355095e-6
0.21278327586882825	2.982872265592462e-6
0.22078327586882843	3.006004259871644e-6
0.22878327586882863	3.029468641725481e-6
0.23678327586882883	3.0532726033980745e-6
0.24478327586882903	3.0774235480166788e-6
0.2527832758688292	3.101929097526051e-6
0.26078327586882943	3.126797100983888e-6
0.2687832758688296	3.1520356432367752e-6
0.2767832758688298	3.1776530539981105e-6
0.28478327586883	3.203657917349498e-6
0.2927832758688302	3.230059081689074e-6
0.30078327586883036	3.2568656701528364e-6
0.3087832758688306	3.2840870915343345e-6
0.31678327586883076	3.311733051732094e-6
0.324783275868831	3.3398135657546845e-6
0.33278327586883116	3.368338970315916e-6
0.34078327586883134	3.3973199370538436e-6
0.34878327586883157	3.4267674864120485e-6
0.35678327586883174	3.4566930022197874e-6
0.3647832758688319	3.487108247015281e-6
0.37278327586883214	3.518025378154878e-6
0.3807832758688323	3.5494569647572985e-6
0.38878327586883255	3.581416005532404e-6
0.3967832758688327	3.6139159475506165e-6
0.4047832758688329	3.6469707060099025e-6
0.4127832758688331	3.6805946850641653e-6
0.4207832758688333	3.714802799779164e-6
0.42878327586883347	3.749610499288788e-6
0.4367832758688337	3.785033791228688e-6
0.44478327586883387	3.821089267530244e-6
0.4527832758688341	3.857794131664654e-6
0.4607832758688343	3.8951662274337385e-6
0.46878327586883445	3.933224069410061e-6
0.4767832758688347	3.971986875139089e-6
0.48478327586883485	4.011474599223775e-6
0.492783275868835	4.0517079694200116e-6
0.5007832758688352	4.092708524885067e-6
0.5087832758688354	4.1344986567282e-6
0.5167832758688357	4.177101651027383e-6
0.5247832758688358	4.220541734488206e-6
0.532783275868836	4.264844122934866e-6
0.5407832758688362	4.310035072838634e-6
0.5487832758688365	4.356141936106e-6
0.5567832758688366	4.403193218367302e-6
0.5647832758688368	4.451218641024659e-6
0.572783275868837	4.500249207341574e-6
0.5807832758688372	4.550317272879152e-6
0.5887832758688374	4.601456620609682e-6
0.5967832758688376	4.6537025410669095e-6
0.6047832758688377	4.707091917923375e-6
0.612783275868838	4.761663319420721e-6
0.6207832758688382	4.817457096115043e-6
0.6287832758688383	4.874515485444605e-6
0.6367832758688385	4.932882723672293e-6
0.6447832758688388	4.992605165809754e-6
0.6527832758688389	5.053731414188786e-6
0.6607832758688391	5.116312456411999e-6
0.6687832758688393	5.180401813490552e-6
0.6767832758688396	5.246055699060173e-6
0.6847832758688397	5.313333190663686e-6
0.6927832758688399	5.382296414195885e-6
0.7007832758688401	5.453010742730575e-6
0.7087832758688403	5.525545011093268e-6
0.7167832758688405	5.599971747702273e-6
0.7247832758688407	5.6763674253953106e-6
0.7327832758688408	5.754812733173493e-6
0.7407832758688411	5.835392871056209e-6
0.7487832758688413	5.918197870543936e-6
0.7567832758688414	6.003322943546789e-6
0.7647832758688416	6.090868863072059e-6
0.7727832758688419	6.180942379482353e-6
0.780783275868842	6.273656676771248e-6
0.7887832758688422	6.36913187406773e-6
0.7967832758688425	6.467495578525506e-6
0.8047832758688427	6.568883496906505e-6
0.8127832758688428	6.673440114598471e-6
0.820783275868843	6.7813194525778675e-6
0.8287832758688433	6.892685915038153e-6
0.8367832758688434	7.007715243168292e-6
0.8447832758688436	7.126595594042304e-6
0.8527832758688438	7.2495287679574535e-6
0.860783275868844	7.376731613088115e-6
0.8687832758688442	7.508437643291939e-6
0.8767832758688444	7.644898913682424e-6
0.8847832758688445	7.78638820957631e-6
0.8927832758688448	7.933201618093679e-6
0.900783275868845	8.085661568548878e-6
0.9087832758688451	8.244120448319966e-6
0.9167832758688453	8.408964925644795e-6
0.9247832758688456	8.580621140220554e-6
0.9327832758688458	8.7595609570299e-6
0.9407832758688459	8.946309518915113e-6
0.9487832758688461	9.141454379627085e-6
0.9567832758688462	9.345656552352017e-6
0.9647832758688463	9.559663870805404e-6
0.9727832758688465	9.784327134181187e-6
0.9807832758688467	1.0020619599190714e-5
0.9887832758688468	1.026966050132577e-5
0.9967832758688471	1.0532743447124735e-5
1.0047832758688473	1.0811370739087508e-5
1.0127832758688475	1.1107295000800598e-5
1.0207832758688478	1.142256989441888e-5
1.0287832758688478	1.1759612305407647e-5
1.036783275868848	1.2121279157260172e-5
1.0447832758688482	1.2510963066782358e-5
1.0527832758688485	1.2932712423923353e-5
1.0607832758688487	1.3391383257881876e-5
1.068783275868849	1.3892832530085856e-5
1.076783275868849	1.4444165393934311e-5
1.0847832758688492	1.5054052626896217e-5
1.0927832758688494	1.5733139047272292e-5
1.1007832758688496	1.649456947471188e-5
1.1087832758688498	1.735466588849647e-5
1.11678327586885	1.8333798059919827e-5
1.1247832758688503	1.945750015930701e-5
1.1327832758688503	2.0757897495554473e-5
1.1407832758688505	2.2275519989579813e-5
1.1487832758688508	2.406159071328829e-5
1.156783275868851	2.6180885929010064e-5
1.1647832758688512	2.8715262434162538e-5
1.1727832758688514	3.176793039412064e-5
1.1807832758688515	3.546850291071054e-5
1.1887832758688517	3.997876068537843e-5
1.196783275868852	4.549891206171805e-5
1.2047832758688521	5.227388964383839e-5
1.2127832758688524	6.059890559249379e-5
1.2207832758688526	7.08231297853267e-5
1.2287832758688526	8.335007038771935e-5
1.2367832758688528	9.863323082830103e-5
1.244783275868853	0.00011716616962954054
1.2510874569016404	0.0001343971864458906
1.2573916379344268	0.00015422743097795203
1.2636958189672132	0.00017691096330513053
1.2668479094836063	0.00018939557888899205
1.2684239547418033	0.0001959380428679939
1.2700000000000002	0.00020268884330590833
