0.006000000000000146	4.888663857275872e-7
0.012180000000000307	4.920980971244353e-7
0.01854540000000037	4.954670747777282e-7
0.025101762000000236	4.989806472657485e-7
0.031854814860000434	5.02646649599144e-7
0.03881045930580044	5.064734654446266e-7
0.045974773084974566	5.104700756747331e-7
0.05335401627752363	5.146461121197153e-7
0.06095463676584925	5.190119171872694e-7
0.06878327586882474	5.235786101130567e-7
0.07678327586882494	5.28320219420531e-7
0.08478327586882513	5.331393602149746e-7
0.09278327586882533	5.380378577572287e-7
0.10078327586882552	5.430175934455177e-7
0.10878327586882572	5.480805070634364e-7
0.1167832758688259	5.532285990386304e-7
0.12478327586882611	5.584639328032019e-7
0.1327832758688263	5.637886372615964e-7
0.1407832758688265	5.692049093720761e-7
0.1487832758688267	5.7471501684817e-7
0.15678327586882687	5.803213009867919e-7
0.16478327586882707	5.860261796300585e-7
0.17278327586882727	5.918321502684454e-7
0.18078327586882748	5.977417932930085e-7
0.18878327586882765	6.03757775405293e-7
0.19678327586882785	6.098828531937295e-7
0.20478327586882805	6.161198768861629e-7
0.21278327586882825	6.224717942885254e-7
0.22078327586882843	6.289416549205678e-7
0.22878327586882863	6.355326143600079e-7
0.23678327586882883	6.42247938807529e-7
0.24478327586882903	6.490910098854859e-7
0.2527832758688292	6.560653296845563e-7
0.26078327586882943	6.631745260730254e-7
0.2687832758688296	6.704223582847416e-7
0.2767832758688298	6.77812722802908e-7
0.28478327586883	6.853496595577977e-7
0.2927832758688302	6.930373584580993e-7
0.30078327586883036	7.008801662767135e-7
0.3087832758688306	7.088825939136541e-7
0.31678327586883076	7.170493240599243e-7
0.324783275868831	7.253852192885148e-7
0.33278327586883116	7.338953306000511e-7
0.34078327586883134	7.425849064532242e-7
0.34878327586883157	7.514594023118656e-7
0.35678327586883174	7.605244907435346e-7
0.3647832758688319	7.69786072106642e-7
0.37278327586883214	7.792502858662468e-7
0.3807832758688323	7.889235225819504e-7
0.38878327586883255	7.988124366143798e-7
0.3967832758688327	8.089239596008753e-7
0.4047832758688329	8.192653147545825e-7
0.4127832758688331	8.2984403204626e-7
0.4207832758688333	8.40667964332143e-7
0.42878327586883347	8.517453044973566e-7
0.4367832758688337	8.630846036894516e-7
0.44478327586883387	8.746947907234946e-7
0.4527832758688341	8.865851927469314e-7
0.4607832758688343	8.987655572601955e-7
0.46878327586883445	9.112460755973465e-7
0.4767832758688347	9.240374079805293e-7
0.48478327586883485	9.371507102721279e-7
0.492783275868835	9.505976625598289e-7
0.5007832758688352	9.643904997222832e-7
0.5087832758688354	9.785420441368425e-7
0.5167832758688357	9.930657407063263e-7
0.5247832758688358	1.0079756943981085e-6
0.532783275868836	1.0232867105083484e-6
0.5407832758688362	1.0390143378844281e-6
0.5487832758688365	1.0551749153623205e-6
0.5567832758688366	1.0717856217010022e-6
0.5647832758688368	1.08886452932534e-6
0.572783275868837	1.1064306622208198e-6
0.5807832758688372	1.1245040583598015e-6
0.5887832758688374	1.143105837079634e-6
0.5967832758688376	1.1622582718779766e-6
0.6047832758688377	1.1819848691430521e-6
0.612783275868838	1.2023104533938663e-6
0.6207832758688382	1.223261259671458e-6
0.6287832758688383	1.2448650337969668e-6
0.6367832758688385	1.26715114129759e-6
0.6447832758688388	1.2901506858978989e-6
0.6527832758688389	1.3138966385866738e-6
0.6607832758688391	1.3384239783958074e-6
0.6687832758688393	1.3637698461769508e-6
0.6767832758688396	1.3899737128313679e-6
0.6847832758688397	1.4170775636483482e-6
0.6927832758688399	1.4451261006384578e-6
0.7007832758688401	1.474166965020997e-6
0.7087832758688403	1.5042509823443435e-6
0.7167832758688405	1.5354324330971292e-6
0.7247832758688407	1.5677693521182651e-6
0.7327832758688408	1.601323860650374e-6
0.7407832758688411	1.6361625355254948e-6
0.7487832758688413	1.6723568207467402e-6
0.7567832758688414	1.7099834876667596e-6
0.7647832758688416	1.749125151101541e-6
0.7727832758688419	1.7898708501034665e-6
0.780783275868842	1.8323167038113817e-6
0.7887832758688422	1.876566654870976e-6
0.7967832758688425	1.92273331546946e-6
0.8047832758688427	1.9709389341687544e-6
0.8127832758688428	2.0213165055931912e-6
0.820783275868843	2.074011049806577e-6
0.8287832758688433	2.1291810941129083e-6
0.8367832758688434	2.1870003973008615e-6
0.8447832758688436	2.2476599653369e-6
0.8527832758688438	2.311370418587868e-6
0.860783275868844	2.378364784275562e-6
0.8687832758688442	2.4489018045867924e-6
0.8767832758688444	2.523269871331661e-6
0.8847832758688445	2.601791723024024e-6
0.8927832758688448	2.6848300706415814e-6
0.900783275868845	2.7727943551396845e-6
0.9087832758688451	2.8661488842321767e-6
0.9167832758688453	2.9654226493650847e-6
0.9247832758688456	3.0712211877461033e-6
0.9327832758688458	3.184240930508854e-6
0.9407832758688459	3.305286568586564e-6
0.9487832758688461	3.43529207494958e-6
0.9567832758688462	3.5753461481942217e-6
0.9647832758688463	3.7267229912263377e-6
0.9727832758688465	3.890919513762992e-6
0.9807832758688467	4.06970025323475e-6
0.9887832758688468	4.265151551100227e-6
0.9967832758688471	4.4797468075419915e-6
1.0047832758688473	4.716424975356406e-6
1.0127832758688475	4.97868485337564e-6
1.0207832758688478	5.270698212186515e-6
1.0287832758688478	5.597445342765952e-6
1.036783275868848	5.964877275914972e-6
1.0447832758688482	6.380109693069977e-6
1.0527832758688485	6.851654456876428e-6
1.0607832758688487	7.389695759209027e-6
1.068783275868849	8.006419152920013e-6
1.076783275868849	8.71640325650659e-6
1.0847832758688492	9.537085774676882e-6
1.0927832758688494	1.048931775736986e-5
1.1007832758688496	1.1598022815234189e-5
1.1087832758688498	1.2892981341599038e-5
1.11678327586885	1.4409763473793897e-5
1.1247832758688503	1.6190837921810444e-5
1.1327832758688503	1.828688543188549e-5
1.1407832758688505	2.075834276494688e-5
1.1487832758688508	2.3677191160369415e-5
1.156783275868851	2.7128976086217412e-5
1.1647832758688512	3.121499561187261e-5
1.1727832758688514	3.605451775694595e-5
1.1807832758688515	4.1786784116538995e-5
1.1887832758688517	4.85724430427587e-5
1.196783275868852	5.659396704424712e-5
1.2047832758688521	6.605460766648017e-5
1.2127832758688524	7.717560760569673e-5
1.2207832758688526	9.019179660114498e-5
1.2287832758688526	0.00010534635520529313
1.2367832758688528	0.00012288631795066656
1.244783275868853	0.00014306100952988593
1.2510874569016404	0.00016098020075967353
1.2573916379344268	0.00018082632401038645
1.2636958189672132	0.00020273993285698858
1.2668479094836063	0.00021451603151376048
1.2684239547418033	0.00022061906928235941
1.2700000000000002	0.00022687186448697426
