0.006000000000000146	1.8956039218941047e-7
0.012180000000000307	1.9058616272242097e-7
0.01854540000000037	1.9165233925088784e-7
0.025101762000000236	1.9276086504248932e-7
0.031854814860000434	1.9391380198064672e-7
0.03881045930580044	1.951133395371727e-7
0.045974773084974566	1.9636180488091548e-7
0.05335401627752363	1.9766167391786292e-7
0.06095463676584925	1.990155833873398e-7
0.06878327586882474	2.0042634414642836e-7
0.07678327586882494	2.0188530533444077e-7
0.08478327586882513	2.033620924749925e-7
0.09278327586882533	2.0485703180080337e-7
0.10078327586882552	2.0637045734344574e-7
0.10878327586882572	2.0790271125452135e-7
0.1167832758688259	2.0945414408956729e-7
0.12478327586882611	2.1102511509845177e-7
0.1327832758688263	2.1261599252357438e-7
0.1407832758688265	2.142271539070481e-7
0.1487832758688267	2.1585898640773996e-7
0.15678327586882687	2.1751188712919432e-7
0.16478327586882707	2.1918626345920815e-7
0.17278327586882727	2.208825334219335e-7
0.18078327586882748	2.226011260432966e-7
0.18878327586882765	2.2434248173053596e-7
0.19678327586882785	2.2610705266669498e-7
0.20478327586882805	2.278953032209515e-7
0.21278327586882825	2.297077103755423e-7
0.22078327586882843	2.3154476417029536e-7
0.22878327586882863	2.3340696816566364e-7
0.23678327586882883	2.352948399252277e-7
0.24478327586882903	2.3720891151869588e-7
0.2527832758688292	2.3914973004654424e-7
0.26078327586882943	2.4111785818735224e-7
0.2687832758688296	2.4311387476909775e-7
0.2767832758688298	2.451383753656718e-7
0.28478327586883	2.4719197291995564e-7
0.2927832758688302	2.4927529839486263e-7
0.30078327586883036	2.513890014539197e-7
0.3087832758688306	2.53533751172928e-7
0.31678327586883076	2.5571023678444575e-7
0.324783275868831	2.579191684568767e-7
0.33278327586883116	2.6016127811012746e-7
0.34078327586883134	2.6243732026980014e-7
0.34878327586883157	2.6474807296221845e-7
0.35678327586883174	2.670943386524677e-7
0.3647832758688319	2.6947694522805085e-7
0.37278327586883214	2.718967470306831e-7
0.3807832758688323	2.74354625939127e-7
0.38878327586883255	2.76851492505994e-7
0.3967832758688327	2.793882871517807e-7
0.4047832758688329	2.819659814195319e-7
0.4127832758688331	2.84585579293772e-7
0.4207832758688333	2.8724811858769553e-7
0.42878327586883347	2.899546724027444e-7
0.4367832758688337	2.9270635066510035e-7
0.44478327586883387	2.9550430174392855e-7
0.4527832758688341	2.9834971415651553e-7
0.4607832758688343	3.012438183658672e-7
0.46878327586883445	3.041878886767508e-7
0.4767832758688347	3.0718324523656814e-7
0.48478327586883485	3.102312561479535e-7
0.492783275868835	3.1333333970059705e-7
0.5007832758688352	3.164909667301391e-7
0.5087832758688354	3.1970566311296146e-7
0.5167832758688357	3.22979012405992e-7
0.5247832758688358	3.2631265864169117e-7
0.532783275868836	3.2970830928900077e-7
0.5407832758688362	3.3316773839207907e-7
0.5487832758688365	3.366927898993952e-7
0.5567832758688366	3.4028538119704185e-7
0.5647832758688368	3.439475068611776e-7
0.572783275868837	3.4768124264570937e-7
0.5807832758688372	3.514887497228516e-7
0.5887832758688374	3.5537227919564735e-7
0.5967832758688376	3.5933417690324775e-7
0.6047832758688377	3.633768885415524e-7
0.612783275868838	3.67502965123941e-7
0.6207832758688382	3.717150688090071e-7
0.6287832758688383	3.760159791247263e-7
0.6367832758688385	3.8040859962132075e-7
0.6447832758688388	3.848959649879959e-7
0.6527832758688389	3.894812486723088e-7
0.6607832758688391	3.941677710446106e-7
0.6687832758688393	3.989590081542814e-7
0.6767832758688396	4.038586011292385e-7
0.6847832758688397	4.08870366275356e-7
0.6927832758688399	4.1399830593873657e-7
0.7007832758688401	4.1924662019999657e-7
0.7087832758688403	4.24619719477754e-7
0.7167832758688405	4.3012223812690185e-7
0.7247832758688407	4.357590491269734e-7
0.7327832758688408	4.415352799672413e-7
0.7407832758688411	4.4745632984778615e-7
0.7487832758688413	4.53527888330621e-7
0.7567832758688414	4.5975595559201375e-7
0.7647832758688416	4.661468644467812e-7
0.7727832758688419	4.7270730433865697e-7
0.780783275868842	4.794443475180395e-7
0.7887832758688422	4.863654776605349e-7
0.7967832758688425	4.934786212182364e-7
0.8047832758688427	5.007921818415274e-7
0.8127832758688428	5.083150782649548e-7
0.820783275868843	5.160567861179132e-7
0.8287832758688433	5.240273842038993e-7
0.8367832758688434	5.322376058936263e-7
0.8447832758688436	5.406988964039322e-7
0.8527832758688438	5.494234768924137e-7
0.860783275868844	5.584244164962863e-7
0.8687832758688442	5.677157136953835e-7
0.8767832758688444	5.773123886993947e-7
0.8847832758688445	5.872305889683777e-7
0.8927832758688448	5.974877105028065e-7
0.900783275868845	6.081025382188447e-7
0.9087832758688451	6.190954096083007e-7
0.9167832758688453	6.304884070318588e-7
0.9247832758688456	6.423055854980949e-7
0.9327832758688458	6.545732447517415e-7
0.9407832758688459	6.673202570876186e-7
0.9487832758688461	6.805784657248745e-7
0.9567832758688462	6.943831730938476e-7
0.9647832758688463	7.087737443696639e-7
0.9727832758688465	7.237943595224664e-7
0.9807832758688467	7.394949576981215e-7
0.9887832758688468	7.559324317730255e-7
0.9967832758688471	7.731721496158941e-7
1.0047832758688473	7.912899035144414e-7
1.0127832758688475	8.103744224925775e-7
1.0207832758688478	8.305306266818533e-7
1.0287832758688478	8.518838623028979e-7
1.036783275868848	8.74585435224867e-7
1.0447832758688482	8.988198672823149e-7
1.0527832758688485	9.248144415968122e-7
1.0607832758688487	9.528517931718711e-7
1.068783275868849	9.832865551250903e-7
1.076783275868849	1.0165674105479427e-6
1.0847832758688492	1.0532663536227418e-6
1.0927832758688494	1.094117568992401e-6
1.1007832758688496	1.1400691452439534e-6
1.1087832758688498	1.1923519121672368e-6
1.11678327586885	1.2525711178362223e-6
1.1247832758688503	1.3228285520772542e-6
1.1327832758688503	1.4058852219680691e-6
1.1407832758688505	1.5053779784780086e-6
1.1487832758688508	1.6261078185676313e-6
1.156783275868851	1.7744232446929106e-6
1.1647832758688512	1.9587294307475657e-6
1.1727832758688514	2.1901634862062725e-6
1.1807832758688515	2.483488391926125e-6
1.1887832758688517	2.8582738538810504e-6
1.196783275868852	3.340452074619961e-6
1.2047832758688521	3.96436085393293e-6
1.2127832758688524	4.77541562048755e-6
1.2207832758688526	5.833584951437266e-6
1.2287832758688526	7.217877587390249e-6
1.2367832758688528	9.032075895292964e-6
1.244783275868853	1.1411959221753313e-5
1.2510874569016404	1.3799619583053136e-5
1.2573916379344268	1.67560036732165e-5
1.2636958189672132	2.0413094129659666e-5
1.2668479094836063	2.255227036707829e-5
1.2684239547418033	2.3709347188904907e-5
1.2700000000000002	2.4929343247934258e-5
