0.006000000000000146	7.478386319330635e-9
0.012180000000000307	7.543732180227336e-9
0.01854540000000037	7.611963721410256e-9
0.025101762000000236	7.683243538928426e-9
0.031854814860000434	7.757745977263031e-9
0.03881045930580044	7.835658204286344e-9
0.045974773084974566	7.917181411913102e-9
0.05335401627752363	8.00253214484395e-9
0.06095463676584925	8.091943777071712e-9
0.06878327586882474	8.185668157305163e-9
0.07678327586882494	8.283196231613925e-9
0.08478327586882513	8.38254111281893e-9
0.09278327586882533	8.483749975633155e-9
0.10078327586882552	8.586871510607198e-9
0.10878327586882572	8.691955989714099e-9
0.1167832758688259	8.799055333617799e-9
0.12478327586882611	8.908223181477553e-9
0.1327832758688263	9.019514963578711e-9
0.1407832758688265	9.132987977061268e-9
0.1487832758688267	9.248701465005044e-9
0.15678327586882687	9.366716699125564e-9
0.16478327586882707	9.487097066336175e-9
0.17278327586882727	9.609908159436367e-9
0.18078327586882748	9.735217872193739e-9
0.18878327586882765	9.86309649909769e-9
0.19678327586882785	9.993616840077627e-9
0.20478327586882805	1.0126854310490382e-8
0.21278327586882825	1.0262887056702494e-8
0.22078327586882843	1.0401796077609662e-8
0.22878327586882863	1.0543665352458341e-8
0.23678327586882883	1.0688581975356579e-8
0.24478327586882903	1.0836636296888439e-8
0.2527832758688292	1.0987922073271696e-8
0.26078327586882943	1.1142536623529222e-8
0.2687832758688296	1.13005809951783e-8
0.2767832758688298	1.146216013897462e-8
0.28478327586883	1.162738309328704e-8
0.2927832758688302	1.1796363178720413e-8
0.30078327586883036	1.1969218203646667e-8
0.3087832758688306	1.2146070681354515e-8
0.31678327586883076	1.2327048059576409e-8
0.324783275868831	1.2512282963213494e-8
0.33278327586883116	1.2701913451132074e-8
0.34078327586883134	1.2896083287979182e-8
0.34878327586883157	1.3094942232031044e-8
0.35678327586883174	1.3298646340167623e-8
0.3647832758688319	1.3507358291151296e-8
0.37278327586883214	1.3721247728478042e-8
0.3807832758688323	1.3940491624171e-8
0.38878327586883255	1.4165274664991708e-8
0.3967832758688327	1.4395789662666652e-8
0.4047832758688329	1.4632237989849476e-8
0.4127832758688331	1.4874830043687388e-8
0.4207832758688333	1.5123785739004153e-8
0.42878327586883347	1.5379335033286852e-8
0.4367832758688337	1.5641718485842354e-8
0.44478327586883387	1.591118785369054e-8
0.4527832758688341	1.6188006726978406e-8
0.4607832758688343	1.6472451206941874e-8
0.46878327586883445	1.676481062970201e-8
0.4767832758688347	1.7065388339472696e-8
0.48478327586883485	1.737450251507194e-8
0.492783275868835	1.7692487053980216e-8
0.5007832758688352	1.8019692518569564e-8
0.5087832758688354	1.8356487149551984e-8
0.5167832758688357	1.870325795216054e-8
0.5247832758688358	1.9060411861091572e-8
0.532783275868836	1.942837699080339e-8
0.5407832758688362	1.980760397839969e-8
0.5487832758688365	2.019856742701511e-8
0.5567832758688366	2.060176745840189e-8
0.5647832758688368	2.101773138426524e-8
0.572783275868837	2.1447015506855448e-8
0.5807832758688372	2.1890207060378754e-8
0.5887832758688374	2.2347926305978753e-8
0.5967832758688376	2.2820828794351863e-8
0.6047832758688377	2.3309607811542682e-8
0.612783275868838	2.3814997025111887e-8
0.6207832758688382	2.4337773349723102e-8
0.6287832758688383	2.4878760053276718e-8
0.6367832758688385	2.543883012705946e-8
0.6447832758688388	2.6018909946021175e-8
0.6527832758688389	2.6619983248272336e-8
0.6607832758688391	2.7243095466282815e-8
0.6687832758688393	2.7889358446096566e-8
0.6767832758688396	2.855995559525163e-8
0.6847832758688397	2.9256147505084566e-8
0.6927832758688399	2.997927809881437e-8
0.7007832758688401	3.073078136336635e-8
0.7087832758688403	3.1512188730466356e-8
0.7167832758688405	3.232513718129812e-8
0.7247832758688407	3.3171378159190195e-8
0.7327832758688408	3.405278738667765e-8
0.7407832758688411	3.49713756972104e-8
0.7487832758688413	3.592930100816598e-8
0.7567832758688414	3.692888158124319e-8
0.7647832758688416	3.797261073942245e-8
0.7727832758688419	3.9063173237313865e-8
0.780783275868842	4.020346351501058e-8
0.7887832758688422	4.139660610584624e-8
0.7967832758688425	4.264597851753481e-8
0.8047832758688427	4.3955236966297696e-8
0.8127832758688428	4.5328345417679856e-8
0.820783275868843	4.676960847965974e-8
0.8287832758688433	4.828370880821334e-8
0.8367832758688434	4.987574982919969e-8
0.8447832758688436	5.155130476158476e-8
0.8527832758688438	5.33164731566226e-8
0.860783275868844	5.5177946460017825e-8
0.8687832758688442	5.7143084478155245e-8
0.8767832758688444	5.922000511015437e-8
0.8847832758688445	6.141769032749015e-8
0.8927832758688448	6.37461121856414e-8
0.900783275868845	6.621638369490326e-8
0.9087832758688451	6.884094073611128e-8
0.9167832758688453	7.163376298202059e-8
0.9247832758688456	7.461064411005177e-8
0.9327832758688458	7.778952464404906e-8
0.9407832758688459	8.11909047769374e-8
0.9487832758688461	8.483835981555704e-8
0.9567832758688462	8.875918786900977e-8
0.9647832758688463	9.298522862565579e-8
0.9727832758688465	9.75539042663542e-8
0.9807832758688467	1.0250954972021072e-7
0.9887832758688468	1.079051208830126e-7
0.9967832758688471	1.1380439781345017e-7
1.0047832758688473	1.2028483758914713e-7
1.0127832758688475	1.2744128148081182e-7
1.0207832758688478	1.3539078741080698e-7
1.0287832758688478	1.4427894661802804e-7
1.036783275868848	1.5428816006428997e-7
1.0447832758688482	1.656485046049842e-7
1.0527832758688485	1.7865202338312476e-7
1.0607832758688487	1.9367154503673418e-7
1.068783275868849	2.1118549255435136e-7
1.076783275868849	2.3181061126749073e-7
1.0847832758688492	2.563451601014191e-7
1.0927832758688494	2.8582591320943124e-7
1.1007832758688496	3.2160336329797644e-7
1.1087832758688498	3.654408679407684e-7
1.11678327586885	4.19645213267217e-7
1.1247832758688503	4.872382751081279e-7
1.1327832758688503	5.721822348994335e-7
1.1407832758688505	6.796742575779359e-7
1.1487832758688508	8.165307503649453e-7
1.156783275868851	9.916863447732597e-7
1.1647832758688512	1.2168385436026966e-6
1.1727832758688514	1.507275350095176e-6
1.1807832758688515	1.8829296588708238e-6
1.1887832758688517	2.369709774941475e-6
1.196783275868852	3.0011584569738615e-6
1.2047832758688521	3.820490700050964e-6
1.2127832758688524	4.883049342742953e-6
1.2207832758688526	6.259193021177646e-6
1.2287832758688526	8.037588975775863e-6
1.2367832758688528	1.0328822416772064e-5
1.244783275868853	1.3269158542908729e-5
1.2510874569016404	1.6150583388641804e-5
1.2573916379344268	1.963267266266173e-5
1.2636958189672132	2.3823806453025116e-5
1.2668479094836063	2.6222194841153432e-5
1.2684239547418033	2.750436035901062e-5
1.2700000000000002	2.8845163647399386e-5
