0.006000000000000146	8.137793571438869e-7
0.012180000000000307	8.163439581531024e-7
0.01854540000000037	8.19003524248875e-7
0.025101762000000236	8.217622224131569e-7
0.031854814860000434	8.246244593497426e-7
0.03881045930580044	8.275948877155869e-7
0.045974773084974566	8.306784239075474e-7
0.05335401627752363	8.338802673496868e-7
0.06095463676584925	8.372059214659994e-7
0.06878327586882474	8.406612165416644e-7
0.07678327586882494	8.442239278158894e-7
0.08478327586882513	8.478192589246093e-7
0.09278327586882533	8.514477125457972e-7
0.10078327586882552	8.551098013703161e-7
0.10878327586882572	8.588060488036142e-7
0.1167832758688259	8.625369893382292e-7
0.12478327586882611	8.663031689283661e-7
0.1327832758688263	8.701051453696383e-7
0.1407832758688265	8.739434886857285e-7
0.1487832758688267	8.77818781524095e-7
0.15678327586882687	8.817316195616163e-7
0.16478327586882707	8.856826119219324e-7
0.17278327586882727	8.896723816052852e-7
0.18078327586882748	8.93701565932016e-7
0.18878327586882765	8.977708170008045e-7
0.19678327586882785	9.018808021625981e-7
0.20478327586882805	9.06032204511208e-7
0.21278327586882825	9.1022572339165e-7
0.22078327586882843	9.144620749271541e-7
0.22878327586882863	9.187419925660271e-7
0.23678327586882883	9.230662276492103e-7
0.24478327586882903	9.274355499999458e-7
0.2527832758688292	9.318507485364539e-7
0.26078327586882943	9.363126319089485e-7
0.2687832758688296	9.408220291622728e-7
0.2767832758688298	9.453797904253962e-7
0.28478327586883	9.499867876292493e-7
0.2927832758688302	9.546439152542093e-7
0.30078327586883036	9.593520911090905e-7
0.3087832758688306	9.64112257142833e-7
0.31678327586883076	9.68925380290952e-7
0.324783275868831	9.737924533584872e-7
0.33278327586883116	9.787144959411514e-7
0.34078327586883134	9.836925553869926e-7
0.34878327586883157	9.887277078006714e-7
0.35678327586883174	9.93821059092377e-7
0.3647832758688319	9.98973746074115e-7
0.37278327586883214	1.0041869376057986e-6
0.3807832758688323	1.0094618357938585e-6
0.38878327586883255	1.0147996772452226e-6
0.3967832758688327	1.0202017343799643e-6
0.4047832758688329	1.0256693168056129e-6
0.4127832758688331	1.0312037727568268e-6
0.4207832758688333	1.0368064906040876e-6
0.42878327586883347	1.042478900435265e-6
0.4367832758688337	1.0482224757146073e-6
0.44478327586883387	1.05403873502336e-6
0.4527832758688341	1.0599292438869279e-6
0.4607832758688343	1.0658956166939394e-6
0.46878327586883445	1.0719395187124547e-6
0.4767832758688347	1.0780626682093804e-6
0.48478327586883485	1.0842668386795431e-6
0.492783275868835	1.090553861191024e-6
0.5007832758688352	1.0969256268540833e-6
0.5087832758688354	1.103384089421671e-6
0.5167832758688357	1.1099312680297297e-6
0.5247832758688358	1.1165692500866075e-6
0.532783275868836	1.1233001943207993e-6
0.5407832758688362	1.1301263339982623e-6
0.5487832758688365	1.1370499803199634e-6
0.5567832758688366	1.1440735260122846e-6
0.5647832758688368	1.151199449123008e-6
0.572783275868837	1.1584303170377984e-6
0.5807832758688372	1.1657687907317973e-6
0.5887832758688374	1.1732176292737292e-6
0.5967832758688376	1.1807796946000248e-6
0.6047832758688377	1.1884579565789685e-6
0.612783275868838	1.1962554983859129e-6
0.6207832758688382	1.2041755222129707e-6
0.6287832758688383	1.2122213553380615e-6
0.6367832758688385	1.220396456581048e-6
0.6447832758688388	1.2287044231768923e-6
0.6527832758688389	1.2371489980982665e-6
0.6607832758688391	1.2457340778639305e-6
0.6687832758688393	1.254463720871586e-6
0.6767832758688396	1.2633421562984543e-6
0.6847832758688397	1.272373793616877e-6
0.6927832758688399	1.281563232776847e-6
0.7007832758688401	1.290915275112859e-6
0.7087832758688403	1.3004349350383986e-6
0.7167832758688405	1.3101274525983631e-6
0.7247832758688407	1.3199983069571733e-6
0.7327832758688408	1.3300532309090675e-6
0.7407832758688411	1.340298226507717e-6
0.7487832758688413	1.3507395819226685e-6
0.7567832758688414	1.3613838896447192e-6
0.7647832758688416	1.3722380661767633e-6
0.7727832758688419	1.383309373365245e-6
0.780783275868842	1.3946054415482521e-6
0.7887832758688422	1.4061342947213935e-6
0.7967832758688425	1.4179043779527085e-6
0.8047832758688427	1.4299245873129425e-6
0.8127832758688428	1.4422043026314178e-6
0.820783275868843	1.4547534234396192e-6
0.8287832758688433	1.4675824085296606e-6
0.8367832758688434	1.4807023196330304e-6
0.8447832758688436	1.4941248698253266e-6
0.8527832758688438	1.507862477384151e-6
0.860783275868844	1.5219283259848074e-6
0.8687832758688442	1.536336432313978e-6
0.8767832758688444	1.5511017224331444e-6
0.8847832758688445	1.5662401185452999e-6
0.8927832758688448	1.5817686382330446e-6
0.900783275868845	1.5977055087705012e-6
0.9087832758688451	1.6140702998092626e-6
0.9167832758688453	1.6308840786435606e-6
0.9247832758688456	1.6481695934470037e-6
0.9327832758688458	1.6659514914276995e-6
0.9407832758688459	1.6842565808951075e-6
0.9487832758688461	1.7031141489272609e-6
0.9567832758688462	1.7225563498903432e-6
0.9647832758688463	1.7426186847770406e-6
0.9727832758688465	1.7633405975822766e-6
0.9807832758688467	1.7847662232366543e-6
0.9887832758688468	1.8069453326584274e-6
0.9967832758688471	1.8299345351804687e-6
1.0047832758688473	1.8537988181931115e-6
1.0127832758688475	1.8786135299595824e-6
1.0207832758688478	1.9044669464099907e-6
1.0287832758688478	1.9314636092452763e-6
1.036783275868848	1.959728684816056e-6
1.0447832758688482	1.9894136762440806e-6
1.0527832758688485	2.020703932144133e-6
1.0607832758688487	2.053828543461425e-6
1.068783275868849	2.0890734178669264e-6
1.076783275868849	2.1267985855177688e-6
1.0847832758688492	2.1674611429783966e-6
1.0927832758688494	2.2116457131994723e-6
1.1007832758688496	2.260104927826895e-6
1.1087832758688498	2.3138132756457662e-6
1.11678327586885	2.3740387763171487e-6
1.1247832758688503	2.4424384223867433e-6
1.1327832758688503	2.521185304302729e-6
1.1407832758688505	2.6131379499767102e-6
1.1487832758688508	2.7220658784660352e-6
1.156783275868851	2.8529499568401065e-6
1.1647832758688512	3.0123822137951525e-6
1.1727832758688514	3.2090977653936426e-6
1.1807832758688515	3.4546820513649305e-6
1.1887832758688517	3.764510452214467e-6
1.196783275868852	4.158995578747326e-6
1.2047832758688521	4.665241399022824e-6
1.2127832758688524	5.319234494030841e-6
1.2207832758688526	6.168742919582207e-6
1.2287832758688526	7.277144048139535e-6
1.2367832758688528	8.72846494640375e-6
1.244783275868853	1.0633989972697282e-5
1.2510874569016404	1.2550131172762295e-5
1.2573916379344268	1.4930895304119229e-5
1.2636958189672132	1.7890179153797842e-5
1.2668479094836063	1.962875948846684e-5
1.2684239547418033	2.0571573230603708e-5
1.2700000000000002	2.1567609242582245e-5
