0.006000000000000146	9.140830897919748e-9
0.012180000000000307	9.2212608547356e-9
0.01854540000000037	9.305236113101115e-9
0.025101762000000236	9.39295566268783e-9
0.031854814860000434	9.484632815689412e-9
0.03881045930580044	9.580496499191113e-9
0.045974773084974566	9.680792706019594e-9
0.05335401627752363	9.785786100224939e-9
0.06095463676584925	9.895761800357279e-9
0.06878327586882474	1.0011027365592931e-8
0.07678327586882494	1.0130954431530817e-8
0.08478327586882513	1.0253097973585488e-8
0.09278327586882533	1.0377514675133556e-8
0.10078327586882552	1.050426301570023e-8
0.10878327586882572	1.063340334689034e-8
0.1167832758688259	1.0764997970413141e-8
0.12478327586882611	1.0899111219045305e-8
0.1327832758688263	1.1035809540861547e-8
0.1407832758688265	1.117516158703444e-8
0.1487832758688267	1.1317238303494368e-8
0.15678327586882687	1.1462113026734529e-8
0.16478327586882707	1.1609861584048072e-8
0.17278327586882727	1.1760562398485943e-8
0.18078327586882748	1.1914296598838452e-8
0.18878327586882765	1.2071148134950077e-8
0.19678327586882785	1.2231203898695105e-8
0.20478327586882805	1.2394553850956494e-8
0.21278327586882825	1.2561291154971534e-8
0.22078327586882843	1.2731512316427474e-8
0.22878327586882863	1.2905317330715114e-8
0.23678327586882883	1.3082809837773003e-8
0.24478327586882903	1.3264097284984245e-8
0.2527832758688292	1.3449291098616933e-8
0.26078327586882943	1.363850686433356e-8
0.2687832758688296	1.3831864517328699e-8
0.2767832758688298	1.402948854269445e-8
0.28478327586883	1.4231508186653919e-8
0.2927832758688302	1.4438057679347688e-8
0.30078327586883036	1.4649276469906752e-8
0.3087832758688306	1.4865309474599708e-8
0.31678327586883076	1.5086307338895237e-8
0.324783275868831	1.5312426714345757e-8
0.33278327586883116	1.5543830551262243e-8
0.34078327586883134	1.5780688408224886e-8
0.34878327586883157	1.602317677954695e-8
0.35678327586883174	1.6271479441899436e-8
0.3647832758688319	1.6525787821394352e-8
0.37278327586883214	1.6786301382520147e-8
0.3807832758688323	1.7053228040434673e-8
0.38878327586883255	1.732678459823945e-8
0.3967832758688327	1.760719721098205e-8
0.4047832758688329	1.7894701878276316e-8
0.4127832758688331	1.8189544967580555e-8
0.4207832758688333	1.8491983770338997e-8
0.42878327586883347	1.8802287093369826e-8
0.4367832758688337	1.912073588808421e-8
0.44478327586883387	1.9447623920329142e-8
0.4527832758688341	1.978325848388889e-8
0.4607832758688343	2.012796116093104e-8
0.46878327586883445	2.0482068632965457e-8
0.4767832758688347	2.0845933546198087e-8
0.48478327586883485	2.1219925435492133e-8
0.492783275868835	2.1604431711526467e-8
0.5007832758688352	2.1999858716148953e-8
0.5087832758688354	2.240663285136866e-8
0.5167832758688357	2.28252017879322e-8
0.5247832758688358	2.3256035759967755e-8
0.532783275868836	2.3699628952786914e-8
0.5407832758688362	2.415650099160362e-8
0.5487832758688365	2.4627198539655586e-8
0.5567832758688366	2.5112297015039396e-8
0.5647832758688368	2.5612402436466162e-8
0.572783275868837	2.6128153409148866e-8
0.5807832758688372	2.6660223263153837e-8
0.5887832758688374	2.7209322357777336e-8
0.5967832758688376	2.7776200566898523e-8
0.6047832758688377	2.8361649961801786e-8
0.612783275868838	2.896650770968493e-8
0.6207832758688382	2.959165920799294e-8
0.6287832758688383	3.023804147689517e-8
0.6367832758688385	3.0906646834648134e-8
0.6447832758688388	3.159852688331814e-8
0.6527832758688389	3.231479683544189e-8
0.6607832758688391	3.305664021568164e-8
0.6687832758688393	3.382531397549619e-8
0.6767832758688396	3.4622154063340674e-8
0.6847832758688397	3.544858149803433e-8
0.6927832758688399	3.6306108998785665e-8
0.7007832758688401	3.719634823206962e-8
0.7087832758688403	3.812101774327971e-8
0.7167832758688405	3.908195164996753e-8
0.7247832758688407	4.008110918381836e-8
0.7327832758688408	4.1120585180526125e-8
0.7407832758688411	4.220262163076821e-8
0.7487832758688413	4.332962042198384e-8
0.7567832758688414	4.4504157420149445e-8
0.7647832758688416	4.572899806384728e-8
0.7727832758688419	4.7007114670526146e-8
0.780783275868842	4.834170568797692e-8
0.7887832758688422	4.9736217164022334e-8
0.7967832758688425	5.1194366756004235e-8
0.8047832758688427	5.2720170660999994e-8
0.8127832758688428	5.4317973920692803e-8
0.820783275868843	5.599248464507395e-8
0.8287832758688433	5.7748812811482984e-8
0.8367832758688434	5.9592514436050874e-8
0.8447832758688436	6.152964209148655e-8
0.8527832758688438	6.356680296895069e-8
0.860783275868844	6.57112259662916e-8
0.8687832758688442	6.797083964849563e-8
0.8767832758688444	7.035436339276549e-8
0.8847832758688445	7.287141463185258e-8
0.8927832758688448	7.553263588702434e-8
0.900783275868845	7.834984629157323e-8
0.9087832758688451	8.133622362048256e-8
0.9167832758688453	8.450652455879508e-8
0.9247832758688456	8.787735318948344e-8
0.9327832758688458	9.146749063237152e-8
0.9407832758688459	9.529830264661348e-8
0.9487832758688461	9.939424712313238e-8
0.9567832758688462	1.037835101429371e-7
0.9647832758688463	1.0849880819835376e-7
0.9727832758688465	1.1357840597998295e-7
0.9807832758688467	1.1906741477180542e-7
0.9887832758688468	1.250194572328955e-7
0.9967832758688471	1.314988118560994e-7
1.0047832758688473	1.3858318691330738e-7
1.0127832758688475	1.4636732218753532e-7
1.0207832758688478	1.549676811838822e-7
1.0287832758688478	1.6452858200900642e-7
1.036783275868848	1.7523022858923013e-7
1.0447832758688482	1.8729925442563332e-7
1.0527832758688485	2.0102259057061566e-7
1.0607832758688487	2.1676573354151942e-7
1.068783275868849	2.3499683776082915e-7
1.076783275868849	2.5631851710266413e-7
1.0847832758688492	2.815098449822734e-7
1.0927832758688494	3.1158183509838126e-7
1.1007832758688496	3.47850719442549e-7
1.1087832758688498	3.9203468343561474e-7
1.11678327586885	4.463814513151561e-7
1.1247832758688503	5.138363343097011e-7
1.1327832758688503	5.982631691612012e-7
1.1407832758688505	7.047341027220872e-7
1.1487832758688508	8.399085333390191e-7
1.156783275868851	1.012526788219693e-6
1.1647832758688512	1.2340503159060223e-6
1.1727832758688514	1.5194871822646916e-6
1.1807832758688515	1.8884490988378467e-6
1.1887832758688517	2.366493271193884e-6
1.196783275868852	2.9868075341742126e-6
1.2047832758688521	3.792298060738118e-6
1.2127832758688524	4.83813170418384e-6
1.2207832758688526	6.194764992039934e-6
1.2287832758688526	7.951454007492653e-6
1.2367832758688528	1.0220180859524579e-5
1.244783275868853	1.3139854947587759e-5
1.2510874569016404	1.6009138425491896e-5
1.2573916379344268	1.948621439493351e-5
1.2636958189672132	2.3683944734180223e-5
1.2668479094836063	2.609177413285278e-5
1.2684239547418033	2.7380575198136604e-5
1.2700000000000002	2.8729463331444415e-5
