0.006000000000000146	9.377900867902314e-10
0.012180000000000307	9.464504736278005e-10
0.01854540000000037	9.554964092069668e-10
0.025101762000000236	9.64949785028345e-10
0.031854814860000434	9.748340908023936e-10
0.03881045930580044	9.851745607395723e-10
0.045974773084974566	9.959983364332556e-10
0.05335401627752363	1.0073346476512993e-9
0.06095463676584925	1.01921501353245e-9
0.06878327586882474	1.0316734669838505e-9
0.07678327586882494	1.044642903654715e-9
0.08478327586882513	1.0578594754147487e-9
0.09278327586882533	1.0713296457965537e-9
0.10078327586882552	1.0850600868379437e-9
0.10878327586882572	1.0990576877051542e-9
0.1167832758688259	1.1133295636149522e-9
0.12478327586882611	1.127883065135157e-9
0.1327832758688263	1.1427257878936236e-9
0.1407832758688265	1.1578655827246568e-9
0.1487832758688267	1.1733105662826e-9
0.15678327586882687	1.1890691321523766e-9
0.16478327586882707	1.2051499624882912e-9
0.17278327586882727	1.2215620402133039e-9
0.18078327586882748	1.238314661812985e-9
0.18878327586882765	1.255417450759749e-9
0.19678327586882785	1.2728803716056259e-9
0.20478327586882805	1.2907137447836292e-9
0.21278327586882825	1.308928262160637e-9
0.22078327586882843	1.3275350033875641e-9
0.22878327586882863	1.3465454530954323e-9
0.23678327586882883	1.3659715189894737e-9
0.24478327586882903	1.3858255508970023e-9
0.2527832758688292	1.4061203608287296e-9
0.26078327586882943	1.4268692441173517e-9
0.2687832758688296	1.448086001702224e-9
0.2767832758688298	1.4697849636334848e-9
0.28478327586883	1.491981013874996e-9
0.2927832758688302	1.5146896164909702e-9
0.30078327586883036	1.5379268433078689e-9
0.3087832758688306	1.5617094031501685e-9
0.31678327586883076	1.5860546727560732e-9
0.324783275868831	1.6109807294878547e-9
0.33278327586883116	1.6365063859601905e-9
0.34078327586883134	1.6626512267201808e-9
0.34878327586883157	1.6894356471233264e-9
0.35678327586883174	1.716880894561341e-9
0.3647832758688319	1.7450091122112011e-9
0.37278327586883214	1.7738433854883273e-9
0.3807832758688323	1.8034077914027876e-9
0.38878327586883255	1.8337274510342688e-9
0.3967832758688327	1.8648285853603e-9
0.4047832758688329	1.89673857469314e-9
0.4127832758688331	1.9294860220031665e-9
0.4207832758688333	1.9631008204319768e-9
0.42878327586883347	1.9976142253263734e-9
0.4367832758688337	2.0330589311551106e-9
0.44478327586883387	2.0694691537047385e-9
0.4527832758688341	2.1068807179888807e-9
0.4607832758688343	2.1453311523482752e-9
0.46878327586883445	2.1848597892662597e-9
0.4767832758688347	2.2255078734776657e-9
0.48478327586883485	2.2673186780099e-9
0.492783275868835	2.310337628861954e-9
0.5007832758688352	2.3546124391041573e-9
0.5087832758688354	2.400193253268758e-9
0.5167832758688357	2.44713280300021e-9
0.5247832758688358	2.4954865750479415e-9
0.532783275868836	2.545312992814547e-9
0.5407832758688362	2.596673612823097e-9
0.5487832758688365	2.649633337641001e-9
0.5567832758688366	2.7042606470016507e-9
0.5647832758688368	2.7606278491011317e-9
0.572783275868837	2.8188113543273326e-9
0.5807832758688372	2.8788919740070747e-9
0.5887832758688374	2.940955247147791e-9
0.5967832758688376	3.005091798616217e-9
0.6047832758688377	3.0713977327538786e-9
0.612783275868838	3.1399750671015516e-9
0.6207832758688382	3.2109322117172322e-9
0.6287832758688383	3.2843845005587266e-9
0.6367832758688385	3.3604547826076113e-9
0.6447832758688388	3.4392740818876417e-9
0.6527832758688389	3.5209823373478717e-9
0.6607832758688391	3.6057292358264483e-9
0.6687832758688393	3.6936751540942034e-9
0.6767832758688396	3.78499222944153e-9
0.6847832758688397	3.879865582595536e-9
0.6927832758688399	3.9784947221672185e-9
0.7007832758688401	4.081095166625949e-9
0.7087832758688403	4.187900328352769e-9
0.7167832758688405	4.299163715120315e-9
0.7247832758688407	4.415161517999338e-9
0.7327832758688408	4.5361956719937154e-9
0.7407832758688411	4.662597497671247e-9
0.7487832758688413	4.794732059997008e-9
0.7567832758688414	4.933003416167848e-9
0.7647832758688416	5.0778609696527124e-9
0.7727832758688419	5.22980720565599e-9
0.780783275868842	5.389407157423089e-9
0.7887832758688422	5.55730004783619e-9
0.7967832758688425	5.734213672573468e-9
0.8047832758688427	5.920982247440245e-9
0.8127832758688428	6.118568643281823e-9
0.820783275868843	6.328092190021592e-9
0.8287832758688433	6.550863563460704e-9
0.8367832758688434	6.788428696020764e-9
0.8447832758688436	7.042624203411441e-9
0.8527832758688438	7.315647529214285e-9
0.860783275868844	7.610145925126561e-9
0.8687832758688442	7.929329566294084e-9
0.8767832758688444	8.277115626719162e-9
0.8847832758688445	8.658312109965082e-9
0.8927832758688448	9.078852775824053e-9
0.900783275868845	9.546097793106235e-9
0.9087832758688451	1.0069219000726583e-8
0.9167832758688453	1.0659694156333457e-8
0.9247832758688456	1.133194165906526e-8
0.9327832758688458	1.2104136422476192e-8
0.9407832758688459	1.2999259454290232e-8
0.9487832758688461	1.4046449056861666e-8
0.9567832758688462	1.5282741407565274e-8
0.9647832758688463	1.6755313912514732e-8
0.9727832758688465	1.8524377819163772e-8
0.9807832758688467	2.066690926033895e-8
0.9887832758688468	2.3281462911223063e-8
0.9967832758688471	2.6494383239462546e-8
1.0047832758688473	3.046781930561148e-8
1.0127832758688475	3.5410065748983016e-8
1.0207832758688478	4.158890187147297e-8
1.0287832758688478	4.934879114866287e-8
1.036783275868848	5.913304550119694e-8
1.0447832758688482	7.15123648381971e-8
1.0527832758688485	8.722154760008855e-8
1.0607832758688487	1.072066493403338e-7
1.068783275868849	1.3268546259517544e-7
1.076783275868849	1.6522492183824893e-7
1.0847832758688492	2.0683992014759053e-7
1.0927832758688494	2.601190720573915e-7
1.1007832758688496	3.2838417141838634e-7
1.1087832758688498	4.1589145496686924e-7
1.11678327586885	5.280842388631868e-7
1.1247832758688503	6.71907941750384e-7
1.1327832758688503	8.561997638681243e-7
1.1407832758688505	1.0921660767828713e-6
1.1487832758688508	1.3939604888077598e-6
1.156783275868851	1.7793740533743304e-6
1.1647832758688512	2.2706455441202693e-6
1.1727832758688514	2.89539347682205e-6
1.1807832758688515	3.6876621145562883e-6
1.1887832758688517	4.689060967879542e-6
1.196783275868852	5.949961956575129e-6
1.2047832758688521	7.530702105588729e-6
1.2127832758688524	9.502725131441187e-6
1.2207832758688526	1.1949585958226537e-5
1.2287832758688526	1.496774142737578e-5
1.2367832758688528	1.8667060593213528e-5
1.244783275868853	2.3171009831545374e-5
1.2510874569016404	2.7376019836950913e-5
1.2573916379344268	3.2238384732940776e-5
1.2636958189672132	3.7835391049087534e-5
1.2668479094836063	4.093401377891172e-5
1.2684239547418033	4.256312043524636e-5
1.2700000000000002	4.4247718158068595e-5
