0.006000000000000146	-0.00015860535986063159
0.012180000000000307	-0.00015859768147677132
0.01854540000000037	-0.00015859017986981583
0.025101762000000236	-0.00015858235575615858
0.031854814860000434	-0.0001585741905587811
0.03881045930580044	-0.00015856566529710343
0.045974773084974566	-0.00015855675962453313
0.05335401627752363	-0.00015854745170082492
0.06095463676584925	-0.00015853771805217256
0.06878327586882474	-0.00015852753341599358
0.07678327586882494	-0.00015851695305152663
0.08478327586882513	-0.00015850618994474997
0.09278327586882533	-0.00015849524577150892
0.10078327586882552	-0.0001584841160617415
0.10878327586882572	-0.000158472796195177
0.1167832758688259	-0.00015846128140518844
0.12478327586882611	-0.00015844956677277518
0.1327832758688263	-0.0001584376472205403
0.1407832758688265	-0.00015842551750610997
0.1487832758688267	-0.00015841317221537625
0.15678327586882687	-0.00015840060575566362
0.16478327586882707	-0.00015838781234824066
0.17278327586882727	-0.00015837478602061977
0.18078327586882748	-0.00015836152059860606
0.18878327586882765	-0.00015834800969791984
0.19678327586882785	-0.00015833424671526182
0.20478327586882805	-0.00015832022481900154
0.21278327586882825	-0.00015830593693972076
0.22078327586882843	-0.0001582913757597978
0.22878327586882863	-0.00015827653370272083
0.23678327586882883	-0.00015826140292200927
0.24478327586882903	-0.00015824597528914244
0.2527832758688292	-0.00015823024238140296
0.26078327586882943	-0.00015821419546851586
0.2687832758688296	-0.00015819782549907955
0.2767832758688298	-0.00015818112308610137
0.28478327586883	-0.00015816407849165477
0.2927832758688302	-0.0001581466816106623
0.30078327586883036	-0.00015812892195424068
0.3087832758688306	-0.00015811078863165842
0.31678327586883076	-0.00015809227033149054
0.324783275868831	-0.00015807335530169952
0.33278327586883116	-0.00015805403132865124
0.34078327586883134	-0.0001580342857148581
0.34878327586883157	-0.0001580141052555436
0.35678327586883174	-0.00015799347621402074
0.3647832758688319	-0.0001579723842949103
0.37278327586883214	-0.0001579508146167939
0.3807832758688323	-0.0001579287516827769
0.38878327586883255	-0.0001579061793490386
0.3967832758688327	-0.00015788308079198093
0.4047832758688329	-0.00015785943847319172
0.4127832758688331	-0.00015783523410206783
0.4207832758688333	-0.00015781044859650012
0.42878327586883347	-0.00015778506204089748
0.4367832758688337	-0.00015775905364148662
0.44478327586883387	-0.00015773240167909358
0.4527832758688341	-0.00015770508345861595
0.4607832758688343	-0.00015767707525517734
0.46878327586883445	-0.00015764835225724367
0.4767832758688347	-0.00015761888850538094
0.48478327586883485	-0.00015758865682724877
0.492783275868835	-0.00015755762876835396
0.5007832758688352	-0.00015752577451774556
0.5087832758688354	-0.00015749306282899754
0.5167832758688357	-0.00015745946093535443
0.5247832758688358	-0.00015742493445904557
0.532783275868836	-0.0001573894473144344
0.5407832758688362	-0.00015735296160392619
0.5487832758688365	-0.00015731543750622279
0.5567832758688366	-0.00015727683315690336
0.5647832758688368	-0.0001572371045196627
0.572783275868837	-0.0001571962052480687
0.5807832758688372	-0.00015715408653690406
0.5887832758688374	-0.00015711069696196738
0.5967832758688376	-0.0001570659823074868
0.6047832758688377	-0.0001570198853800201
0.612783275868838	-0.00015697234580716306
0.6207832758688382	-0.00015692329982059907
0.6287832758688383	-0.0001568726800206784
0.6367832758688385	-0.00015682041512196727
0.6447832758688388	-0.00015676642967690083
0.6527832758688389	-0.0001567106437764561
0.6607832758688391	-0.00015665297272387933
0.6687832758688393	-0.00015659332668053306
0.6767832758688396	-0.00015653161027911683
0.6847832758688397	-0.0001564677222024411
0.6927832758688399	-0.00015640155472207738
0.7007832758688401	-0.00015633299319400192
0.7087832758688403	-0.00015626191550535633
0.7167832758688405	-0.0001561881914661508
0.7247832758688407	-0.0001561116821403139
0.7327832758688408	-0.00015603223910694788
0.7407832758688411	-0.00015594970364411304
0.7487832758688413	-0.00015586390582354297
0.7567832758688414	-0.00015577466350459406
0.7647832758688416	-0.00015568178121290577
0.7727832758688419	-0.00015558504888623541
0.780783275868842	-0.00015548424046774322
0.7887832758688422	-0.00015537911232154131
0.7967832758688425	-0.0001552694014422625
0.8047832758688427	-0.00015515482342233464
0.8127832758688428	-0.00015503507013534302
0.820783275868843	-0.0001549098070827456
0.8287832758688433	-0.00015477867034057705
0.8367832758688434	-0.00015464126302950092
0.8447832758688436	-0.000154497151210905
0.8527832758688438	-0.000154345859093243
0.860783275868844	-0.0001541868634016318
0.8687832758688442	-0.00015401958673211418
0.8767832758688444	-0.00015384338966606677
0.8847832758688445	-0.00015365756136861034
0.8927832758688448	-0.00015346130832602693
0.900783275868845	-0.0001532537407936019
0.9087832758688451	-0.0001530338564193424
0.9167832758688453	-0.0001528005203790249
0.9247832758688456	-0.0001525524411911938
0.9327832758688458	-0.0001522881411753225
0.9407832758688459	-0.000152005920255824
0.9487832758688461	-0.00015170381148813338
0.9567832758688462	-0.00015137952626904604
0.9647832758688463	-0.00015103038667114093
0.9727832758688465	-0.00015065324167775617
0.9807832758688467	-0.00015024436325274262
0.9887832758688468	-0.00014979931710809254
0.9967832758688471	-0.00014931280167214574
1.0047832758688473	-0.0001487784470311993
1.0127832758688475	-0.0001481885634296555
1.0207832758688478	-0.00014753382614795347
1.0287832758688478	-0.00014680288010315764
1.036783275868848	-0.00014598184317629934
1.0447832758688482	-0.00014505368188234607
1.0527832758688485	-0.00014399742637239522
1.0607832758688487	-0.00014278718369743632
1.068783275868849	-0.00014139089857536486
1.076783275868849	-0.0001397687994690328
1.0847832758688492	-0.00013787145455727468
1.0927832758688494	-0.00013563734732179527
1.1007832758688496	-0.00013298986544267697
1.1087832758688498	-0.0001298335804295467
1.11678327586885	-0.00012604968062437819
1.1247832758688503	-0.00012149040972514829
1.1327832758688503	-0.00011597236135454443
1.1407832758688505	-0.00010926849445869905
1.1487832758688508	-0.00010109877489410828
1.156783275868851	-9.111943005850826e-5
1.1647832758688512	-7.891094450408924e-5
1.1727832758688514	-6.396514551263424e-5
1.1807832758688515	-4.567204441900885e-5
1.1887832758688517	-2.330751221537505e-5
1.196783275868852	3.976652983768903e-6
1.2047832758688521	3.715823457680274e-5
1.2127832758688524	7.734329226324646e-5
1.2207832758688526	0.0001257555458969398
1.2287832758688526	0.00018371421528343913
1.2367832758688528	0.00025259878269699856
1.244783275868853	0.00033380025928557937
1.2510874569016404	0.0004073501107265116
1.2573916379344268	0.0004899881864925546
1.2636958189672132	0.0005822540418366317
1.2668479094836063	0.0006321414388819778
1.2684239547418033	0.0006580437861621364
1.2700000000000002	0.0006845917435001167
