0.006000000000000146	-0.00016186670617575327
0.012180000000000307	-0.0001618568482814791
0.01854540000000037	-0.00016184704124546555
0.025101762000000236	-0.00016183681353474215
0.031854814860000434	-0.00016182614147659138
0.03881045930580044	-0.00016181500053777032
0.045974773084974566	-0.00016180336443869547
0.05335401627752363	-0.00016179120499354728
0.06095463676584925	-0.0001617784919343374
0.06878327586882474	-0.00016176519271678385
0.07678327586882494	-0.00016175138056837522
0.08478327586882513	-0.00016173733497984368
0.09278327586882533	-0.00016172305677409572
0.10078327586882552	-0.0001617085404139137
0.10878327586882572	-0.00016169378018456555
0.1167832758688259	-0.0001616787701965603
0.12478327586882611	-0.00016166350437841993
0.1327832758688263	-0.00016164797646972616
0.1407832758688265	-0.0001616321800138003
0.1487832758688267	-0.00016161610834960395
0.15678327586882687	-0.00016159975460403544
0.16478327586882707	-0.00016158311168339455
0.17278327586882727	-0.00016156617226442213
0.18078327586882748	-0.00016154892878530297
0.18878327586882765	-0.0001615313734358736
0.19678327586882785	-0.00016151349814763066
0.20478327586882805	-0.000161495294583165
0.21278327586882825	-0.0001614767541250928
0.22078327586882843	-0.00016145786786432386
0.22878327586882863	-0.00016143862658817088
0.23678327586882883	-0.0001614190207672473
0.24478327586882903	-0.00016139904054234414
0.2527832758688292	-0.00016137867571020686
0.26078327586882943	-0.00016135791570881552
0.2687832758688296	-0.00016133674960188346
0.2767832758688298	-0.00016131516606235555
0.28478327586883	-0.00016129315335545192
0.2927832758688302	-0.0001612706993205129
0.30078327586883036	-0.00016124779135193924
0.3087832758688306	-0.00016122441637921758
0.31678327586883076	-0.00016120056084587
0.324783275868831	-0.00016117621068704367
0.33278327586883116	-0.0001611513513061994
0.34078327586883134	-0.00016112596755048307
0.34878327586883157	-0.00016110004368441274
0.35678327586883174	-0.00016107356336246846
0.3647832758688319	-0.00016104650959995615
0.37278327586883214	-0.00016101886474219614
0.3807832758688323	-0.0001609906104322428
0.38878327586883255	-0.00016096172757612431
0.3967832758688327	-0.00016093219630681902
0.4047832758688329	-0.00016090199594546867
0.4127832758688331	-0.00016087110496078723
0.4207832758688333	-0.0001608395009255647
0.42878327586883347	-0.0001608071604709909
0.4367832758688337	-0.0001607740592378597
0.44478327586883387	-0.00016074017182502413
0.4527832758688341	-0.00016070547173432158
0.4607832758688343	-0.0001606699313125879
0.46878327586883445	-0.00016063352168932106
0.4767832758688347	-0.00016059621271078623
0.48478327586883485	-0.00016055797286991007
0.492783275868835	-0.00016051876923117082
0.5007832758688352	-0.00016047856735109883
0.5087832758688354	-0.00016043733119298732
0.5167832758688357	-0.0001603950230362001
0.5247832758688358	-0.00016035160337895502
0.532783275868836	-0.00016030703083498015
0.5407832758688362	-0.00016026126202203314
0.5487832758688365	-0.0001602142514438685
0.5567832758688366	-0.00016016595136253967
0.5647832758688368	-0.00016011631166229436
0.572783275868837	-0.00016006527970317054
0.5807832758688372	-0.00016001280016423244
0.5887832758688374	-0.00015995881487445546
0.5967832758688376	-0.00015990326263130272
0.6047832758688377	-0.00015984607900548645
0.612783275868838	-0.0001597871961301465
0.6207832758688382	-0.00015972654247387106
0.6287832758688383	-0.00015966404259522694
0.6367832758688385	-0.0001595996168782191
0.6447832758688388	-0.0001595331812447776
0.6527832758688389	-0.0001594646468450063
0.6607832758688391	-0.00015939391971948557
0.6687832758688393	-0.00015932090043408183
0.6767832758688396	-0.00015924548368174586
0.6847832758688397	-0.0001591675578498721
0.6927832758688399	-0.00015908700454760527
0.7007832758688401	-0.000159003698090469
0.7087832758688403	-0.00015891750493572714
0.7167832758688405	-0.00015882828306423258
0.7247832758688407	-0.0001587358813010538
0.7327832758688408	-0.00015864013856818304
0.7407832758688411	-0.0001585408830601609
0.7487832758688413	-0.0001584379313328335
0.7567832758688414	-0.00015833108729287817
0.7647832758688416	-0.00015822014107491977
0.7727832758688419	-0.00015810486778864815
0.780783275868842	-0.00015798502611795922
0.7887832758688422	-0.0001578603567475372
0.7967832758688425	-0.00015773058058903957
0.8047832758688427	-0.00015759539677422143
0.8127832758688428	-0.00015745448037335547
0.820783275868843	-0.00015730747978945608
0.8287832758688433	-0.00015715401376878698
0.8367832758688434	-0.00015699366795248916
0.8447832758688436	-0.00015682599087944537
0.8527832758688438	-0.00015665048932785649
0.860783275868844	-0.00015646662285738764
0.8687832758688442	-0.00015627379738073329
0.8767832758688444	-0.00015607135755184054
0.8847832758688445	-0.000155858577707361
0.8927832758688448	-0.0001556346510333727
0.900783275868845	-0.00015539867654891051
0.9087832758688451	-0.000155149643397875
0.9167832758688453	-0.00015488641181513328
0.9247832758688456	-0.0001546076899757904
0.9327832758688458	-0.00015431200573821596
0.9407832758688459	-0.0001539976720458339
0.9487832758688461	-0.00015366274443765434
0.9567832758688462	-0.000153304968727101
0.9647832758688463	-0.00015292171640778814
0.9727832758688465	-0.000152509904714907
0.9807832758688467	-0.0001520658974691691
0.9887832758688468	-0.00015158538180912675
0.9967832758688471	-0.0001510632146214492
1.0047832758688473	-0.00015049323083029446
1.0127832758688475	-0.00014986800360916583
1.0207832758688478	-0.00014917854393250025
1.0287832758688478	-0.00014841392353162662
1.036783275868848	-0.00014756080112232414
1.0447832758688482	-0.00014660282651928852
1.0527832758688485	-0.00014551989074518485
1.0607832758688487	-0.00014428718223623242
1.068783275868849	-0.00014287399949646746
1.076783275868849	-0.0001412422588244324
1.0847832758688492	-0.00013934462184214837
1.0927832758688494	-0.00013712215141262288
1.1007832758688496	-0.00013450138628319624
1.1087832758688498	-0.00013139070494474326
1.11678327586885	-0.00012767582892010945
1.1247832758688503	-0.0001232142972396905
1.1327832758688503	-0.0001178287312000047
1.1407832758688505	-0.00011129870825569665
1.1487832758688508	-0.00010335108643679248
1.156783275868851	-9.364868106884228e-5
1.1647832758688512	-8.177731361520001e-5
1.1727832758688514	-6.723145051323905e-5
1.1807832758688515	-4.939894703538761e-5
1.1887832758688517	-2.7545813154856056e-5
1.196783275868852	-8.024047003179599e-7
1.2047832758688521	3.184704338267968e-5
1.2127832758688524	7.156917915349978e-5
1.2207832758688526	0.00011967797075011635
1.2287832758688526	0.00017762024578280865
1.2367832758688528	0.000246948197970735
1.244783275868853	0.0003292775775718506
1.2510874569016404	0.00040438169887644455
1.2573916379344268	0.0004893360576789589
1.2636958189672132	0.0005848671869473882
1.2668479094836063	0.0006368087003886564
1.2684239547418033	0.0006638550423369371
1.2700000000000002	0.0006916288800328562
