0.006000000000000146	-0.00014734350361375327
0.012180000000000307	-0.0001472720111369964
0.01854540000000037	-0.00014719811549700963
0.025101762000000236	-0.000147121489182842
0.031854814860000434	-0.00014704201215617017
0.03881045930580044	-0.00014695955791334348
0.045974773084974566	-0.00014687399287565715
0.05335401627752363	-0.00014678517587609426
0.06095463676584925	-0.0001466929576033511
0.06878327586882474	-0.00014659717999522133
0.07678327586882494	-0.00014649845906555717
0.08478327586882513	-0.00014639886287574498
0.09278327586882533	-0.00014629838775668977
0.10078327586882552	-0.00014619702027137975
0.10878327586882572	-0.00014609474669576795
0.1167832758688259	-0.00014599155301510644
0.12478327586882611	-0.00014588742491391287
0.1327832758688263	-0.00014578234776613943
0.1407832758688265	-0.00014567630662483912
0.1487832758688267	-0.00014556928621177698
0.15678327586882687	-0.00014546127090666756
0.16478327586882707	-0.00014535224473633343
0.17278327586882727	-0.00014524219136323116
0.18078327586882748	-0.00014513109407366122
0.18878327586882765	-0.0001450189357659886
0.19678327586882785	-0.00014490569893777885
0.20478327586882805	-0.00014479136567308252
0.21278327586882825	-0.00014467591762886778
0.22078327586882843	-0.00014455933602112834
0.22878327586882863	-0.0001444416016104083
0.23678327586882883	-0.00014432269468676257
0.24478327586882903	-0.00014420259505422084
0.2527832758688292	-0.00014408128201420483
0.26078327586882943	-0.0001439587343490363
0.2687832758688296	-0.0001438349303040288
0.2767832758688298	-0.00014370984756917343
0.28478327586883	-0.0001435834632602179
0.2927832758688302	-0.0001434557538983107
0.30078327586883036	-0.00014332669538946136
0.3087832758688306	-0.00014319626300276
0.31678327586883076	-0.00014306443134765119
0.324783275868831	-0.000142931174350231
0.33278327586883116	-0.00014279646522856538
0.34078327586883134	-0.00014266027646660912
0.34878327586883157	-0.00014252257978692573
0.35678327586883174	-0.0001423833461231629
0.3647832758688319	-0.0001422425455894517
0.37278327586883214	-0.0001421001474497088
0.3807832758688323	-0.00014195612008522504
0.38878327586883255	-0.0001418104309602908
0.3967832758688327	-0.000141663046586823
0.4047832758688329	-0.00014151393248621873
0.4127832758688331	-0.00014136305315082078
0.4207832758688333	-0.00014121037200234607
0.42878327586883347	-0.00014105585134823847
0.4367832758688337	-0.00014089945233674761
0.44478327586883387	-0.00014074113490865573
0.4527832758688341	-0.00014058085774743288
0.4607832758688343	-0.00014041857822622977
0.46878327586883445	-0.00014025425235224576
0.4767832758688347	-0.0001400878347084944
0.48478327586883485	-0.00013991927839200925
0.492783275868835	-0.00013974853494916358
0.5007832758688352	-0.00013957555430717562
0.5087832758688354	-0.00013940028470210046
0.5167832758688357	-0.00013922267260252006
0.5247832758688358	-0.00013904266262944703
0.532783275868836	-0.0001388601974714427
0.5407832758688362	-0.00013867521779441645
0.5487832758688365	-0.00013848766214761082
0.5567832758688366	-0.00013829746686207757
0.5647832758688368	-0.00013810456594512673
0.572783275868837	-0.0001379088909668761
0.5807832758688372	-0.00013771037094100665
0.5887832758688374	-0.00013750893219785062
0.5967832758688376	-0.00013730449824906
0.6047832758688377	-0.00013709698964453068
0.612783275868838	-0.0001368863238199986
0.6207832758688382	-0.0001366724149342594
0.6287832758688383	-0.00013645517369640715
0.6367832758688385	-0.00013623450718119802
0.6447832758688388	-0.00013601031863179664
0.6527832758688389	-0.00013578250724928192
0.6607832758688391	-0.0001355509679672784
0.6687832758688393	-0.00013531559121038886
0.6767832758688396	-0.0001350762626356876
0.6847832758688397	-0.00013483286285421515
0.6927832758688399	-0.0001345852671322543
0.7007832758688401	-0.00013433334506893733
0.7087832758688403	-0.00013407696024886348
0.7167832758688405	-0.00013381596986600805
0.7247832758688407	-0.00013355022431726777
0.7327832758688408	-0.00013327956676025346
0.7407832758688411	-0.00013300383263288798
0.7487832758688413	-0.00013272284912982496
0.7567832758688414	-0.00013243643462988757
0.7647832758688416	-0.00013214439806797341
0.7727832758688419	-0.00013184653824589046
0.780783275868842	-0.00013154264307171028
0.7887832758688422	-0.00013123248871737433
0.7967832758688425	-0.00013091583868363884
0.8047832758688427	-0.00013059244275585597
0.8127832758688428	-0.00013026203583281983
0.820783275868843	-0.00012992433660620822
0.8287832758688433	-0.00012957904606189424
0.8367832758688434	-0.00012922584576899567
0.8447832758688436	-0.0001288643959120935
0.8527832758688438	-0.0001284943330125203
0.860783275868844	-0.00012811526726841773
0.8687832758688442	-0.00012772677942686657
0.8767832758688444	-0.00012732841707907325
0.8847832758688445	-0.00012691969023602493
0.8927832758688448	-0.00012650006601423275
0.900783275868845	-0.0001260689622082493
0.9087832758688451	-0.00012562573947693452
0.9167832758688453	-0.00012516969180201022
0.9247832758688456	-0.00012470003479300143
0.9327832758688458	-0.00012421589131706565
0.9407832758688459	-0.00012371627380763572
0.9487832758688461	-0.0001232000624549822
0.9567832758688462	-0.00012266597829567328
0.9647832758688463	-0.00012211254997165476
0.9727832758688465	-0.00012153807261806774
0.9807832758688467	-0.00012094055691656583
0.9887832758688468	-0.0001203176657963995
0.9967832758688471	-0.0001196666355201279
1.0047832758688473	-0.00011898417690419798
1.0127832758688475	-0.00011826635112594911
1.0207832758688478	-0.00011750841286919516
1.0287832758688478	-0.00011670461135932986
1.036783275868848	-0.00011584793699076527
1.0447832758688482	-0.00011492979758324155
1.0527832758688485	-0.0001139396035757931
1.0607832758688487	-0.00011286423538118843
1.068783275868849	-0.00011168735828065863
1.076783275868849	-0.00011038854014647726
1.0847832758688492	-0.00010894211430149834
1.0927832758688494	-0.00010731571320807058
1.1007832758688496	-0.00010546837746185778
1.1087832758688498	-0.00010334811766058042
1.11678327586885	-0.00010088877284088721
1.1247832758688503	-9.800596694595269e-5
1.1327832758688503	-9.459191283882981e-5
1.1407832758688505	-9.050875055774202e-5
1.1487832758688508	-8.558003236198775e-5
1.156783275868851	-7.957988245376287e-5
1.1647832758688512	-7.221926733050639e-5
1.1727832758688514	-6.312872062967881e-5
1.1807832758688515	-5.183678720464834e-5
1.1887832758688517	-3.774340660844419e-5
1.196783275868852	-2.0087478825149323e-5
1.2047832758688521	2.092009791302014e-6
1.2127832758688524	3.0001618240849323e-5
1.2207832758688526	6.514562379327183e-5
1.2287832758688526	0.00010938370456455203
1.2367832758688528	0.00016499198927547658
1.244783275868853	0.00023472397539395654
1.2510874569016404	0.00030176272824853923
1.2573916379344268	0.0003814554798036589
1.2636958189672132	0.00047589938104588355
1.2668479094836063	0.0005293832770595971
1.2684239547418033	0.0005578222442266406
1.2700000000000002	0.0005874397994160838
