0.006000000000000146	-0.00016532321390999873
0.012180000000000307	-0.00016530549140690457
0.01854540000000037	-0.00016528742590802488
0.025101762000000236	-0.00016526860170049975
0.031854814860000434	-0.00016524897833774228
0.03881045930580044	-0.00016522851319955914
0.045974773084974566	-0.0001652071607508814
0.05335401627752363	-0.00016518487228788306
0.06095463676584925	-0.00016516159565943425
0.06878327586882474	-0.0001651372749582836
0.07678327586882494	-0.0001651120494267266
0.08478327586882513	-0.0001650864350222686
0.09278327586882533	-0.00016506043035487836
0.10078327586882552	-0.00016503402700789052
0.10878327586882572	-0.0001650072163225992
0.1167832758688259	-0.00016497998939795565
0.12478327586882611	-0.00016495233708154093
0.1327832758688263	-0.00016492424996050178
0.1407832758688265	-0.00016489571835163035
0.1487832758688267	-0.00016486673229181297
0.15678327586882687	-0.00016483728152771288
0.16478327586882707	-0.00016480735550463113
0.17278327586882727	-0.00016477694335578522
0.18078327586882748	-0.0001647460338903721
0.18878327586882765	-0.0001647146155815181
0.19678327586882785	-0.00016468267655356952
0.20478327586882805	-0.00016465020456880107
0.21278327586882825	-0.0001646171870138193
0.22078327586882843	-0.00016458361088453292
0.22878327586882863	-0.00016454946277193552
0.23678327586882883	-0.00016451472884541083
0.24478327586882903	-0.00016447939483685216
0.2527832758688292	-0.0001644434460229779
0.26078327586882943	-0.00016440686720729864
0.2687832758688296	-0.00016436964270141985
0.2767832758688298	-0.00016433175630466035
0.28478327586883	-0.0001642931912835787
0.2927832758688302	-0.00016425393034986437
0.30078327586883036	-0.00016421395563774366
0.3087832758688306	-0.00016417324867941787
0.31678327586883076	-0.00016413179038013306
0.324783275868831	-0.00016408956099145524
0.33278327586883116	-0.00016404654008344042
0.34078327586883134	-0.0001640027065151759
0.34878327586883157	-0.0001639580384039028
0.35678327586883174	-0.00016391251309276985
0.3647832758688319	-0.00016386610711618436
0.37278327586883214	-0.00016381879616417062
0.3807832758688323	-0.0001637705550442266
0.38878327586883255	-0.00016372135764133522
0.3967832758688327	-0.0001636711768756968
0.4047832758688329	-0.00016361998465823753
0.4127832758688331	-0.00016356775184365704
0.4207832758688333	-0.00016351444818054397
0.42878327586883347	-0.00016346004225908508
0.4367832758688337	-0.0001634045014553309
0.44478327586883387	-0.000163347791872874
0.4527832758688341	-0.00016328987828013395
0.4607832758688343	-0.00016323072404493275
0.46878327586883445	-0.00016317029106463919
0.4767832758688347	-0.00016310853969213283
0.48478327586883485	-0.00016304542865740578
0.492783275868835	-0.00016298091498429855
0.5007832758688352	-0.00016291495390195437
0.5087832758688354	-0.00016284749875087253
0.5167832758688357	-0.00016277850088269684
0.5247832758688358	-0.0001627079095542453
0.532783275868836	-0.00016263567181365392
0.5407832758688362	-0.00016256173237998717
0.5487832758688365	-0.00016248603351427712
0.5567832758688366	-0.00016240851488223345
0.5647832758688368	-0.00016232911340711983
0.572783275868837	-0.00016224776311341417
0.5807832758688372	-0.00016216439495847108
0.5887832758688374	-0.00016207893665326655
0.5967832758688376	-0.00016199131246975754
0.6047832758688377	-0.00016190144303461105
0.612783275868838	-0.00016180924510755414
0.6207832758688382	-0.00016171463134358465
0.6287832758688383	-0.00016161751003712234
0.6367832758688385	-0.00016151778484627374
0.6447832758688388	-0.00016141535449661968
0.6527832758688389	-0.00016131011246065026
0.6607832758688391	-0.00016120194661217724
0.6687832758688393	-0.0001610907388527106
0.6767832758688396	-0.00016097636470677692
0.6847832758688397	-0.00016085869288313357
0.6927832758688399	-0.0001607375847988613
0.7007832758688401	-0.00016061289406158163
0.7087832758688403	-0.00016048446590560873
0.7167832758688405	-0.00016035213657721555
0.7247832758688407	-0.00016021573266266403
0.7327832758688408	-0.00016007507035184574
0.7407832758688411	-0.00015992995463106875
0.7487832758688413	-0.00015978017839480294
0.7567832758688414	-0.0001596255214654077
0.7647832758688416	-0.00015946574951024626
0.7727832758688419	-0.000159300612839793
0.780783275868842	-0.00015912984507013771
0.7887832758688422	-0.00015895316163001307
0.7967832758688425	-0.0001587702580860633
0.8047832758688427	-0.00015858080825889782
0.8127832758688428	-0.00015838446209173892
0.820783275868843	-0.00015818084323040968
0.8287832758688433	-0.00015796954625996943
0.8367832758688434	-0.00015775013353377845
0.8447832758688436	-0.00015752213151497746
0.8527832758688438	-0.00015728502653156675
0.860783275868844	-0.00015703825982462487
0.8687832758688442	-0.00015678122173686407
0.8767832758688444	-0.00015651324485676656
0.8847832758688445	-0.0001562335958844884
0.8927832758688448	-0.00015594146593124686
0.900783275868845	-0.00015563595889208417
0.9087832758688451	-0.00015531607744327148
0.9167832758688453	-0.0001549807061064518
0.9247832758688456	-0.00015462859068059813
0.9327832758688458	-0.0001542583131724184
0.9407832758688459	-0.00015386826113565182
0.9487832758688461	-0.00015345659006032244
0.9567832758688462	-0.00015302117710511783
0.9647832758688463	-0.00015255956403618497
0.9727832758688465	-0.0001520688866844754
0.9807832758688467	-0.00015154578753705036
0.9887832758688468	-0.000150986307191526
0.9967832758688471	-0.00015038574927066226
1.0047832758688473	-0.00014973851195006742
1.0127832758688475	-0.00014903787740582812
1.0207832758688478	-0.00014827574813293032
1.0287832758688478	-0.0001474423160780303
1.036783275868848	-0.00014652564670571353
1.0447832758688482	-0.0001455111552589419
1.0527832758688485	-0.0001443809463299363
1.0607832758688487	-0.00014311298010574847
1.068783275868849	-0.00014168001892225174
1.076783275868849	-0.00014004829560719325
1.0847832758688492	-0.00013817583002382553
1.0927832758688494	-0.0001360103017259442
1.1007832758688496	-0.00013348636426205784
1.1087832758688498	-0.00013052226019392746
1.11678327586885	-0.00012701556564942125
1.1247832758688503	-0.00012283786053797745
1.1327832758688503	-0.00011782808851302235
1.1407832758688505	-0.0001117843451762488
1.1487832758688508	-0.00010445382345615352
1.156783275868851	-9.552066573902003e-5
1.1647832758688512	-8.45915419099121e-5
1.1727832758688514	-7.117891267924344e-5
1.1807832758688515	-5.468216919082288e-5
1.1887832758688517	-3.4367176424147194e-5
1.196783275868852	-9.345187392007459e-6
1.2047832758688521	2.1447387754786592e-5
1.2127832758688524	5.926633254801377e-5
1.2207832758688526	0.00010557158498206753
1.2287832758688526	0.00016203096596072058
1.2367832758688528	0.00023051274770684985
1.244783275868853	0.00031306437020074234
1.2510874569016404	0.0003894634748324645
1.2573916379344268	0.00047706565737709426
1.2636958189672132	0.0005770013362767348
1.2668479094836063	0.0006319499658023251
1.2684239547418033	0.0006607275435708317
1.2700000000000002	0.0006903935472203639
