0.006000000000000146	-0.0001580821153546051
0.012180000000000307	-0.00015802786366599363
0.01854540000000037	-0.00015797181709478248
0.025101762000000236	-0.00015791362460320038
0.031854814860000434	-0.0001578531867899394
0.03881045930580044	-0.00015779039868268164
0.045974773084974566	-0.0001577251490867514
0.05335401627752363	-0.00015765732011117318
0.06095463676584925	-0.00015758678665252028
0.06878327586882474	-0.0001575134158300824
0.07678327586882494	-0.00015743766754324065
0.08478327586882513	-0.00015736112102808636
0.09278327586882533	-0.0001572837719293298
0.10078327586882552	-0.00015720560695701313
0.10878327586882572	-0.00015712661251528028
0.1167832758688259	-0.00015704677469930992
0.12478327586882611	-0.00015696607928468052
0.1327832758688263	-0.00015688451171664083
0.1407832758688265	-0.00015680205709866758
0.1487832758688267	-0.00015671870018142545
0.15678327586882687	-0.00015663442535082445
0.16478327586882707	-0.00015654921661585762
0.17278327586882727	-0.00015646305759613112
0.18078327586882748	-0.00015637593150850552
0.18878327586882765	-0.0001562878211540581
0.19678327586882785	-0.00015619870890379458
0.20478327586882805	-0.00015610857668398506
0.21278327586882825	-0.00015601740596135814
0.22078327586882843	-0.00015592517772701597
0.22878327586882863	-0.00015583187248022695
0.23678327586882883	-0.00015573747021134973
0.24478327586882903	-0.00015564195038415466
0.2527832758688292	-0.00015554529191710655
0.26078327586882943	-0.00015544747316432393
0.2687832758688296	-0.00015534847189530295
0.2767832758688298	-0.00015524826527398838
0.28478327586883	-0.00015514682983694893
0.2927832758688302	-0.00015504414147025303
0.30078327586883036	-0.0001549401753860474
0.3087832758688306	-0.00015483490609730481
0.31678327586883076	-0.00015472830739165017
0.324783275868831	-0.0001546203523045558
0.33278327586883116	-0.00015451101309022424
0.34078327586883134	-0.0001544002611923827
0.34878327586883157	-0.00015428806721265936
0.35678327586883174	-0.00015417440087790843
0.3647832758688319	-0.00015405923100625913
0.37278327586883214	-0.00015394252547084624
0.3807832758688323	-0.00015382425116243506
0.38878327586883255	-0.00015370437394977488
0.3967832758688327	-0.0001535828586383745
0.4047832758688329	-0.0001534596689267708
0.4127832758688331	-0.00015333476736099596
0.4207832758688333	-0.00015320811528672488
0.42878327586883347	-0.00015307967279841312
0.4367832758688337	-0.00015294939868668782
0.44478327586883387	-0.00015281725038232945
0.4527832758688341	-0.00015268318389724607
0.4607832758688343	-0.00015254715376297596
0.46878327586883445	-0.00015240911296538682
0.4767832758688347	-0.00015226901287529484
0.48478327586883485	-0.000152126803176757
0.492783275868835	-0.00015198243178981722
0.5007832758688352	-0.00015183584479007043
0.5087832758688354	-0.00015168698632242453
0.5167832758688357	-0.00015153579851161916
0.5247832758688358	-0.00015138222136595875
0.532783275868836	-0.0001512261926762224
0.5407832758688362	-0.00015106764790830097
0.5487832758688365	-0.00015090652008956876
0.5567832758688366	-0.00015074273968820068
0.5647832758688368	-0.00015057623448525077
0.572783275868837	-0.00015040692943828245
0.5807832758688372	-0.0001502347465371056
0.5887832758688374	-0.0001500596046501612
0.5967832758688376	-0.00014988141935990976
0.6047832758688377	-0.00014970010278927333
0.612783275868838	-0.00014951556341537565
0.6207832758688382	-0.00014932770587067364
0.6287832758688383	-0.00014913643073130527
0.6367832758688385	-0.0001489416342905375
0.6447832758688388	-0.00014874320831580082
0.6527832758688389	-0.00014854103978947494
0.6607832758688391	-0.0001483350106301089
0.6687832758688393	-0.00014812499739364147
0.6767832758688396	-0.00014791087095258117
0.6847832758688397	-0.0001476924961502005
0.6927832758688399	-0.00014746973142864837
0.7007832758688401	-0.0001472424284277438
0.7087832758688403	-0.00014701043155116705
0.7167832758688405	-0.00014677357749747657
0.7247832758688407	-0.00014653169475167723
0.7327832758688408	-0.0001462846030324958
0.7407832758688411	-0.00014603211269168784
0.7487832758688413	-0.00014577402405781324
0.7567832758688414	-0.00014551012671901853
0.7647832758688416	-0.00014524019873586336
0.7727832758688419	-0.000144964005775586
0.780783275868842	-0.0001446813001558251
0.7887832758688422	-0.00014439181978504853
0.7967832758688425	-0.000144095286983034
0.8047832758688427	-0.0001437914071625575
0.8127832758688428	-0.00014347986734895287
0.820783275868843	-0.00014316033450799498
0.8287832758688433	-0.00014283245364763038
0.8367832758688434	-0.00014249584565087072
0.8447832758688436	-0.0001421501047864567
0.8527832758688438	-0.00014179479583053
0.860783275868844	-0.0001414294507197914
0.8687832758688442	-0.00014105356463335624
0.8767832758688444	-0.0001406665913782207
0.8847832758688445	-0.00014026793792099756
0.8927832758688448	-0.0001398569578709561
0.900783275868845	-0.00013943294367129536
0.9087832758688451	-0.00013899511719472164
0.9167832758688453	-0.00013854261836764744
0.9247832758688456	-0.0001380744913527798
0.9327832758688458	-0.0001375896677080513
0.9407832758688459	-0.0001370869457947207
0.9487832758688461	-0.00013656496553127469
0.9567832758688462	-0.00013602217736173602
0.9647832758688463	-0.00013545680401914163
0.9727832758688465	-0.00013486679329579508
0.9807832758688467	-0.00013424975954632912
0.9887832758688468	-0.00013360291102061176
0.9967832758688471	-0.00013292295929092564
1.0047832758688473	-0.0001322060059405063
1.0127832758688475	-0.00013144740023455923
1.0207832758688478	-0.0001306415595877826
1.0287832758688478	-0.00012978174214494563
1.036783275868848	-0.0001288597575211356
1.0447832758688482	-0.00012786559750074103
1.0527832758688485	-0.000126786962983625
1.0607832758688487	-0.00012560865636867226
1.068783275868849	-0.0001243117994532714
1.076783275868849	-0.00012287282530564162
1.0847832758688492	-0.00012126217784432011
1.0927832758688494	-0.00011944263434242124
1.1007832758688496	-0.0001173671430146781
1.1087832758688498	-0.00011497603942829498
1.11678327586885	-0.00011219347095015519
1.1247832758688503	-0.00010892281721306692
1.1327832758688503	-0.00010504084650474855
1.1407832758688505	-0.00010039029374731007
1.1487832758688508	-9.477048753132853e-5
1.156783275868851	-8.792559605174001e-5
1.1647832758688512	-7.953001295725333e-5
1.1727832758688514	-6.917037724950258e-5
1.1807832758688515	-5.6323736094489415e-5
1.1887832758688517	-4.033144258444711e-5
1.196783275868852	-2.03685654335006e-5
1.2047832758688521	4.591089682800582e-6
1.2127832758688524	3.5813756529605045e-5
1.2207832758688526	7.48470213008503e-5
1.2287832758688526	0.000123561585097202
1.2367832758688528	0.0001841904813612595
1.244783275868853	0.0002593618905918031
1.2510874569016404	0.000330829066491305
1.2573916379344268	0.0004148793501104782
1.2636958189672132	0.0005133544397695948
1.2668479094836063	0.00056862831291792
1.2684239547418033	0.0005978845181878625
1.2700000000000002	0.0006282588815312671
