0.006000000000000146	-0.00015474729423173354
0.012180000000000307	-0.00015468606806280638
0.01854540000000037	-0.0001546227969458684
0.025101762000000236	-0.00015455713706190056
0.031854814860000434	-0.00015448898001111096
0.03881045930580044	-0.0001544182114046785
0.045974773084974566	-0.00015434471022417732
0.05335401627752363	-0.00015426834832642672
0.06095463676584925	-0.0001541889899047297
0.06878327586882474	-0.00015410649090094616
0.07678327586882494	-0.00015402137394280856
0.08478327586882513	-0.00015393541715920573
0.09278327586882533	-0.00015384861627091098
0.10078327586882552	-0.00015376095775527086
0.10878327586882572	-0.00015367242778787317
0.1167832758688259	-0.0001535830122389179
0.12478327586882611	-0.0001534926966627472
0.1327832758688263	-0.00015340146628733665
0.1407832758688265	-0.00015330930600337525
0.1487832758688267	-0.00015321620035276117
0.15678327586882687	-0.00015312213351754395
0.16478327586882707	-0.00015302708930776436
0.17278327586882727	-0.0001529310511492996
0.18078327586882748	-0.00015283400207106974
0.18878327586882765	-0.00015273592469187405
0.19678327586882785	-0.00015263680120703945
0.20478327586882805	-0.00015253661337377356
0.21278327586882825	-0.00015243534249683862
0.22078327586882843	-0.00015233296941296207
0.22878327586882863	-0.0001522294744754125
0.23678327586882883	-0.00015212483753677085
0.24478327586882903	-0.00015201903793235982
0.2527832758688292	-0.00015191205446196326
0.26078327586882943	-0.0001518038653710677
0.2687832758688296	-0.00015169444833171668
0.2767832758688298	-0.00015158378042197168
0.28478327586883	-0.00015147183810473215
0.2927832758688302	-0.00015135859720564432
0.30078327586883036	-0.00015124403289016027
0.3087832758688306	-0.00015112811963932578
0.31678327586883076	-0.00015101083122460608
0.324783275868831	-0.00015089214068157166
0.33278327586883116	-0.00015077202028253718
0.34078327586883134	-0.00015065044150762666
0.34878327586883157	-0.0001505273750148698
0.35678327586883174	-0.00015040279060851832
0.3647832758688319	-0.00015027665720619514
0.37278327586883214	-0.00015014894280435104
0.3807832758688323	-0.0001500196144422033
0.38878327586883255	-0.00014988863816357535
0.3967832758688327	-0.0001497559789772339
0.4047832758688329	-0.00014962160081522945
0.4127832758688331	-0.00014948546648903228
0.4207832758688333	-0.00014934753764356108
0.42878327586883347	-0.00014920777470899611
0.4367832758688337	-0.0001490661368498933
0.44478327586883387	-0.00014892258191149494
0.4527832758688341	-0.0001487770663644673
0.4607832758688343	-0.0001486295452448669
0.46878327586883445	-0.00014847997209233688
0.4767832758688347	-0.00014832829888465979
0.48478327586883485	-0.0001481744759681723
0.492783275868835	-0.0001480184519853822
0.5007832758688352	-0.00014786017379779908
0.5087832758688354	-0.00014769958640449912
0.5167832758688357	-0.00014753663285673368
0.5247832758688358	-0.00014737125416680905
0.532783275868836	-0.0001472033892125608
0.5407832758688362	-0.00014703297463516246
0.5487832758688365	-0.0001468599447320512
0.5567832758688366	-0.00014668423134324922
0.5647832758688368	-0.00014650576372956403
0.572783275868837	-0.00014632446844513376
0.5807832758688372	-0.00014614026920112047
0.5887832758688374	-0.00014595308672092847
0.5967832758688376	-0.00014576283858647158
0.6047832758688377	-0.00014556943907449696
0.612783275868838	-0.00014537279898222392
0.6207832758688382	-0.00014517282544181836
0.6287832758688383	-0.00014496942172193713
0.6367832758688385	-0.00014476248701646526
0.6447832758688388	-0.00014455191621815395
0.6527832758688389	-0.00014433759967712203
0.6607832758688391	-0.00014411942294150236
0.6687832758688393	-0.0001438972664802524
0.6767832758688396	-0.00014367100538470264
0.6847832758688397	-0.00014344050904874442
0.6927832758688399	-0.00014320564082401078
0.7007832758688401	-0.00014296625764856263
0.7087832758688403	-0.00014272220964614627
0.7167832758688405	-0.00014247333969257485
0.7247832758688407	-0.00014221948294682504
0.7327832758688408	-0.00014196046634102957
0.7407832758688411	-0.0001416961080271476
0.7487832758688413	-0.00014142621677211417
0.7567832758688414	-0.00014115059129801247
0.7647832758688416	-0.00014086901955851758
0.7727832758688419	-0.00014058127794234335
0.780783275868842	-0.00014028713039571677
0.7887832758688422	-0.00013998632744860532
0.7967832758688425	-0.00013967860513361757
0.8047832758688427	-0.00013936368377638088
0.8127832758688428	-0.0001390412666388593
0.820783275868843	-0.00013871103838676723
0.8287832758688433	-0.00013837266335229862
0.8367832758688434	-0.00013802578354935784
0.8447832758688436	-0.0001376700163942339
0.8527832758688438	-0.00013730495207220667
0.860783275868844	-0.00013693015047243584
0.8687832758688442	-0.00013654513759991466
0.8767832758688444	-0.0001361494013449601
0.8847832758688445	-0.00013574238646616165
0.8927832758688448	-0.0001353234886014863
0.900783275868845	-0.00013489204707954524
0.9087832758688451	-0.00013444733624408175
0.9167832758688453	-0.0001339885549352079
0.9247832758688456	-0.00013351481368109114
0.9327832758688458	-0.0001330251190472044
0.9407832758688459	-0.000132518354450718
0.9487832758688461	-0.00013199325658020116
0.9567832758688462	-0.00013144838634470362
0.9647832758688463	-0.00013088209299796135
0.9727832758688465	-0.00013029246973266014
0.9807832758688467	-0.0001296772985719564
0.9887832758688468	-0.0001290339817767172
0.9967832758688471	-0.0001283594561842608
1.0047832758688473	-0.0001276500858245364
1.0127832758688475	-0.0001269015267641437
1.0207832758688478	-0.00012610855627427758
1.0287832758688478	-0.00012526485601140706
1.036783275868848	-0.0001243627357496466
1.0447832758688482	-0.00012339278013223065
1.0527832758688485	-0.00012234339563960424
1.0607832758688487	-0.00012120022820772392
1.068783275868849	-0.00011994541324296902
1.076783275868849	-0.00011855660869864724
1.0847832758688492	-0.0001170057477850096
1.0927832758688494	-0.00011525743006140597
1.1007832758688496	-0.00011326684726443493
1.1087832758688498	-0.00011097711232386424
1.11678327586885	-0.00010831582561202748
1.1247832758688503	-0.00010519067065535001
1.1327832758688503	-0.00010148378165753212
1.1407832758688505	-9.704456726176375e-5
1.1487832758688508	-9.168061019795937e-5
1.156783275868851	-8.514619410955143e-5
1.1647832758688512	-7.712794343402766e-5
1.1727832758688514	-6.722701102248418e-5
1.1807832758688515	-5.493722907609632e-5
1.1887832758688517	-3.961867790791903e-5
1.196783275868852	-2.0466258623164344e-5
1.2047832758688521	3.526878568022643e-6
1.2127832758688524	3.3610757103039216e-5
1.2207832758688526	7.132390678704563e-5
1.2287832758688526	0.0001185408109936361
1.2367832758688528	0.0001775186616818578
1.244783275868853	0.0002509395607769033
1.2510874569016404	0.00032101748305200827
1.2573916379344268	0.00040374331692960477
1.2636958189672132	0.0005010515582368992
1.2668479094836063	0.0005558379057265268
1.2684239547418033	0.0005848817944073605
1.2700000000000002	0.0006150677561886296
