0.006000000000000146	-0.0001604235957016093
0.012180000000000307	-0.00016037768352687062
0.01854540000000037	-0.00016033028226443232
0.025101762000000236	-0.00016028103509760198
0.031854814860000434	-0.0001602298543842953
0.03881045930580044	-0.000160176647498509
0.045974773084974566	-0.00016012131617586034
0.05335401627752363	-0.00016006375607346008
0.06095463676584925	-0.00016000385629012513
0.06878327586882474	-0.00015994149884057885
0.07678327586882494	-0.00015987706929541682
0.08478327586882513	-0.00015981190734057406
0.09278327586882533	-0.0001597460088099954
0.10078327586882552	-0.0001596793609737159
0.10878327586882572	-0.00015961195079845973
0.1167832758688259	-0.00015954376494428765
0.12478327586882611	-0.00015947478975410047
0.1327832758688263	-0.00015940501124295578
0.1407832758688265	-0.00015933441508677175
0.1487832758688267	-0.00015926298661120126
0.15678327586882687	-0.00015919071077941254
0.16478327586882707	-0.00015911757217997285
0.17278327586882727	-0.0001590435550145738
0.18078327586882748	-0.0001589686430842097
0.18878327586882765	-0.00015889281977619134
0.19678327586882785	-0.0001588160680494957
0.20478327586882805	-0.00015873837042037548
0.21278327586882825	-0.00015865970894688797
0.22078327586882843	-0.00015858006521295194
0.22878327586882863	-0.00015849942031191606
0.23678327586882883	-0.00015841775482904944
0.24478327586882903	-0.00015833504882376955
0.2527832758688292	-0.00015825128181072725
0.26078327586882943	-0.00015816643274038376
0.2687832758688296	-0.00015808047997845634
0.2767832758688298	-0.0001579934012845703
0.28478327586883	-0.0001579051737903024
0.2927832758688302	-0.00015781577397570946
0.30078327586883036	-0.0001577251776449509
0.3087832758688306	-0.0001576333599013199
0.31678327586883076	-0.00015754029512029605
0.324783275868831	-0.00015744595692194536
0.33278327586883116	-0.00015735031814197853
0.34078327586883134	-0.00015725335080112574
0.34878327586883157	-0.00015715502607352062
0.35678327586883174	-0.00015705531425304301
0.3647832758688319	-0.00015695418471854087
0.37278327586883214	-0.00015685160589705725
0.3807832758688323	-0.00015674754522531612
0.38878327586883255	-0.00015664196910925913
0.3967832758688327	-0.00015653484288162696
0.4047832758688329	-0.0001564261307572745
0.4127832758688331	-0.0001563157957864833
0.4207832758688333	-0.00015620379980522755
0.42878327586883347	-0.00015609010338375854
0.4367832758688337	-0.00015597466577141006
0.44478327586883387	-0.00015585744483944213
0.4527832758688341	-0.0001557383970202393
0.4607832758688343	-0.00015561747724318267
0.46878327586883445	-0.00015549463886728703
0.4767832758688347	-0.0001553698336097527
0.48478327586883485	-0.00015524301147104162
0.492783275868835	-0.000155114120654766
0.5007832758688352	-0.0001549831074838974
0.5087832758688354	-0.0001548499163119113
0.5167832758688357	-0.00015471448942787987
0.5247832758688358	-0.00015457676695750604
0.532783275868836	-0.0001544366867562626
0.5407832758688362	-0.00015429418429792368
0.5487832758688365	-0.0001541491925551642
0.5567832758688366	-0.00015400164187256952
0.5647832758688368	-0.00015385145983277016
0.572783275868837	-0.00015369857111267678
0.5807832758688372	-0.00015354289733165202
0.5887832758688374	-0.00015338435688896202
0.5967832758688376	-0.00015322286479121263
0.6047832758688377	-0.0001530583324672823
0.612783275868838	-0.00015289066757185382
0.6207832758688382	-0.00015271977377480562
0.6287832758688383	-0.0001525455505360601
0.6367832758688385	-0.0001523678928645215
0.6447832758688388	-0.0001521866910603942
0.6527832758688389	-0.0001520018304380394
0.6607832758688391	-0.00015181319102860598
0.6687832758688393	-0.000151620647261084
0.6767832758688396	-0.00015142406761862307
0.6847832758688397	-0.00015122331426815558
0.6927832758688399	-0.0001510182426613764
0.7007832758688401	-0.0001508087011036774
0.7087832758688403	-0.0001505945302872152
0.7167832758688405	-0.000150375562786261
0.7247832758688407	-0.00015015162250794933
0.7327832758688408	-0.0001499225240960081
0.7407832758688411	-0.00014968807228062735
0.7487832758688413	-0.0001494480611676319
0.7567832758688414	-0.00014920227346094527
0.7647832758688416	-0.00014895047960774703
0.7727832758688419	-0.00014869243685673502
0.780783275868842	-0.00014842788821759417
0.7887832758688422	-0.00014815656130525475
0.7967832758688425	-0.00014787816705298014
0.8047832758688427	-0.000147592398271977
0.8127832758688428	-0.000147298928031653
0.820783275868843	-0.00014699740782871535
0.8287832758688433	-0.00014668746550745092
0.8367832758688434	-0.00014636870288229435
0.8447832758688436	-0.00014604069300571827
0.8527832758688438	-0.00014570297700788792
0.860783275868844	-0.00014535506041961233
0.8687832758688442	-0.00014499640886638836
0.8767832758688444	-0.00014462644299723486
0.8847832758688445	-0.0001442445324748882
0.8927832758688448	-0.00014384998881490874
0.900783275868845	-0.00014344205680820845
0.9087832758688451	-0.00014301990419649636
0.9167832758688453	-0.0001425826091901294
0.9247832758688456	-0.00014212914531880168
0.9327832758688458	-0.00014165836298075447
0.9407832758688459	-0.00014116896690306158
0.9487832758688461	-0.00014065948853096003
0.9567832758688462	-0.0001401282521231526
0.9647832758688463	-0.00013957333301998148
0.9727832758688465	-0.00013899250615599822
0.9807832758688467	-0.00013838318238063192
0.9887832758688468	-0.00013774232948693087
0.9967832758688471	-0.00013706637398200647
1.0047832758688473	-0.00013635107849596873
1.0127832758688475	-0.00013559138823368544
1.0207832758688478	-0.00013478123790820797
1.0287832758688478	-0.00013391330801881772
1.036783275868848	-0.00013297871596609719
1.0447832758688482	-0.00013196662309246086
1.0527832758688485	-0.0001308637330192994
1.0607832758688487	-0.00012965364924401752
1.068783275868849	-0.00012831605043258956
1.076783275868849	-0.00012682562965705916
1.0847832758688492	-0.00012515072838389796
1.0927832758688494	-0.00012325157664812574
1.1007832758688496	-0.00012107802686319156
1.1087832758688498	-0.0001185666394891458
1.11678327586885	-0.00011563694384335024
1.1247832758688503	-0.00011218665660745928
1.1327832758688503	-0.0001080855946160049
1.1407832758688505	-0.00010316796899284829
1.1487832758688508	-9.722269810872825e-5
1.156783275868851	-8.9981333315463e-5
1.1647832758688512	-8.110316400776996e-5
1.1727832758688514	-7.015707230286549e-5
1.1807832758688515	-5.659976347045049e-5
1.1887832758688517	-3.9750132759415824e-5
1.196783275868852	-1.8759772292712045e-5
1.2047832758688521	7.419999489064758e-6
1.2127832758688524	4.007367385448668e-5
1.2207832758688526	8.075807162531022e-5
1.2287832758688526	0.00013133750362757943
1.2367832758688528	0.00019401446611069456
1.244783275868853	0.0002713521265550526
1.2510874569016404	0.0003445386311747224
1.2573916379344268	0.00043023420416061917
1.2636958189672132	0.0005301745309792141
1.2668479094836063	0.0005860717379063347
1.2684239547418033	0.0006156039284524183
1.2700000000000002	0.0006462272654255074
