0.006000000000000146	-0.0001429573293435228
0.012180000000000307	-0.00014288265950240534
0.01854540000000037	-0.00014280548035810732
0.025101762000000236	-0.00014272547199122967
0.031854814860000434	-0.00014264251153129503
0.03881045930580044	-0.00014255646956225714
0.045974773084974566	-0.00014246720953092193
0.05335401627752363	-0.00014237458723585038
0.06095463676584925	-0.00014227845027314597
0.06878327586882474	-0.00014217863743334915
0.07678327586882494	-0.00014207579410186388
0.08478327586882513	-0.00014197207665526157
0.09278327586882533	-0.00014186748206856018
0.10078327586882552	-0.00014176199717333798
0.10878327586882572	-0.00014165560852470477
0.1167832758688259	-0.00014154830239753274
0.12478327586882611	-0.0001414400647766707
0.1327832758688263	-0.00014133088134765879
0.1407832758688265	-0.00014122073748676096
0.1487832758688267	-0.00014110961825094482
0.15678327586882687	-0.0001409975083677613
0.16478327586882707	-0.00014088439222457275
0.17278327586882727	-0.00014077025385807713
0.18078327586882748	-0.00014065507694283936
0.18878327586882765	-0.00014053884477986707
0.19678327586882785	-0.00014042154028466575
0.20478327586882805	-0.00014030314597508403
0.21278327586882825	-0.00014018364395835455
0.22078327586882843	-0.00014006301591772442
0.22878327586882863	-0.00013994124309917543
0.23678327586882883	-0.0001398183062966817
0.24478327586882903	-0.00013969418583750545
0.2527832758688292	-0.00013956886156718445
0.26078327586882943	-0.0001394423128329161
0.2687832758688296	-0.00013931451846735314
0.2767832758688298	-0.00013918545677126106
0.28478327586883	-0.0001390551054947761
0.2927832758688302	-0.0001389234418197557
0.30078327586883036	-0.00013879044233898076
0.3087832758688306	-0.00013865608303647884
0.31678327586883076	-0.00013852033926585022
0.324783275868831	-0.00013838318572788084
0.33278327586883116	-0.00013824459644761549
0.34078327586883134	-0.0001381045447492992
0.34878327586883157	-0.00013796300323197028
0.35678327586883174	-0.00013781994374195404
0.3647832758688319	-0.00013767533734540497
0.37278327586883214	-0.00013752915429933335
0.3807832758688323	-0.00013738136402059452
0.38878327586883255	-0.00013723193505443799
0.3967832758688327	-0.0001370808350407181
0.4047832758688329	-0.000136928030678665
0.4127832758688331	-0.00013677348769037663
0.4207832758688333	-0.000136617170781982
0.42878327586883347	-0.00013645904360277348
0.4367832758688337	-0.00013629906870293472
0.44478327586883387	-0.00013613720748821307
0.4527832758688341	-0.00013597342017331742
0.4607832758688343	-0.00013580766573174216
0.46878327586883445	-0.0001356399018440756
0.4767832758688347	-0.0001354700848423285
0.48478327586883485	-0.00013529816965267936
0.492783275868835	-0.0001351241097337714
0.5007832758688352	-0.00013494785701251971
0.5087832758688354	-0.0001347693618161395
0.5167832758688357	-0.0001345885728001971
0.5247832758688358	-0.00013440543687258472
0.532783275868836	-0.00013421989911347883
0.5407832758688362	-0.00013403190269053295
0.5487832758688365	-0.0001338413887686577
0.5567832758688366	-0.00013364829641519978
0.5647832758688368	-0.00013345256249905278
0.572783275868837	-0.00013325412158401444
0.5807832758688372	-0.0001330529058146444
0.5887832758688374	-0.00013284884479661623
0.5967832758688376	-0.00013264186546830577
0.6047832758688377	-0.0001324318919648408
0.612783275868838	-0.0001322188454730823
0.6207832758688382	-0.00013200264407766744
0.6287832758688383	-0.00013178320259667043
0.6367832758688385	-0.00013156043240574513
0.6447832758688388	-0.00013133424125152618
0.6527832758688389	-0.00013110453305120352
0.6607832758688391	-0.00013087120767869015
0.6687832758688393	-0.00013063416073556187
0.6767832758688396	-0.00013039328330607087
0.6847832758688397	-0.0001301484616933715
0.6927832758688399	-0.00012989957713764098
0.7007832758688401	-0.00012964650551190967
0.7087832758688403	-0.00012938911699556974
0.7167832758688405	-0.00012912727572137982
0.7247832758688407	-0.00012886083939574525
0.7327832758688408	-0.00012858965888521453
0.7407832758688411	-0.00012831357777086546
0.7487832758688413	-0.0001280324318599371
0.7567832758688414	-0.00012774604865530226
0.7647832758688416	-0.00012745424677140256
0.7727832758688419	-0.00012715683529264027
0.780783275868842	-0.00012685361306252543
0.7887832758688422	-0.00012654436789268198
0.7967832758688425	-0.00012622887568013554
0.8047832758688427	-0.00012590689941357488
0.8127832758688428	-0.00012557818805213723
0.820783275868843	-0.00012524247525040518
0.8287832758688433	-0.0001248994779052371
0.8367832758688434	-0.0001245488944858305
0.8447832758688436	-0.0001241904031077485
0.8527832758688438	-0.00012382365929639158
0.860783275868844	-0.0001234482933736053
0.8687832758688442	-0.0001230639073826053
0.8767832758688444	-0.00012267007144445386
0.8847832758688445	-0.0001222663194055029
0.8927832758688448	-0.00012185214360564362
0.900783275868845	-0.00012142698854541035
0.9087832758688451	-0.00012099024317937055
0.9167832758688453	-0.00012054123149799273
0.9247832758688456	-0.00012007920098257069
0.9327832758688458	-0.00011960330842766858
0.9407832758688459	-0.00011911260251729518
0.9487832758688461	-0.00011860600240514967
0.9567832758688462	-0.00011808227137923632
0.9647832758688463	-0.0001175399844731104
0.9727832758688465	-0.0001169774885850784
0.9807832758688467	-0.00011639285327459285
0.9887832758688468	-0.00011578380985982708
0.9967832758688471	-0.000115147675729677
1.0047832758688473	-0.00011448125982283437
1.0127832758688475	-0.00011378074398545286
1.0207832758688478	-0.00011304153330139041
1.0287832758688478	-0.00011225806641051296
1.036783275868848	-0.0001114235741468175
1.0447832758688482	-0.00011052977138496224
1.0527832758688485	-0.00010956646253158924
1.0607832758688487	-0.00010852103534830607
1.068783275868849	-0.00010737781036493477
1.076783275868849	-0.00010611720352116893
1.0847832758688492	-0.00010471464727616699
1.0927832758688494	-0.00010313919944727126
1.1007832758688496	-0.00010135174854757596
1.1087832758688498	-9.930269823993552e-5
1.11678327586885	-9.69289803552538e-5
1.1247832758688503	-9.41502041927365e-5
1.1327832758688503	-9.086369789777596e-5
1.1407832758688505	-8.693813399181463e-5
1.1487832758688508	-8.220535441074606e-5
1.156783275868851	-7.644992042163503e-5
1.1647832758688512	-6.939581108600743e-5
1.1727832758688514	-6.068958534690373e-5
1.1807832758688515	-4.9879217322092865e-5
1.1887832758688517	-3.638772989926906e-5
1.196783275868852	-1.948071706953949e-5
1.2047832758688521	1.7730966954315595e-6
1.2127832758688524	2.8548903491208808e-5
1.2207832758688526	6.232068029786558e-5
1.2287832758688526	0.00010492337260287055
1.2367832758688528	0.00015862082210045574
1.244783275868853	0.00022617645681513492
1.2510874569016404	0.00029134106215709607
1.2573916379344268	0.0003690654960678634
1.2636958189672132	0.0004615158996826442
1.2668479094836063	0.0005140238335643848
1.2684239547418033	0.0005419865664341489
1.2700000000000002	0.0005711384298618249
