0.006000000000000146	-0.00015164089242746236
0.012180000000000307	-0.0001515740946138529
0.01854540000000037	-0.0001515050551937267
0.025101762000000236	-0.00015143343957728633
0.031854814860000434	-0.00015135913285823786
0.03881045930580044	-0.0001512820138662544
0.045974773084974566	-0.00015120195454156138
0.05335401627752363	-0.0001511188194295464
0.06095463676584925	-0.00015103246513005716
0.06878327586882474	-0.00015094273969763633
0.07678327586882494	-0.0001508502163392419
0.08478327586882513	-0.00015075683091438503
0.09278327586882533	-0.00015066257939541901
0.10078327586882552	-0.0001505674482595107
0.10878327586882572	-0.00015047142368906067
0.1167832758688259	-0.00015037449156794127
0.12478327586882611	-0.0001502766374713124
0.1327832758688263	-0.0001501778466554619
0.1407832758688265	-0.00015007810404698348
0.1487832758688267	-0.00014997739423189334
0.15678327586882687	-0.00014987570144472974
0.16478327586882707	-0.00014977300955704658
0.17278327586882727	-0.00014966930206525655
0.18078327586882748	-0.0001495645620787962
0.18878327586882765	-0.00014945877230726945
0.19678327586882785	-0.0001493519150473965
0.20478327586882805	-0.00014924397216932954
0.21278327586882825	-0.00014913492510260337
0.22078327586882843	-0.00014902475482143663
0.22878327586882863	-0.0001489134418295618
0.23678327586882883	-0.0001488009661445104
0.24478327586882903	-0.00014868730728078512
0.2527832758688292	-0.00014857244423293914
0.26078327586882943	-0.00014845635545765763
0.2687832758688296	-0.0001483390188552006
0.2767832758688298	-0.00014822041174999048
0.28478327586883	-0.0001481005108702403
0.2927832758688302	-0.00014797929232693372
0.30078327586883036	-0.00014785673159203741
0.3087832758688306	-0.00014773280347500233
0.31678327586883076	-0.0001476074820991109
0.324783275868831	-0.0001474807408763446
0.33278327586883116	-0.00014735255248112377
0.34078327586883134	-0.00014722288882280173
0.34878327586883157	-0.00014709172101713715
0.35678327586883174	-0.0001469590193560282
0.3647832758688319	-0.0001468247532764103
0.37278327586883214	-0.00014668889132712172
0.3807832758688323	-0.00014655140113457656
0.38878327586883255	-0.00014641224936649615
0.3967832758688327	-0.0001462714016942608
0.4047832758688329	-0.00014612882275297996
0.4127832758688331	-0.00014598447609993854
0.4207832758688333	-0.00014583832417079464
0.42878327586883347	-0.0001456903282335992
0.4367832758688337	-0.0001455404483408602
0.44478327586883387	-0.00014538864327813105
0.4527832758688341	-0.00014523487051137013
0.4607832758688343	-0.00014507908613037114
0.46878327586883445	-0.00014492124479009767
0.4767832758688347	-0.00014476129964786116
0.48478327586883485	-0.00014459920229852616
0.492783275868835	-0.00014443490270475134
0.5007832758688352	-0.00014426834912491541
0.5087832758688354	-0.00014409948803515227
0.5167832758688357	-0.00014392826404951308
0.5247832758688358	-0.00014375461983318684
0.532783275868836	-0.00014357849601244032
0.5407832758688362	-0.00014339983107860614
0.5487832758688365	-0.0001432185612871376
0.5567832758688366	-0.0001430346205494785
0.5647832758688368	-0.00014284794032022653
0.572783275868837	-0.00014265844947572535
0.5807832758688372	-0.0001424660741867105
0.5887832758688374	-0.00014227073778247886
0.5967832758688376	-0.00014207236060631388
0.6047832758688377	-0.0001418708598623897
0.612783275868838	-0.00014166614945243286
0.6207832758688382	-0.00014145813980132174
0.6287832758688383	-0.00014124673767293918
0.6367832758688385	-0.00014103184597140145
0.6447832758688388	-0.00014081336353029294
0.6527832758688389	-0.00014059118488725844
0.6607832758688391	-0.00014036520004210413
0.6687832758688393	-0.00014013529419844303
0.6767832758688396	-0.00013990134748615712
0.6847832758688397	-0.0001396632346632403
0.6927832758688399	-0.00013942082479581998
0.7007832758688401	-0.00013917398091306259
0.7087832758688403	-0.00013892255963460643
0.7167832758688405	-0.00013866641076887696
0.7247832758688407	-0.00013840537687755737
0.7327832758688408	-0.00013813929280262626
0.7407832758688411	-0.00013786798515354334
0.7487832758688413	-0.00013759127174610617
0.7567832758688414	-0.00013730896099047792
0.7647832758688416	-0.00013702085121955685
0.7727832758688419	-0.0001367267299503666
0.780783275868842	-0.0001364263730682987
0.7887832758688422	-0.0001361195439235885
0.7967832758688425	-0.0001358059923260938
0.8047832758688427	-0.00013548545342137732
0.8127832758688428	-0.0001351576464298952
0.820783275868843	-0.00013482227322359367
0.8287832758688433	-0.00013447901671029746
0.8367832758688434	-0.00013412753899142636
0.8447832758688436	-0.00013376747924415046
0.8527832758688438	-0.00013339845127502078
0.860783275868844	-0.00013302004067077282
0.8687832758688442	-0.00013263180145982873
0.8767832758688444	-0.00013223325217020347
0.8847832758688445	-0.00013182387114473294
0.8927832758688448	-0.00013140309093517146
0.900783275868845	-0.00013097029155255527
0.9087832758688451	-0.00013052479229634097
0.9167832758688453	-0.00013006584181301115
0.9247832758688456	-0.00012959260595068475
0.9327832758688458	-0.00012910415287023316
0.9407832758688459	-0.00012859943474283198
0.9487832758688461	-0.0001280772651985324
0.9567832758688462	-0.0001275362914898269
0.9647832758688463	-0.00012697496006503428
0.9727832758688465	-0.00012639147391505575
0.9807832758688467	-0.00012578373960334807
0.9887832758688468	-0.00012514930131222836
0.9967832758688471	-0.00012448525845419747
1.0047832758688473	-0.0001237881623720447
1.0127832758688475	-0.00012305388629408646
1.0207832758688478	-0.00012227746093166519
1.0287832758688478	-0.00012145286578325951
1.036783275868848	-0.00012057276319851575
1.0447832758688482	-0.00011962815836003181
1.0527832758688485	-0.00011860796331892399
1.0607832758688487	-0.00011749843676825087
1.068783275868849	-0.00011628246294234765
1.076783275868849	-0.0001149386224126046
1.0847832758688492	-0.00011343999397934296
1.0927832758688494	-0.0001117526095840861
1.1007832758688496	-0.00010983346228741296
1.1087832758688498	-0.00010762793983620156
1.11678327586885	-0.00010506652203428773
1.1247832758688503	-0.00010206053786855718
1.1327832758688503	-9.8496727108053e-5
1.1407832758688505	-9.423029032669709e-5
1.1487832758688508	-8.907604135459942e-5
1.156783275868851	-8.279719915298088e-5
1.1647832758688512	-7.509127696799912e-5
1.1727832758688514	-6.557245476007582e-5
1.1807832758688515	-5.3749772126914885e-5
1.1887832758688517	-3.900047757448179e-5
1.196783275868852	-2.053795049015177e-5
1.2047832758688521	2.626181109031139e-6
1.2127832758688524	3.172572074453058e-5
1.2207832758688526	6.828876937981572e-5
1.2287832758688526	0.00011419031216198344
1.2367832758688528	0.00017170598297441565
1.244783275868853	0.00024356324985740066
1.2510874569016404	0.00031239028289947
1.2573916379344268	0.0003939148081771413
1.2636958189672132	0.0004901562556344874
1.2668479094836063	0.0005444937087154957
1.2684239547418033	0.0005733412871676712
1.2700000000000002	0.0006033525138189497
