0.006000000000000146	-0.00015430176566509857
0.012180000000000307	-0.00015429607280442875
0.01854540000000037	-0.00015429068615110668
0.025101762000000236	-0.00015428506887238822
0.031854814860000434	-0.0001542792072407415
0.03881045930580044	-0.0001542730876181291
0.045974773084974566	-0.00015426669537825903
0.05335401627752363	-0.00015426001481131212
0.06095463676584925	-0.000154253029020791
0.06878327586882474	-0.00015424571980895995
0.07678327586882494	-0.0001542381262072963
0.08478327586882513	-0.0001542303999978034
0.09278327586882533	-0.00015422254374274164
0.10078327586882552	-0.00015421455410362785
0.10878327586882572	-0.00015420642762197697
0.1167832758688259	-0.00015419816072556887
0.12478327586882611	-0.000154189749723712
0.1327832758688263	-0.00015418119080199837
0.1407832758688265	-0.00015417248001744243
0.1487832758688267	-0.00015416361329261637
0.15678327586882687	-0.00015415458641006736
0.16478327586882707	-0.0001541453950064174
0.17278327586882727	-0.00015413603456585135
0.18078327586882748	-0.0001541265004138777
0.18878327586882765	-0.00015411678771007735
0.19678327586882785	-0.00015410689144102513
0.20478327586882805	-0.00015409680641268052
0.21278327586882825	-0.0001540865272422441
0.22078327586882843	-0.0001540760483499471
0.22878327586882863	-0.00015406536394994556
0.23678327586882883	-0.0001540544680412339
0.24478327586882903	-0.0001540433543975546
0.2527832758688292	-0.00015403201655740266
0.26078327586882943	-0.00015402044781279766
0.2687832758688296	-0.00015400864119794667
0.2767832758688298	-0.00015399658947701076
0.28478327586883	-0.00015398428513156346
0.2927832758688302	-0.00015397172034676396
0.30078327586883036	-0.00015395888699720487
0.3087832758688306	-0.00015394577663190343
0.31678327586883076	-0.00015393238045827737
0.324783275868831	-0.00015391868932536384
0.33278327586883116	-0.00015390469370578594
0.34078327586883134	-0.0001538903836771812
0.34878327586883157	-0.00015387574890185656
0.35678327586883174	-0.00015386077860574283
0.3647832758688319	-0.0001538454615559847
0.37278327586883214	-0.00015382978603692697
0.3807832758688323	-0.00015381373982506003
0.38878327586883255	-0.00015379731016166537
0.3967832758688327	-0.00015378048372493666
0.4047832758688329	-0.00015376324659908424
0.4127832758688331	-0.00015374558424229988
0.4207832758688333	-0.00015372748145233946
0.42878327586883347	-0.0001537089223300931
0.4367832758688337	-0.00015368989024045878
0.44478327586883387	-0.00015367036777087502
0.4527832758688341	-0.00015365033668712379
0.4607832758688343	-0.0001536297778859446
0.46878327586883445	-0.00015360867134458627
0.4767832758688347	-0.0001535869960670529
0.48478327586883485	-0.0001535647300259875
0.492783275868835	-0.0001535418501016721
0.5007832758688352	-0.00015351833201524923
0.5087832758688354	-0.00015349415025837785
0.5167832758688357	-0.00015346927801727366
0.5247832758688358	-0.00015344368709113547
0.532783275868836	-0.00015341734780496775
0.5407832758688362	-0.00015339022891550525
0.5487832758688365	-0.00015336229751009483
0.5567832758688366	-0.00015333351889825367
0.5647832758688368	-0.00015330385649436442
0.572783275868837	-0.00015327327169146164
0.5807832758688372	-0.00015324172372516173
0.5887832758688374	-0.00015320916952653367
0.5967832758688376	-0.00015317556356303217
0.6047832758688377	-0.00015314085766670414
0.612783275868838	-0.00015310500084771361
0.6207832758688382	-0.00015306793909268933
0.6287832758688383	-0.00015302961514534154
0.6367832758688385	-0.00015298996826858182
0.6447832758688388	-0.00015294893398553185
0.6527832758688389	-0.00015290644379742791
0.6607832758688391	-0.00015286242487650944
0.6687832758688393	-0.00015281679972991148
0.6767832758688396	-0.0001527694858330696
0.6847832758688397	-0.00015272039522746698
0.6927832758688399	-0.0001526694340803682
0.7007832758688401	-0.0001526165022002284
0.7087832758688403	-0.00015256149250426958
0.7167832758688405	-0.00015250429043089732
0.7247832758688407	-0.00015244477329068675
0.7327832758688408	-0.0001523828095475362
0.7407832758688411	-0.00015231825802130628
0.7487832758688413	-0.0001522509669998785
0.7567832758688414	-0.0001521807732487693
0.7647832758688416	-0.0001521075009027674
0.7727832758688419	-0.0001520309602212568
0.780783275868842	-0.0001519509461862045
0.7887832758688422	-0.00015186723691724472
0.7967832758688425	-0.00015177959187176064
0.8047832758688427	-0.0001516877497946
0.8127832758688428	-0.00015159142636994534
0.820783275868843	-0.0001514903115216423
0.8287832758688433	-0.00015138406629386266
0.8367832758688434	-0.0001512723192293263
0.8447832758688436	-0.000151154662143403
0.8527832758688438	-0.00015103064516860842
0.860783275868844	-0.00015089977091389828
0.8687832758688442	-0.00015076148754737497
0.8767832758688444	-0.00015061518056373076
0.8847832758688445	-0.00015046016294051822
0.8927832758688448	-0.00015029566331660127
0.900783275868845	-0.0001501208117345147
0.9087832758688451	-0.0001499346223783791
0.9167832758688453	-0.00014973597259800034
0.9247832758688456	-0.00014952357733485498
0.9327832758688458	-0.00014929595784600588
0.9407832758688459	-0.00014905140334618697
0.9487832758688461	-0.00014878792384034434
0.9567832758688462	-0.00014850319197966618
0.9647832758688463	-0.00014819447121919014
0.9727832758688465	-0.00014785852684905473
0.9807832758688467	-0.00014749151557644718
0.9887832758688468	-0.00014708884819765117
0.9967832758688471	-0.0001466450184556409
1.0047832758688473	-0.00014615338934828245
1.0127832758688475	-0.00014560592584251353
1.0207832758688478	-0.0001449928600452778
1.0287832758688478	-0.0001443022712519593
1.036783275868848	-0.00014351955879133625
1.0447832758688482	-0.00014262678005153525
1.0527832758688485	-0.00014160181934792725
1.0607832758688487	-0.00014041734523971057
1.068783275868849	-0.00013903950443437741
1.076783275868849	-0.00013742628955975671
1.0847832758688492	-0.00013552550603403648
1.0927832758688494	-0.00013327225053505574
1.1007832758688496	-0.00013058580110836368
1.1087832758688498	-0.00012736580836594807
1.11678327586885	-0.000123487671033466
1.1247832758688503	-0.00011879698105109417
1.1327832758688503	-0.00011310293892861609
1.1407832758688505	-0.00010617067661766842
1.1487832758688508	-9.771249295980751e-5
1.156783275868851	-8.737811885371568e-5
1.1647832758688512	-7.474430099907443e-5
1.1727832758688514	-5.93042392546176e-5
1.1807832758688515	-4.045774094640404e-5
1.1887832758688517	-1.7503354758990096e-5
1.196783275868852	1.036582745706579e-5
1.2047832758688521	4.4060649338306305e-5
1.2127832758688524	8.458642521901203e-5
1.2207832758688526	0.0001330234664319225
1.2287832758688526	0.0001904961230241129
1.2367832758688528	0.00025812989483049145
1.244783275868853	0.0003369975215188973
1.2510874569016404	0.0004076951003694024
1.2573916379344268	0.0004863568185765363
1.2636958189672132	0.0005732845580570555
1.2668479094836063	0.0006199114626757683
1.2684239547418033	0.0006440218385836493
1.2700000000000002	0.0006686653505703832
