0.006000000000000146	-0.00015589384780894197
0.012180000000000307	-0.0001558874643710645
0.01854540000000037	-0.0001558813409431257
0.025101762000000236	-0.00015587495461939804
0.031854814860000434	-0.0001558682899539637
0.03881045930580044	-0.00015586133141038368
0.045974773084974566	-0.00015585406232788493
0.05335401627752363	-0.00015584646481435873
0.06095463676584925	-0.00015583851962972303
0.06878327586882474	-0.00015583020605658342
0.07678327586882494	-0.00015582156874286752
0.08478327586882513	-0.00015581278082392466
0.09278327586882533	-0.00015580384452649074
0.10078327586882552	-0.0001557947560928034
0.10878327586882572	-0.000155785511633733
0.1167832758688259	-0.00015577610713383394
0.12478327586882611	-0.00015576653844634057
0.1327832758688263	-0.00015575680128739698
0.1407832758688265	-0.00015574689123060275
0.1487832758688267	-0.00015573680370084656
0.15678327586882687	-0.00015572653396821867
0.16478327586882707	-0.00015571607714127958
0.17278327586882727	-0.00015570542816058602
0.18078327586882748	-0.00015569458179105484
0.18878327586882765	-0.0001556835326148747
0.19678327586882785	-0.00015567227502345768
0.20478327586882805	-0.0001556608032091401
0.21278327586882825	-0.00015564911115649636
0.22078327586882843	-0.00015563719263332593
0.22878327586882863	-0.00015562504118094995
0.23678327586882883	-0.00015561265010419093
0.24478327586882903	-0.00015560001246056179
0.2527832758688292	-0.00015558712104947253
0.26078327586882943	-0.00015557396839999355
0.2687832758688296	-0.00015556054675883223
0.2767832758688298	-0.00015554684807693038
0.28478327586883	-0.00015553286399610407
0.2927832758688302	-0.00015551858583395025
0.30078327586883036	-0.00015550400456894447
0.3087832758688306	-0.00015548911082394665
0.31678327586883076	-0.00015547389484930793
0.324783275868831	-0.00015545834650462884
0.33278327586883116	-0.000155442455239405
0.34078327586883134	-0.00015542621007343324
0.34878327586883157	-0.0001554095995745611
0.35678327586883174	-0.00015539261183671643
0.3647832758688319	-0.0001553752344554021
0.37278327586883214	-0.00015535745450240323
0.3807832758688323	-0.00015533925849879518
0.38878327586883255	-0.000155320632386344
0.3967832758688327	-0.0001553015614968635
0.4047832758688329	-0.00015528203052018178
0.4127832758688331	-0.00015526202346967234
0.4207832758688333	-0.00015524152364573205
0.42878327586883347	-0.00015522051359715436
0.4367832758688337	-0.0001551989750795962
0.44478327586883387	-0.00015517688901165109
0.4527832758688341	-0.00015515423542815504
0.4607832758688343	-0.00015513099342989706
0.46878327586883445	-0.00015510714113054457
0.4767832758688347	-0.0001550826555995473
0.48478327586883485	-0.00015505751280148506
0.492783275868835	-0.00015503168753082917
0.5007832758688352	-0.0001550051533428171
0.5087832758688354	-0.0001549778824786766
0.5167832758688357	-0.00015494984578623443
0.5247832758688358	-0.0001549210126341731
0.532783275868836	-0.0001548913508207755
0.5407832758688362	-0.00015486082647546122
0.5487832758688365	-0.00015482940395305193
0.5567832758688366	-0.0001547970457205225
0.5647832758688368	-0.0001547637122344959
0.572783275868837	-0.00015472936181012715
0.5807832758688372	-0.0001546939504789889
0.5887832758688374	-0.00015465743183642599
0.5967832758688376	-0.00015461975687645243
0.6047832758688377	-0.00015458087381343995
0.612783275868838	-0.00015454072788912134
0.6207832758688382	-0.0001544992611638548
0.6287832758688383	-0.00015445641229020997
0.6367832758688385	-0.00015441211626742547
0.6447832758688388	-0.0001543663041743531
0.6527832758688389	-0.00015431890287968456
0.6607832758688391	-0.00015426983472571038
0.6687832758688393	-0.00015421901718416092
0.6767832758688396	-0.0001541663624795858
0.6847832758688397	-0.00015411177717863827
0.6927832758688399	-0.0001540551617392519
0.7007832758688401	-0.00015399641001702198
0.7087832758688403	-0.0001539354087218898
0.7167832758688405	-0.0001538720368209163
0.7247832758688407	-0.00015380616487842017
0.7327832758688408	-0.0001537376543274607
0.7407832758688411	-0.00015366635666178366
0.7487832758688413	-0.00015359211253842365
0.7567832758688414	-0.0001535147507779441
0.7647832758688416	-0.0001534340872476856
0.7727832758688419	-0.00015334992360966184
0.780783275868842	-0.00015326204591314496
0.7887832758688422	-0.0001531702230056708
0.7967832758688425	-0.00015307420473286416
0.8047832758688427	-0.00015297371989072991
0.8127832758688428	-0.0001528684738853261
0.820783275868843	-0.00015275814604702483
0.8287832758688433	-0.00015264238653286407
0.8367832758688434	-0.00015252081273619473
0.8447832758688436	-0.00015239300510535065
0.8527832758688438	-0.00015225850224805435
0.860783275868844	-0.00015211679517124164
0.8687832758688442	-0.00015196732046900838
0.8767832758688444	-0.00015180945222708058
0.8847832758688445	-0.00015164249235548669
0.8927832758688448	-0.00015146565899281194
0.900783275868845	-0.00015127807253563423
0.9087832758688451	-0.00015107873874056679
0.9167832758688453	-0.00015086652820755041
0.9247832758688456	-0.00015064015138379445
0.9327832758688458	-0.0001503981280140356
0.9407832758688459	-0.00015013874969268618
0.9487832758688461	-0.00014986003383557579
0.9567832758688462	-0.0001495596669624902
0.9647832758688463	-0.00014923493463814933
0.9727832758688465	-0.0001488826347359731
0.9807832758688467	-0.00014849896981422516
0.9887832758688468	-0.0001480794132892329
0.9967832758688471	-0.00014761854268113478
1.0047832758688473	-0.00014710983142493335
1.0127832758688475	-0.00014654538848277542
1.0207832758688478	-0.00014591563215206864
1.0287832758688478	-0.00014520888090637434
1.036783275868848	-0.00014441083967414264
1.0447832758688482	-0.00014350395449803837
1.0527832758688485	-0.00014246660183946582
1.0607832758688487	-0.00014127207074209248
1.068783275868849	-0.00013988728651170195
1.076783275868849	-0.00013827121346549458
1.0847832758688492	-0.000136372861742974
1.0927832758688494	-0.00013412880951405698
1.1007832758688496	-0.00013146013788666277
1.1087832758688498	-0.00012826866273016454
1.11678327586885	-0.00012443233763664995
1.1247832758688503	-0.00011979969870664819
1.1327832758688503	-0.00011418322980032158
1.1407832758688505	-0.00010735155371222765
1.1487832758688508	-9.902041078606845e-5
1.156783275868851	-8.88424857374604e-5
1.1647832758688512	-7.639630300730109e-5
1.1727832758688514	-6.117464848482073e-5
1.1807832758688515	-4.2573302500645376e-5
1.1887832758688517	-1.988127951022054e-5
1.196783275868852	7.725774656191517e-6
1.2047832758688521	4.118695896542386e-5
1.2127832758688524	8.15499404653642e-5
1.2207832758688526	0.0001299549421695713
1.2287832758688526	0.00018760707043528638
1.2367832758688528	0.00025573606349131714
1.244783275868853	0.0003355438259886894
1.2510874569016404	0.0004073959971851876
1.2573916379344268	0.00048766849469797645
1.2636958189672132	0.0005767561122403681
1.2668479094836063	0.0006247000664466476
1.2684239547418033	0.0006495335467745564
1.2700000000000002	0.0006749449904296306
