0.006000000000000146	4.735429687758647e-8
0.012180000000000307	4.7567622797982134e-8
0.01854540000000037	4.778915090830564e-8
0.025101762000000236	4.8019262133478065e-8
0.031854814860000434	4.8258359974131644e-8
0.03881045930580044	4.850687195937416e-8
0.045974773084974566	4.876525148457589e-8
0.05335401627752363	4.903397981358965e-8
0.06095463676584925	4.9313568266634704e-8
0.06878327586882474	4.9604560616386675e-8
0.07678327586882494	4.990513690135402e-8
0.08478327586882513	5.020901753462332e-8
0.09278327586882533	5.051625904612998e-8
0.10078327586882552	5.08269192388948e-8
0.10878327586882572	5.114105724497457e-8
0.1167832758688259	5.145873357034497e-8
0.12478327586882611	5.178001014067647e-8
0.1327832758688263	5.2104950348249496e-8
0.1407832758688265	5.2433619100165616e-8
0.1487832758688267	5.2766082868018225e-8
0.15678327586882687	5.310240973916091e-8
0.16478327586882707	5.344266946970239e-8
0.17278327586882727	5.378693353935362e-8
0.18078327586882748	5.413527520824077e-8
0.18878327586882765	5.448776957581756e-8
0.19678327586882785	5.484449364198587e-8
0.20478327586882805	5.520552637056013e-8
0.21278327586882825	5.55709487551928e-8
0.22078327586882843	5.594084388790818e-8
0.22878327586882863	5.6315297030360087e-8
0.23678327586882883	5.669439568798349e-8
0.24478327586882903	5.707822968716322e-8
0.2527832758688292	5.746689125559467e-8
0.26078327586882943	5.786047510599884e-8
0.2687832758688296	5.825907852335849e-8
0.2767832758688298	5.866280145586198e-8
0.28478327586883	5.907174660975452e-8
0.2927832758688302	5.9486019548285827e-8
0.30078327586883036	5.990572879498582e-8
0.3087832758688306	6.033098594148622e-8
0.31678327586883076	6.076190576013266e-8
0.324783275868831	6.119860632164111e-8
0.33278327586883116	6.16412091180759e-8
0.34078327586883134	6.208983919142932e-8
0.34878327586883157	6.254462526811433e-8
0.35678327586883174	6.300569989968763e-8
0.3647832758688319	6.347319961016505e-8
0.37278327586883214	6.39472650502755e-8
0.3807832758688323	6.442804115905638e-8
0.38878327586883255	6.491567733320369e-8
0.3967832758688327	6.541032760462227e-8
0.4047832758688329	6.591215082665381e-8
0.4127832758688331	6.642131086946729e-8
0.4207832758688333	6.69379768251762e-8
0.42878327586883347	6.746232322324357e-8
0.4367832758688337	6.799453025679336e-8
0.44478327586883387	6.853478402048322e-8
0.4527832758688341	6.908327676064429e-8
0.4607832758688343	6.96402071384465e-8
0.46878327586883445	7.020578050689585e-8
0.4767832758688347	7.078020920252144e-8
0.48478327586883485	7.136371285269284e-8
0.492783275868835	7.195651869956515e-8
0.5007832758688352	7.255886194172179e-8
0.5087832758688354	7.31709860946667e-8
0.5167832758688357	7.379314337141535e-8
0.5247832758688358	7.442559508452132e-8
0.532783275868836	7.506861207097113e-8
0.5407832758688362	7.572247514151993e-8
0.5487832758688365	7.638747555612336e-8
0.5567832758688366	7.706391552730221e-8
0.5647832758688368	7.775210875339441e-8
0.572783275868837	7.845238098380552e-8
0.5807832758688372	7.916507061856962e-8
0.5887832758688374	7.989052934471022e-8
0.5967832758688376	8.062912281209765e-8
0.6047832758688377	8.138123135175082e-8
0.612783275868838	8.214725073975688e-8
0.6207832758688382	8.292759301029372e-8
0.6287832758688383	8.372268732154233e-8
0.6367832758688385	8.453298087858291e-8
0.6447832758688388	8.535893991780298e-8
0.6527832758688389	8.620105075771628e-8
0.6607832758688391	8.705982092156609e-8
0.6687832758688393	8.793578033758786e-8
0.6767832758688396	8.882948262342465e-8
0.6847832758688397	8.974150646170137e-8
0.6927832758688399	9.067245707463601e-8
0.7007832758688401	9.16229678061827e-8
0.7087832758688403	9.25937018212094e-8
0.7167832758688405	9.358535393213429e-8
0.7247832758688407	9.45986525646051e-8
0.7327832758688408	9.563436187504275e-8
0.7407832758688411	9.669328403433067e-8
0.7487832758688413	9.777626169355625e-8
0.7567832758688414	9.888418064964886e-8
0.7647832758688416	1.0001797273087236e-7
0.7727832758688419	1.011786189247509e-7
0.780783275868842	1.0236715277393018e-7
0.7887832758688422	1.0358466406901662e-7
0.7967832758688425	1.048323028716469e-7
0.8047832758688427	1.0611128390604343e-7
0.8127832758688428	1.0742289136344787e-7
0.820783275868843	1.0876848417133701e-7
0.8287832758688433	1.1014950178849265e-7
0.8367832758688434	1.1156747059863999e-7
0.8447832758688436	1.1302401098983491e-7
0.8527832758688438	1.1452084522529947e-7
0.860783275868844	1.1605980623496008e-7
0.8687832758688442	1.176428474875433e-7
0.8767832758688444	1.1927205414254746e-7
0.8847832758688445	1.2094965573329575e-7
0.8927832758688448	1.2267804070008482e-7
0.900783275868845	1.244597731822293e-7
0.9087832758688451	1.262976125965718e-7
0.9167832758688453	1.2819453668803637e-7
0.9247832758688456	1.3015376894844753e-7
0.9327832758688458	1.3217881158132598e-7
0.9407832758688459	1.3427348556737953e-7
0.9487832758688461	1.3644197989095203e-7
0.9567832758688462	1.3868891266650927e-7
0.9647832758688463	1.4101940781652078e-7
0.9727832758688465	1.4343919217862355e-7
0.9807832758688467	1.45954719570038e-7
0.9887832758688468	1.4857333055655197e-7
0.9967832758688471	1.5130345965890252e-7
1.0047832758688473	1.5415490574348933e-7
1.0127832758688475	1.5713918673936296e-7
1.0207832758688478	1.6027000706853854e-7
1.0287832758688478	1.6356387589812856e-7
1.036783275868848	1.6704092735208083e-7
1.0447832758688482	1.7072601125945017e-7
1.0527832758688485	1.7465014632120775e-7
1.0607832758688487	1.788524586630988e-7
1.068783275868849	1.8338277011593216e-7
1.076783275868849	1.8830505549183858e-7
1.0847832758688492	1.937020608289314e-7
1.0927832758688494	1.996814704749663e-7
1.1007832758688496	2.0638413685159877e-7
1.1087832758688498	2.139950514051477e-7
1.11678327586885	2.2275794922838112e-7
1.1247832758688503	2.3299471591954125e-7
1.1327832758688503	2.451311183450907e-7
1.1407832758688505	2.5973082767263383e-7
1.1487832758688508	2.7754026039358807e-7
1.156783275868851	2.995474461556944e-7
1.1647832758688512	3.2705894882647325e-7
1.1727832758688514	3.617998144087807e-7
1.1807832758688515	4.060425662112541e-7
1.1887832758688517	4.62772342015758e-7
1.196783275868852	5.358962326072301e-7
1.2047832758688521	6.305055041457223e-7
1.2127832758688524	7.531993099324523e-7
1.2207832758688526	9.12477207732331e-7
1.2287832758688526	1.1192046242731767e-6
1.2367832758688528	1.3871495560164958e-6
1.244783275868853	1.7335794746337813e-6
1.2510874569016404	2.0756986061092928e-6
1.2573916379344268	2.4922914299282016e-6
1.2636958189672132	2.9978814417235496e-6
1.2668479094836063	3.2891222953493038e-6
1.2684239547418033	3.4453452199453613e-6
1.2700000000000002	3.6090665070072816e-6
