0.006000000000000146	2.316752551556857e-8
0.012180000000000307	2.3299863909005715e-8
0.01854540000000037	2.3437439416903788e-8
0.025101762000000236	2.3580505231277187e-8
0.031854814860000434	2.3729330167765367e-8
0.03881045930580044	2.3884199775566754e-8
0.045974773084974566	2.4045417665766545e-8
0.05335401627752363	2.421330696332392e-8
0.06095463676584925	2.4388211898862656e-8
0.06878327586882474	2.4570499557535116e-8
0.07678327586882494	2.4759055893292472e-8
0.08478327586882513	2.494995738480695e-8
0.09278327586882533	2.5143247126581955e-8
0.10078327586882552	2.5338969248322382e-8
0.10878327586882572	2.553716895724762e-8
0.1167832758688259	2.573789257499201e-8
0.12478327586882611	2.594118757543725e-8
0.1327832758688263	2.6147102623632178e-8
0.1407832758688265	2.6355687615934196e-8
0.1487832758688267	2.656699372148034e-8
0.15678327586882687	2.6781073425111348e-8
0.16478327586882707	2.6997980571836497e-8
0.17278327586882727	2.7217770412958792e-8
0.18078327586882748	2.744049965395021e-8
0.18878327586882765	2.766622650418681e-8
0.19678327586882785	2.7895010728641424e-8
0.20478327586882805	2.8126913701648496e-8
0.21278327586882825	2.8361998462846657e-8
0.22078327586882843	2.860032977541545e-8
0.22878327586882863	2.884197418672708e-8
0.23678327586882883	2.9087000091537733e-8
0.24478327586882903	2.9335477797848266e-8
0.2527832758688292	2.958747959558103e-8
0.26078327586882943	2.9843079828206125e-8
0.2687832758688296	3.010235496748538e-8
0.2767832758688298	3.036538369148077e-8
0.28478327586883	3.0632246966016034e-8
0.2927832758688302	3.090302812975921e-8
0.30078327586883036	3.11778129831285e-8
0.3087832758688306	3.145668988122071e-8
0.31678327586883076	3.17397498309813e-8
0.324783275868831	3.2027086592844634e-8
0.33278327586883116	3.231879678708783e-8
0.34078327586883134	3.261498000516534e-8
0.34878327586883157	3.2915738926285986e-8
0.35678327586883174	3.3221179439543294e-8
0.3647832758688319	3.3531410771896866e-8
0.37278327586883214	3.3846545622349056e-8
0.3807832758688323	3.4166700302667836e-8
0.38878327586883255	3.449199488503256e-8
0.3967832758688327	3.4822553357009895e-8
0.4047832758688329	3.515850378429749e-8
0.4127832758688331	3.54999784816819e-8
0.4207832758688333	3.584711419272239e-8
0.42878327586883347	3.620005227867141e-8
0.4367832758688337	3.655893891721577e-8
0.44478327586883387	3.6923925311628344e-8
0.4527832758688341	3.7295167910982215e-8
0.4607832758688343	3.767282864214058e-8
0.46878327586883445	3.8057075154238686e-8
0.4767832758688347	3.8448081076498944e-8
0.48478327586883485	3.884602629021147e-8
0.492783275868835	3.9251097215826774e-8
0.5007832758688352	3.966348711615175e-8
0.5087832758688354	4.0083396416738803e-8
0.5167832758688357	4.0511033044613204e-8
0.5247832758688358	4.094661278660642e-8
0.532783275868836	4.139035966864715e-8
0.5407832758688362	4.184250635746047e-8
0.5487832758688365	4.230329458628173e-8
0.5567832758688366	4.277297560627102e-8
0.5647832758688368	4.325181066551052e-8
0.572783275868837	4.374007151757423e-8
0.5807832758688372	4.4238040961870056e-8
0.5887832758688374	4.474601341812595e-8
0.5967832758688376	4.526429553758745e-8
0.6047832758688377	4.579320685375437e-8
0.612783275868838	4.633308047569815e-8
0.6207832758688382	4.6884263827308494e-8
0.6287832758688383	4.7447119436104425e-8
0.6367832758688385	4.802202577559337e-8
0.6447832758688388	4.8609378165534355e-8
0.6527832758688389	4.920958973487542e-8
0.6607832758688391	4.982309245258797e-8
0.6687832758688393	5.045033823217156e-8
0.6767832758688396	5.1091800116110894e-8
0.6847832758688397	5.174797354727323e-8
0.6927832758688399	5.241937773491753e-8
0.7007832758688401	5.3106557123786985e-8
0.7087832758688403	5.3810082975687276e-8
0.7167832758688405	5.4530555073968126e-8
0.7247832758688407	5.526860356247043e-8
0.7327832758688408	5.602489093187067e-8
0.7407832758688411	5.6800114167816956e-8
0.7487832758688413	5.75950070770213e-8
0.7567832758688414	5.841034280949729e-8
0.7647832758688416	5.924693659742734e-8
0.7727832758688419	6.010564873391981e-8
0.780783275868842	6.09873878181299e-8
0.7887832758688422	6.189311429702924e-8
0.7967832758688425	6.282384433872726e-8
0.8047832758688427	6.378065407773573e-8
0.8127832758688428	6.476468427933842e-8
0.820783275868843	6.577714547847595e-8
0.8287832758688433	6.681932365880496e-8
0.8367832758688434	6.789258655039033e-8
0.8447832758688436	6.89983906406266e-8
0.8527832758688438	7.01382890134469e-8
0.860783275868844	7.131394015810637e-8
0.8687832758688442	7.25271179225938e-8
0.8767832758688444	7.377972283047361e-8
0.8847832758688445	7.507379503712696e-8
0.8927832758688448	7.641152927607927e-8
0.900783275868845	7.779529224471833e-8
0.9087832758688451	7.922764300881724e-8
0.9167832758688453	8.071135717799419e-8
0.9247832758688456	8.224945583381722e-8
0.9327832758688458	8.384524049839878e-8
0.9407832758688459	8.550233584021934e-8
0.9487832758688461	8.7224742361049e-8
0.9567832758688462	8.901690204071935e-8
0.9647832758688463	9.08837808993844e-8
0.9727832758688465	9.283097375573863e-8
0.9807832758688467	9.486483823013228e-8
0.9887832758688468	9.699266741869012e-8
0.9967832758688471	9.922291385615256e-8
1.0047832758688473	1.0156548166887731e-7
1.0127832758688475	1.0403210956617399e-7
1.0207832758688478	1.0663687502178816e-7
1.0287832758688478	1.0939686031383523e-7
1.036783275868848	1.1233303489004849e-7
1.0447832758688482	1.154714269524183e-7
1.0527832758688485	1.1884468171813404e-7
1.0607832758688487	1.2249413648188409e-7
1.068783275868849	1.2647258593694335e-7
1.076783275868849	1.3084796850805155e-7
1.0847832758688492	1.357082799209401e-7
1.0927832758688494	1.4116811919902515e-7
1.1007832758688496	1.473774013472443e-7
1.1087832758688498	1.5453293821140122e-7
1.11678327586885	1.6289380394126023e-7
1.1247832758688503	1.7280167503569977e-7
1.1327832758688503	1.8470767882387738e-7
1.1407832758688505	1.992077097993521e-7
1.1487832758688508	2.1708868928055076e-7
1.156783275868851	2.393888528922921e-7
1.1647832758688512	2.6747584242862817e-7
1.1727832758688514	3.0314712231059534e-7
1.1807832758688515	3.487579701499009e-7
1.1887832758688517	4.073828884315435e-7
1.196783275868852	4.83016561027426e-7
1.2047832758688521	5.8082015377298e-7
1.2127832758688524	7.074174485982983e-7
1.2207832758688526	8.712425254493999e-7
1.2287832758688526	1.0829359344768607e-6
1.2367832758688528	1.3557790559501282e-6
1.244783275868853	1.7061463874609815e-6
1.2510874569016404	2.049741247121616e-6
1.2573916379344268	2.465210282093455e-6
1.2636958189672132	2.9655689133095184e-6
1.2668479094836063	3.2520479950016717e-6
1.2684239547418033	3.4052238802086202e-6
1.2700000000000002	3.5653946610665114e-6
