0.006000000000000146	6.393127392307057e-8
0.012180000000000307	6.418923255130139e-8
0.01854540000000037	6.445699768325837e-8
0.025101762000000236	6.473501734213328e-8
0.031854814860000434	6.502376570437519e-8
0.03881045930580044	6.532374466523532e-8
0.045974773084974566	6.563548592468365e-8
0.05335401627752363	6.595955325704953e-8
0.06095463676584925	6.629654498794318e-8
0.06878327586882474	6.664709670341317e-8
0.07678327586882494	6.700899680769429e-8
0.08478327586882513	6.737467310230256e-8
0.09278327586882533	6.774418827646909e-8
0.10078327586882552	6.811760639199917e-8
0.10878327586882572	6.849499294638373e-8
0.1167832758688259	6.887641492123358e-8
0.12478327586882611	6.9261940831549e-8
0.1327832758688263	6.96516407760917e-8
0.1407832758688265	7.004558648906633e-8
0.1487832758688267	7.04438513932895e-8
0.15678327586882687	7.084651065500536e-8
0.16478327586882707	7.125364124048513e-8
0.17278327586882727	7.16653219745482e-8
0.18078327586882748	7.208163360114089e-8
0.18878327586882765	7.250265884609972e-8
0.19678327586882785	7.292848248222727e-8
0.20478327586882805	7.335919139681434e-8
0.21278327586882825	7.379487466176131e-8
0.22078327586882843	7.423562360639353e-8
0.22878327586882863	7.46815318931787e-8
0.23678327586882883	7.513269559644018e-8
0.24478327586882903	7.558921328426354e-8
0.2527832758688292	7.605118610372916e-8
0.26078327586882943	7.651871786968425e-8
0.2687832758688296	7.699191515718397e-8
0.2767832758688298	7.74708873978529e-8
0.28478327586883	7.7955746980311e-8
0.2927832758688302	7.844660935492537e-8
0.30078327586883036	7.894359314307612e-8
0.3087832758688306	7.944682025120756e-8
0.31678327586883076	7.995641598987827e-8
0.324783275868831	8.047250919812467e-8
0.33278327586883116	8.099523237337072e-8
0.34078327586883134	8.152472180722402e-8
0.34878327586883157	8.206111772745654e-8
0.35678327586883174	8.260456444650522e-8
0.3647832758688319	8.315521051686738e-8
0.37278327586883214	8.371320889375993e-8
0.3807832758688323	8.427871710545051e-8
0.38878327586883255	8.485189743169789e-8
0.3967832758688327	8.543291709075668e-8
0.4047832758688329	8.602194843543415e-8
0.4127832758688331	8.661916915873659e-8
0.4207832758688333	8.722476250964248e-8
0.42878327586883347	8.783891751961584e-8
0.4367832758688337	8.846182924047958e-8
0.44478327586883387	8.909369899434784e-8
0.4527832758688341	8.973473463632788e-8
0.4607832758688343	9.038515083077322e-8
0.46878327586883445	9.104516934192983e-8
0.4767832758688347	9.171501933985548e-8
0.48478327586883485	9.239493772257965e-8
0.492783275868835	9.308516945552587e-8
0.5007832758688352	9.37859679293014e-8
0.5087832758688354	9.449759533703984e-8
0.5167832758688357	9.522032307255501e-8
0.5247832758688358	9.595443215071733e-8
0.532783275868836	9.670021365148064e-8
0.5407832758688362	9.745796918918113e-8
0.5487832758688365	9.822801140881277e-8
0.5567832758688366	9.90106645111422e-8
0.5647832758688368	9.980626480864222e-8
0.572783275868837	1.0061516131442761e-7
0.5807832758688372	1.0143771636651997e-7
0.5887832758688374	1.0227430628998342e-7
0.5967832758688376	1.0312532209967247e-7
0.6047832758688377	1.0399117024656166e-7
0.612783275868838	1.0487227341091633e-7
0.6207832758688382	1.0576907134578436e-7
0.6287832758688383	1.066820217746618e-7
0.6367832758688385	1.0761160134747543e-7
0.6447832758688388	1.0855830665942338e-7
0.6527832758688389	1.0952265533762871e-7
0.6607832758688391	1.105051872009993e-7
0.6687832758688393	1.1150646549921376e-7
0.6767832758688396	1.1252707823730523e-7
0.6847832758688397	1.1356763959292071e-7
0.6927832758688399	1.14628791434061e-7
0.7007832758688401	1.1571120494584078e-7
0.7087832758688403	1.168155823757034e-7
0.7167832758688405	1.1794265890745986e-7
0.7247832758688407	1.1909320467565137e-7
0.7327832758688408	1.2026802693293497e-7
0.7407832758688411	1.2146797238457907e-7
0.7487832758688413	1.2269392970579958e-7
0.7567832758688414	1.2394683225939885e-7
0.7647832758688416	1.2522766103337448e-7
0.7727832758688419	1.2653744782048794e-7
0.780783275868842	1.2787727866471787e-7
0.7887832758688422	1.2924829760282203e-7
0.7967832758688425	1.306517107332335e-7
0.8047832758688427	1.3208879064927248e-7
0.8127832758688428	1.3356088127947207e-7
0.820783275868843	1.3506940318486985e-7
0.8287832758688433	1.3661585937183828e-7
0.8367832758688434	1.3820184168997675e-7
0.8447832758688436	1.3982903789824795e-7
0.8527832758688438	1.4149923950006338e-7
0.860783275868844	1.4321435047029096e-7
0.8687832758688442	1.4497639702609033e-7
0.8767832758688444	1.467875386309988e-7
0.8847832758688445	1.486500804708061e-7
0.8927832758688448	1.5056648770436856e-7
0.900783275868845	1.5253940187799524e-7
0.9087832758688451	1.545716600053767e-7
0.9167832758688453	1.5666631696599903e-7
0.9247832758688456	1.588266720766928e-7
0.9327832758688458	1.6105630096076847e-7
0.9407832758688459	1.6335909420116063e-7
0.9487832758688461	1.6573930474998522e-7
0.9567832758688462	1.6820160672036437e-7
0.9647832758688463	1.7075116906538506e-7
0.9727832758688465	1.7339374883242008e-7
0.9807832758688467	1.7613581027434525e-7
0.9887832758688468	1.789846782443446e-7
0.9967832758688471	1.819487371891379e-7
1.0047832758688473	1.8503769094188688e-7
1.0127832758688475	1.882629037436e-7
1.0207832758688478	1.91637849947798e-7
1.0287832758688478	1.9517870929826e-7
1.036783275868848	1.9890515732608376e-7
1.0447832758688482	2.028414173685237e-7
1.0527832758688485	2.0701766339566762e-7
1.0607832758688487	2.114718931246761e-7
1.068783275868849	2.1625243127873096e-7
1.076783275868849	2.2142127654369367e-7
1.0847832758688492	2.2705857699524028e-7
1.0927832758688494	2.3326861294441714e-7
1.1007832758688496	2.401877902354088e-7
1.1087832758688498	2.4799530983971027e-7
1.11678327586885	2.5692739214560197e-7
1.1247832758688503	2.6729621017706385e-7
1.1327832758688503	2.795150413251431e-7
1.1407832758688505	2.94131600852239e-7
1.1487832758688508	3.118720931506537e-7
1.156783275868851	3.336992294250356e-7
1.1647832758688512	3.6088833090295907e-7
1.1727832758688514	3.9512667350959135e-7
1.1807832758688515	4.38642422799261e-7
1.1887832758688517	4.943708120333542e-7
1.196783275868852	5.661665299089385e-7
1.2047832758688521	6.590724181608603e-7
1.2127832758688524	7.796552175721017e-7
1.2207832758688526	9.364187604799794e-7
1.2287832758688526	1.1403030033440357e-6
1.2367832758688528	1.4052727322529483e-6
1.244783275868853	1.748991619575255e-6
1.2510874569016404	2.089607044577491e-6
1.2573916379344268	2.505826682266235e-6
1.2636958189672132	3.0129424416415268e-6
1.2668479094836063	3.3059750074285485e-6
1.2684239547418033	3.46342039646496e-6
1.2700000000000002	3.628614425180713e-6
