0.006000000000000146	1.507452825006334e-8
0.012180000000000307	1.5172300415299514e-8
0.01854540000000037	1.5274014502042396e-8
0.025101762000000236	1.5379865926882187e-8
0.031854814860000434	1.5490062484396915e-8
0.03881045930580044	1.560482525629524e-8
0.045974773084974566	1.5724389690302074e-8
0.05335401627752363	1.5849006781922412e-8
0.06095463676584925	1.5978944372489094e-8
0.06878327586882474	1.6114488577985324e-8
0.07678327586882494	1.625482403475858e-8
0.08478327586882513	1.6397038608270853e-8
0.09278327586882533	1.6541168396553128e-8
0.10078327586882552	1.668725039748451e-8
0.10878327586882572	1.6835322544565623e-8
0.1167832758688259	1.6985423739280194e-8
0.12478327586882611	1.7137593884381198e-8
0.1327832758688263	1.7291873918216914e-8
0.1407832758688265	1.7448305850209397e-8
0.1487832758688267	1.760693279758057e-8
0.15678327586882687	1.7767799023420957e-8
0.16478327586882707	1.7930949976192787e-8
0.17278327586882727	1.8096432330751583e-8
0.18078327586882748	1.826429403098668e-8
0.18878327586882765	1.843458433416118e-8
0.19678327586882785	1.8607353857052552e-8
0.20478327586882805	1.8782654623990768e-8
0.21278327586882825	1.8960540116888365e-8
0.22078327586882843	1.9141065327374644e-8
0.22878327586882863	1.9324286811143248e-8
0.23678327586882883	1.951026274462396e-8
0.24478327586882903	1.969905298410253e-8
0.2527832758688292	1.9890719127422808e-8
0.26078327586882943	2.0085324578396585e-8
0.2687832758688296	2.0282934614069114e-8
0.2767832758688298	2.048361645499338e-8
0.28478327586883	2.068743933867011e-8
0.2927832758688302	2.089447459632356e-8
0.30078327586883036	2.1104795733193377e-8
0.3087832758688306	2.131847851253582e-8
0.31678327586883076	2.1535601043533232e-8
0.324783275868831	2.1756243873328735e-8
0.33278327586883116	2.1980490083419656e-8
0.34078327586883134	2.2208425390642426e-8
0.34878327586883157	2.244013825302206e-8
0.35678327586883174	2.267571998075358e-8
0.3647832758688319	2.29152648526104e-8
0.37278327586883214	2.3158870238098312e-8
0.3807832758688323	2.3406636725686027e-8
0.38878327586883255	2.365866825747192e-8
0.3967832758688327	2.3915072270671287e-8
0.4047832758688329	2.417595984632355e-8
0.4127832758688331	2.44414458656726e-8
0.4207832758688333	2.4711649174668322e-8
0.42878327586883347	2.4986692757108768e-8
0.4367832758688337	2.5266703916948217e-8
0.44478327586883387	2.5551814470345692e-8
0.4527832758688341	2.584216094808174e-8
0.4607832758688343	2.613788480899878e-8
0.46878327586883445	2.6439132665175554e-8
0.4767832758688347	2.6746056519610427e-8
0.48478327586883485	2.7058814017230322e-8
0.492783275868835	2.737756871011388e-8
0.5007832758688352	2.7702490337892755e-8
0.5087832758688354	2.8033755124349852e-8
0.5167832758688357	2.837154609134034e-8
0.5247832758688358	2.8716053391229048e-8
0.532783275868836	2.9067474659148784e-8
0.5407832758688362	2.9426015386482946e-8
0.5487832758688365	2.9791889317094424e-8
0.5567832758688366	3.0165318867954755e-8
0.5647832758688368	3.054653557595411e-8
0.572783275868837	3.093578057284339e-8
0.5807832758688372	3.133330509041054e-8
0.5887832758688374	3.1739370998192795e-8
0.5967832758688376	3.2154251376215085e-8
0.6047832758688377	3.257823112548384e-8
0.612783275868838	3.301160761919898e-8
0.6207832758688382	3.345469139793062e-8
0.6287832758688383	3.39078069123045e-8
0.6367832758688385	3.437129331706782e-8
0.6447832758688388	3.484550532078982e-8
0.6527832758688389	3.533081409586344e-8
0.6607832758688391	3.582760825391863e-8
0.6687832758688393	3.6336294892284845e-8
0.6767832758688396	3.68573007177142e-8
0.6847832758688397	3.7391073254192656e-8
0.6927832758688399	3.79380821424326e-8
0.7007832758688401	3.849882053939495e-8
0.7087832758688403	3.9073806627154405e-8
0.7167832758688405	3.966358524142838e-8
0.7247832758688407	4.026872963127796e-8
0.7327832758688408	4.088984336284308e-8
0.7407832758688411	4.152756238151678e-8
0.7487832758688413	4.218255724873671e-8
0.7567832758688414	4.285553557166189e-8
0.7647832758688416	4.3547244646375174e-8
0.7727832758688419	4.4258474338135616e-8
0.780783275868842	4.4990060225473825e-8
0.7887832758688422	4.574288703898769e-8
0.7967832758688425	4.6517892430398886e-8
0.8047832758688427	4.7316071113262597e-8
0.8127832758688428	4.813847942373183e-8
0.820783275868843	4.8986240358487904e-8
0.8287832758688433	4.98605491576681e-8
0.8367832758688434	5.0762679514103494e-8
0.8447832758688436	5.1693990507120825e-8
0.8527832758688438	5.265593438072255e-8
0.860783275868844	5.365006531351311e-8
0.8687832758688442	5.46780493632481e-8
0.8767832758688444	5.574167581490087e-8
0.8847832758688445	5.68428702210498e-8
0.8927832758688448	5.7983709501932046e-8
0.900783275868845	5.9166439575718295e-8
0.9087832758688451	6.039349612582946e-8
0.9167832758688453	6.166752929269644e-8
0.9247832758688456	6.299143331713576e-8
0.9327832758688458	6.436838248184907e-8
0.9407832758688459	6.580187512362891e-8
0.9487832758688461	6.729578805825408e-8
0.9567832758688462	6.885444452201068e-8
0.9647832758688463	7.048269975447661e-8
0.9727832758688465	7.218604971534307e-8
0.9807832758688467	7.39707702628685e-8
0.9887832758688468	7.58440965826558e-8
0.9967832758688471	7.781445595633901e-8
1.0047832758688473	7.989177138599617e-8
1.0127832758688475	8.208785952191125e-8
1.0207832758688478	8.441695428482199e-8
1.0287832758688478	8.689639820005968e-8
1.036783275868848	8.954755765725689e-8
1.0447832758688482	9.239703724335878e-8
1.0527832758688485	9.547829349902724e-8
1.0607832758688487	9.883378191215097e-8
1.068783275868849	1.0251781526513356e-7
1.076783275868849	1.0660036989884932e-7
1.0847832758688492	1.1117215323496269e-7
1.0927832758688494	1.1635134624545812e-7
1.1007832758688496	1.222925648994141e-7
1.1087832758688498	1.2919875264473783e-7
1.11678327586885	1.373369305918945e-7
1.1247832758688503	1.4705900302343275e-7
1.1327832758688503	1.5882915299823523e-7
1.1407832758688505	1.7325977451818498e-7
1.1487832758688508	1.9115837814833285e-7
1.156783275868851	2.13588471676763e-7
1.1647832758688512	2.4194803650283157e-7
1.1727832758688514	2.780698488950846e-7
1.1807832758688515	3.243484496842651e-7
1.1887832758688517	3.838989086106327e-7
1.196783275868852	4.607524514378719e-7
1.2047832758688521	5.600932259073216e-7
1.2127832758688524	6.885385990199871e-7
1.2207832758688526	8.544619664953446e-7
1.2287832758688526	1.0683516879847135e-6
1.2367832758688528	1.3431921455448687e-6
1.244783275868853	1.694843087706437e-6
1.2510874569016404	2.0384189776650474e-6
1.2573916379344268	2.4523326077451624e-6
1.2636958189672132	2.9488050143697445e-6
1.2668479094836063	3.23215287627497e-6
1.2684239547418033	3.383399988170298e-6
1.2700000000000002	3.541370151445297e-6
