0.006000000000000146	2.8058829906862118e-9
0.012180000000000307	2.8333031932693773e-9
0.01854540000000037	2.861919370317798e-9
0.025101762000000236	2.8917970756344337e-9
0.031854814860000434	2.923006479343394e-9
0.03881045930580044	2.9556227284701594e-9
0.045974773084974566	2.989726388217701e-9
0.05335401627752363	3.025403929275121e-9
0.06095463676584925	3.062748267137972e-9
0.06878327586882474	3.101859360198838e-9
0.07678327586882494	3.1425192991028658e-9
0.08478327586882513	3.1838954002578983e-9
0.09278327586882533	3.2260041576172746e-9
0.10078327586882552	3.2688625386476507e-9
0.10878327586882572	3.3124880025941296e-9
0.1167832758688259	3.3568985184457945e-9
0.12478327586882611	3.4021125835997542e-9
0.1327832758688263	3.4481492432746218e-9
0.1407832758688265	3.4950281107203425e-9
0.1487832758688267	3.5427693882711e-9
0.15678327586882687	3.5913938892912234e-9
0.16478327586882707	3.6409230610625344e-9
0.17278327586882727	3.6913790086654426e-9
0.18078327586882748	3.742784519907901e-9
0.18878327586882765	3.7951630913588595e-9
0.19678327586882785	3.848538955546244e-9
0.20478327586882805	3.902937109382135e-9
0.21278327586882825	3.958383343882137e-9
0.22078327586882843	4.0149042752488875e-9
0.22878327586882863	4.072527377394623e-9
0.23678327586882883	4.13128101598211e-9
0.24478327586882903	4.191194484066336e-9
0.2527832758688292	4.25229803942812e-9
0.26078327586882943	4.314622943691911e-9
0.2687832758688296	4.378201503329425e-9
0.2767832758688298	4.443067112655718e-9
0.28478327586883	4.509254298931008e-9
0.2927832758688302	4.576798769688973e-9
0.30078327586883036	4.645737462421045e-9
0.3087832758688306	4.716108596753551e-9
0.31678327586883076	4.787951729263687e-9
0.324783275868831	4.861307811091555e-9
0.33278327586883116	4.9362192485147475e-9
0.34078327586883134	5.012729966662499e-9
0.34878327586883157	5.090885476561731e-9
0.35678327586883174	5.170732945717307e-9
0.3647832758688319	5.252321272444934e-9
0.37278327586883214	5.335701164189305e-9
0.3807832758688323	5.420925220079266e-9
0.38878327586883255	5.508048017985592e-9
0.3967832758688327	5.597126206369796e-9
0.4047832758688329	5.688218601232688e-9
0.4127832758688331	5.781386288493473e-9
0.4207832758688333	5.87669273215483e-9
0.42878327586883347	5.974203888636384e-9
0.4367832758688337	6.073988327690455e-9
0.44478327586883387	6.176117360339488e-9
0.4527832758688341	6.280665174315336e-9
0.4607832758688343	6.3877089775155184e-9
0.46878327586883445	6.497329150028728e-9
0.4767832758688347	6.609609405333203e-9
0.48478327586883485	6.724636961312432e-9
0.492783275868835	6.842502721790984e-9
0.5007832758688352	6.963301469347749e-9
0.5087832758688354	7.087132070225889e-9
0.5167832758688357	7.214097692232776e-9
0.5247832758688358	7.34430603659156e-9
0.532783275868836	7.477869584793491e-9
0.5407832758688362	7.61490586159044e-9
0.5487832758688365	7.755537715363452e-9
0.5567832758688366	7.899893617217674e-9
0.5647832758688368	8.048107980270136e-9
0.572783275868837	8.20032150073358e-9
0.5807832758688372	8.356681522543019e-9
0.5887832758688374	8.517342427438919e-9
0.5967832758688376	8.682466052593683e-9
0.6047832758688377	8.852222138075109e-9
0.612783275868838	9.026788806654608e-9
0.6207832758688382	9.206353078717945e-9
0.6287832758688383	9.391111425308319e-9
0.6367832758688385	9.5812703626342e-9
0.6447832758688388	9.777047091720976e-9
0.6527832758688389	9.978670187257137e-9
0.6607832758688391	1.0186380340125714e-8
0.6687832758688393	1.0400431158577166e-8
0.6767832758688396	1.0621090033557781e-8
0.6847832758688397	1.084863907430404e-8
0.6927832758688399	1.1083376121018434e-8
0.7007832758688401	1.1325615842222101e-8
0.7087832758688403	1.1575690925282863e-8
0.7167832758688405	1.1833953369638295e-8
0.7247832758688407	1.210077589342662e-8
0.7327832758688408	1.237655346558285e-8
0.7407832758688411	1.2661704977057613e-8
0.7487832758688413	1.2956675066642265e-8
0.7567832758688414	1.326193611904756e-8
0.7647832758688416	1.3577990455430226e-8
0.7727832758688419	1.3905372739572619e-8
0.780783275868842	1.4244652626528296e-8
0.7887832758688422	1.4596437684875765e-8
0.7967832758688425	1.4961376628974054e-8
0.8047832758688427	1.53401629040061e-8
0.8127832758688428	1.5733538674471797e-8
0.820783275868843	1.6142299276529148e-8
0.8287832758688433	1.6567298206732825e-8
0.8367832758688434	1.7009452734989363e-8
0.8447832758688436	1.7469750248859114e-8
0.8527832758688438	1.7949255460929425e-8
0.860783275868844	1.84491186425123e-8
0.8687832758688442	1.8970585087524333e-8
0.8767832758688444	1.9515006063063166e-8
0.8847832758688445	2.0083851571721288e-8
0.8927832758688448	2.0678725340320846e-8
0.900783275868845	2.1301382567457123e-8
0.9087832758688451	2.1953751117291355e-8
0.9167832758688453	2.2637957052014523e-8
0.9247832758688456	2.3356355666959108e-8
0.9327832758688458	2.411156955307147e-8
0.9407832758688459	2.490653569142544e-8
0.9487832758688461	2.5744564224212893e-8
0.9567832758688462	2.662941240034821e-8
0.9647832758688463	2.7565378334235095e-8
0.9727832758688465	2.855742074058672e-8
0.9807832758688467	2.9611312846732015e-8
0.9887832758688468	3.073384141023453e-8
0.9967832758688471	3.193306541579428e-8
1.0047832758688473	3.321865389940729e-8
1.0127832758688475	3.46023288589025e-8
1.0207832758688478	3.609844789928305e-8
1.0287832758688478	3.772477284200073e-8
1.036783275868848	3.950348593484835e-8
1.0447832758688482	4.146253575348971e-8
1.0527832758688485	4.3637421966594104e-8
1.0607832758688487	4.6073563871837946e-8
1.068783275868849	4.882944457276344e-8
1.076783275868849	5.198078407482161e-8
1.0847832758688492	5.562607438026726e-8
1.0927832758688494	5.989391257127963e-8
1.1007832758688496	6.495269931233421e-8
1.1087832758688498	7.102343606278613e-8
1.11678327586885	7.839656035315289e-8
1.1247832758688503	8.745400934175311e-8
1.1327832758688503	9.869799906306332e-8
1.1407832758688505	1.1278834573231176e-7
1.1487832758688508	1.3059052090096236e-7
1.156783275868851	1.532369916282882e-7
1.1647832758688512	1.8220469172348075e-7
1.1727832758688514	2.194116059493875e-7
1.1807832758688515	2.673352848319797e-7
1.1887832758688517	3.2915544894357874e-7
1.196783275868852	4.0892144257244146e-7
1.2047832758688521	5.117428802347567e-7
1.2127832758688524	6.439981325129158e-7
1.2207832758688526	8.135501505724327e-7
1.2287832758688526	1.0299525659252898e-6
1.2367832758688528	1.3046213891229273e-6
1.244783275868853	1.6509397734143705e-6
1.2510874569016404	1.9842915273350664e-6
1.2573916379344268	2.379962127898927e-6
1.2636958189672132	2.8468641401793628e-6
1.2668479094836063	3.109903127883001e-6
1.2684239547418033	3.2493512980906252e-6
1.2700000000000002	3.3943095186387715e-6
