0.006000000000000146	2.4580824519159937e-7
0.012180000000000307	2.4727966136253546e-7
0.01854540000000037	2.488141928391925e-7
0.025101762000000236	2.504152707145281e-7
0.031854814860000434	2.5208657064982565e-7
0.03881045930580044	2.538320332329483e-7
0.045974773084974566	2.5565588821803206e-7
0.05335401627752363	2.5756268147938007e-7
0.06095463676584925	2.5955730503279446e-7
0.06878327586882474	2.616450305368563e-7
0.07678327586882494	2.6381418396117997e-7
0.08478327586882513	2.6602036766473447e-7
0.09278327586882533	2.6826452907444473e-7
0.10078327586882552	2.705476475050382e-7
0.10878327586882572	2.728707355300624e-7
0.1167832758688259	2.752348403708233e-7
0.12478327586882611	2.7764104535427865e-7
0.1327832758688263	2.800904714437321e-7
0.1407832758688265	2.8258427884655457e-7
0.1487832758688267	2.851236687032346e-7
0.15678327586882687	2.8770988486257587e-7
0.16478327586882707	2.90344215747979e-7
0.17278327586882727	2.9302799632023564e-7
0.18078327586882748	2.9576261014253695e-7
0.18878327586882765	2.9854949155383995e-7
0.19678327586882785	3.013901279571024e-7
0.20478327586882805	3.042860622294084e-7
0.21278327586882825	3.072388952614292e-7
0.22078327586882843	3.102502886342765e-7
0.22878327586882863	3.133219674421877e-7
0.23678327586882883	3.164557232703408e-7
0.24478327586882903	3.1965341733754405e-7
0.2527832758688292	3.2291698381426484e-7
0.26078327586882943	3.26248433327439e-7
0.2687832758688296	3.2964985666394476e-7
0.2767832758688298	3.331234286859312e-7
0.28478327586883	3.3667141247182154e-7
0.2927832758688302	3.4029616369800454e-7
0.30078327586883036	3.440001352773613e-7
0.3087832758688306	3.4778588227193586e-7
0.31678327586883076	3.516560670984225e-7
0.324783275868831	3.556134650465009e-7
0.33278327586883116	3.596609701318268e-7
0.34078327586883134	3.6380160130686246e-7
0.34878327586883157	3.680385090548285e-7
0.35678327586883174	3.7237498239401544e-7
0.3647832758688319	3.7681445632180234e-7
0.37278327586883214	3.81360519730162e-7
0.3807832758688323	3.860169238271103e-7
0.38878327586883255	3.907875911012926e-7
0.3967832758688327	3.9567662487004587e-7
0.4047832758688329	4.0068831945476443e-7
0.4127832758688331	4.058271710309354e-7
0.4207832758688333	4.110978892045813e-7
0.42878327586883347	4.1650540937098845e-7
0.4367832758688337	4.2205490591690766e-7
0.44478327586883387	4.2775180633238763e-7
0.4527832758688341	4.3360180630490455e-7
0.4607832758688343	4.396108858744517e-7
0.46878327586883445	4.457853267359303e-7
0.4767832758688347	4.521317307830452e-7
0.48478327586883485	4.586570399966294e-7
0.492783275868835	4.6536855779038513e-7
0.5007832758688352	4.72273971937657e-7
0.5087832758688354	4.793813792150635e-7
0.5167832758688357	4.866993119121533e-7
0.5247832758688358	4.94236766371254e-7
0.532783275868836	5.020032337382379e-7
0.5407832758688362	5.100087331236738e-7
0.5487832758688365	5.182638473945974e-7
0.5567832758688366	5.267797618403733e-7
0.5647832758688368	5.355683059826444e-7
0.572783275868837	5.446419988285762e-7
0.5807832758688372	5.540140979001787e-7
0.5887832758688374	5.636986524100304e-7
0.5967832758688376	5.737105609965598e-7
0.6047832758688377	5.840656344803958e-7
0.612783275868838	5.947806641589929e-7
0.6207832758688382	6.058734962196639e-7
0.6287832758688383	6.173631129238507e-7
0.6367832758688385	6.292697212990353e-7
0.6447832758688388	6.416148501709561e-7
0.6527832758688389	6.544214564802109e-7
0.6607832758688391	6.677140419580222e-7
0.6687832758688393	6.815187813864061e-7
0.6767832758688396	6.958636638468844e-7
0.6847832758688397	7.1077864857056e-7
0.6927832758688399	7.262958372502326e-7
0.7007832758688401	7.424496649689105e-7
0.7087832758688403	7.592771122498946e-7
0.7167832758688405	7.768179411532236e-7
0.7247832758688407	7.951149588483978e-7
0.7327832758688408	8.142143127030771e-7
0.7407832758688411	8.341658216669228e-7
0.7487832758688413	8.550233496292828e-7
0.7567832758688414	8.768452275282628e-7
0.7647832758688416	8.996947323340732e-7
0.7727832758688419	9.23640632682109e-7
0.780783275868842	9.487578129657611e-7
0.7887832758688422	9.751279902081574e-7
0.7967832758688425	1.002840541131157e-6
0.8047832758688427	1.0319934606733611e-6
0.8127832758688428	1.062694477948791e-6
0.820783275868843	1.0950623615038392e-6
0.8287832758688433	1.1292284529811367e-6
0.8367832758688434	1.1653384772544097e-6
0.8447832758688436	1.2035546881423906e-6
0.8527832758688438	1.2440584223959947e-6
0.860783275868844	1.2870531513258814e-6
0.8687832758688442	1.3327681398319154e-6
0.8767832758688444	1.381462847449179e-6
0.8847832758688445	1.4334322361949272e-6
0.8927832758688448	1.4890131864626007e-6
0.900783275868845	1.5485922660791904e-6
0.9087832758688451	1.6126151501920524e-6
0.9167832758688453	1.6815980523293133e-6
0.9247832758688456	1.7561416014533412e-6
0.9327832758688458	1.8369476880379898e-6
0.9407832758688459	1.9248399064289763e-6
0.9487832758688461	2.0207883437069785e-6
0.9567832758688462	2.1259396101838686e-6
0.9647832758688463	2.2416531773157217e-6
0.9727832758688465	2.3695452895323333e-6
0.9807832758688467	2.511541951929629e-6
0.9887832758688468	2.6699427705171653e-6
0.9967832758688471	2.847497739375426e-6
1.0047832758688473	3.047499430947063e-6
1.0127832758688475	3.2738934485677214e-6
1.0207832758688478	3.531410433457202e-6
1.0287832758688478	3.825723358974463e-6
1.036783275868848	4.163634252275007e-6
1.0447832758688482	4.553294790967312e-6
1.0527832758688485	5.00446532727433e-6
1.0607832758688487	5.528816643514487e-6
1.068783275868849	6.1402779273552714e-6
1.076783275868849	6.855432785463378e-6
1.0847832758688492	7.69396222025733e-6
1.0927832758688494	8.679128931699841e-6
1.1007832758688496	9.83829058716342e-6
1.1087832758688498	1.1203420371198018e-5
1.11678327586885	1.2811600886588987e-5
1.1247832758688503	1.4705442374101066e-5
1.1327832758688503	1.6933358849938654e-5
1.1407832758688505	1.954961744602845e-5
1.1487832758688508	2.2614059029512348e-5
1.156783275868851	2.6191374633452113e-5
1.1647832758688512	3.0349815042730156e-5
1.1727832758688514	3.515921274182673e-5
1.1807832758688515	4.0688209780654776e-5
1.1887832758688517	4.700061795886693e-5
1.196783275868852	5.415089925877377e-5
1.2047832758688521	6.217885706187766e-5
1.2127832758688524	7.110377790781e-5
1.2207832758688526	8.091844336985613e-5
1.2287832758688526	9.158359419374487e-5
1.2367832758688528	0.00010302350363829648
1.244783275868853	0.00011512324481188268
1.2510874569016404	0.0001250226565823371
1.2573916379344268	0.00013514404643879505
1.2636958189672132	0.00014538048512009743
1.2668479094836063	0.00015050481394969666
1.2684239547418033	0.0001530617589360532
1.2700000000000002	0.0001556125324391672
