0.006000000000000146	7.802572831734028e-7
0.012180000000000307	7.850253283543489e-7
0.01854540000000037	7.899896182611103e-7
0.025101762000000236	7.951601849977066e-7
0.031854814860000434	8.005477197674297e-7
0.03881045930580044	8.061636261538095e-7
0.045974773084974566	8.120200802674452e-7
0.05335401627752363	8.181300970184046e-7
0.06095463676584925	8.245076032787592e-7
0.06878327586882474	8.311675187992808e-7
0.07678327586882494	8.380706571880864e-7
0.08478327586882513	8.450743664981192e-7
0.09278327586882533	8.521807831802766e-7
0.10078327586882552	8.593921035222106e-7
0.10878327586882572	8.667105859429219e-7
0.1167832758688259	8.741385532194817e-7
0.12478327586882611	8.816783948043741e-7
0.1327832758688263	8.893325692386372e-7
0.1407832758688265	8.971036066665279e-7
0.1487832758688267	9.049941114570519e-7
0.15678327586882687	9.130067649385814e-7
0.16478327586882707	9.211443282520865e-7
0.17278327586882727	9.294096453299422e-7
0.18078327586882748	9.378056460066373e-7
0.18878327586882765	9.4633534926873e-7
0.19678327586882785	9.55001866651409e-7
0.20478327586882805	9.63808405789761e-7
0.21278327586882825	9.727582741330922e-7
0.22078327586882843	9.818548828312668e-7
0.22878327586882863	9.911017508027292e-7
0.23678327586882883	1.0005025089940802e-6
0.24478327586882903	1.0100609048421002e-6
0.2527832758688292	1.0197808069497956e-6
0.26078327586882943	1.0296662099884582e-6
0.2687832758688296	1.0397212398388219e-6
0.2767832758688298	1.0499501589852365e-6
0.28478327586883	1.0603573721777797e-6
0.2927832758688302	1.0709474323777965e-6
0.30078327586883036	1.0817250470042664e-6
0.3087832758688306	1.0926950844986065e-6
0.31678327586883076	1.1038625812278131e-6
0.324783275868831	1.11523274874621e-6
0.33278327586883116	1.1268109814384824e-6
0.34078327586883134	1.138602864567576e-6
0.34878327586883157	1.1506141827533524e-6
0.35678327586883174	1.1628509289093112e-6
0.3647832758688319	1.1753193136672242e-6
0.37278327586883214	1.188025775321408e-6
0.3807832758688323	1.200976990326952e-6
0.38878327586883255	1.2141798843889423e-6
0.3967832758688327	1.2276416441825e-6
0.4047832758688329	1.2413697297465614e-6
0.4127832758688331	1.2553718875979418e-6
0.4207832758688333	1.269656164615803e-6
0.42878327586883347	1.2842309227508848e-6
0.4367832758688337	1.2991048546177973e-6
0.44478327586883387	1.3142870000346768e-6
0.4527832758688341	1.329786763578196e-6
0.4607832758688343	1.3456139332295793e-6
0.46878327586883445	1.3617787001918312e-6
0.4767832758688347	1.378291679967064e-6
0.48478327586883485	1.3951639347890798e-6
0.492783275868835	1.4124069975160371e-6
0.5007832758688352	1.4300328970959695e-6
0.5087832758688354	1.4480541857297323e-6
0.5167832758688357	1.466483967865925e-6
0.5247832758688358	1.4853359311753286e-6
0.532783275868836	1.5046243796663506e-6
0.5407832758688362	1.5243642691178738e-6
0.5487832758688365	1.5445712450226871e-6
0.5567832758688366	1.5652616832543666e-6
0.5647832758688368	1.5864527336896287e-6
0.572783275868837	1.6081623670428822e-6
0.5807832758688372	1.630409425194779e-6
0.5887832758688374	1.653213675325149e-6
0.5967832758688376	1.6765958681935523e-6
0.6047832758688377	1.7005778009458618e-6
0.612783275868838	1.7251823848666283e-6
0.6207832758688382	1.750433718541887e-6
0.6287832758688383	1.7763571669491863e-6
0.6367832758688385	1.8029794470492685e-6
0.6447832758688388	1.8303287205211742e-6
0.6527832758688389	1.8584346943580164e-6
0.6607832758688391	1.8873287301281889e-6
0.6687832758688393	1.9170439628072246e-6
0.6767832758688396	1.9476154302029496e-6
0.6847832758688397	1.9790802141319028e-6
0.6927832758688399	2.011477594665528e-6
0.7007832758688401	2.0448492189526316e-6
0.7087832758688403	2.0792392863472496e-6
0.7167832758688405	2.1146947518384e-6
0.7247832758688407	2.1512655500957226e-6
0.7327832758688408	2.189004842830608e-6
0.7407832758688411	2.2279692926372996e-6
0.7487832758688413	2.268219367045602e-6
0.7567832758688414	2.3098196772094327e-6
0.7647832758688416	2.352839356505537e-6
0.7727832758688419	2.3973524853644427e-6
0.780783275868842	2.443438569948654e-6
0.7887832758688422	2.4911830838956553e-6
0.7967832758688425	2.5406780843303935e-6
0.8047832758688427	2.592022915821024e-6
0.8127832758688428	2.6453250190206093e-6
0.820783275868843	2.700700864553885e-6
0.8287832758688433	2.758277037446474e-6
0.8367832758688434	2.818191503277597e-6
0.8447832758688436	2.880595094518725e-6
0.8527832758688438	2.945653264513624e-6
0.860783275868844	3.0135481676238656e-6
0.8687832758688442	3.0844811376225823e-6
0.8767832758688444	3.158675652952935e-6
0.8847832758688445	3.2363808975070264e-6
0.8927832758688448	3.317876049707894e-6
0.900783275868845	3.403475461516392e-6
0.9087832758688451	3.4935349231681185e-6
0.9167832758688453	3.588459249625295e-6
0.9247832758688456	3.6887114715113633e-6
0.9327832758688458	3.7948239672864194e-6
0.9407832758688459	3.907411935180276e-6
0.9487832758688461	4.027189673537406e-6
0.9567832758688462	4.154990217462748e-6
0.9647832758688463	4.291788969034147e-6
0.9727832758688465	4.438732059427081e-6
0.9807832758688467	4.597170296523549e-6
0.9887832758688468	4.76869968455316e-6
0.9967832758688471	4.955209658185136e-6
1.0047832758688473	5.1589403591948864e-6
1.0127832758688475	5.3825505083782065e-6
1.0207832758688478	5.629197700221576e-6
1.0287832758688478	5.902633287448252e-6
1.036783275868848	6.207314445729444e-6
1.0447832758688482	6.54853654074768e-6
1.0527832758688485	6.932589594970643e-6
1.0607832758688487	7.366943517362919e-6
1.068783275868849	7.860467878582656e-6
1.076783275868849	8.423693463706387e-6
1.0847832758688492	9.069124694548612e-6
1.0927832758688494	9.811614341456226e-6
1.1007832758688496	1.0668814721283375e-5
1.1087832758688498	1.1661722619834132e-5
1.11678327586885	1.2815338001680955e-5
1.1247832758688503	1.415945822906166e-5
1.1327832758688503	1.572962840759639e-5
1.1407832758688505	1.7568262227087004e-5
1.1487832758688508	1.972593309264721e-5
1.156783275868851	2.226280869954776e-5
1.1647832758688512	2.5250159773397797e-5
1.1727832758688514	2.877181288261396e-5
1.1807832758688515	3.292533836379408e-5
1.1887832758688517	3.782267338692522e-5
1.196783275868852	4.3589791897761374e-5
1.2047832758688521	5.036497464876063e-5
1.2127832758688524	5.829524348021597e-5
1.2207832758688526	6.753065037000343e-5
1.2287832758688526	7.821638791167149e-5
1.2367832758688528	9.048310775281235e-5
1.244783275868853	0.00010443632170537753
1.2510874569016404	0.00011666667769245993
1.2573916379344268	0.0001300047044263678
1.2636958189672132	0.0001444465490555718
1.2668479094836063	0.00015207365876555347
1.2684239547418033	0.0001559871822614272
1.2700000000000002	0.00015996710238427273
