0.006000000000000146	2.3026780433075952e-7
0.012180000000000307	2.316214682162116e-7
0.01854540000000037	2.330331405037754e-7
0.025101762000000236	2.3450597406835686e-7
0.031854814860000434	2.3604334679192295e-7
0.03881045930580044	2.376488804062448e-7
0.045974773084974566	2.3932646287277565e-7
0.05335401627752363	2.410802732800868e-7
0.06095463676584925	2.429148095879521e-7
0.06878327586882474	2.4483491960261175e-7
0.07678327586882494	2.468298675365471e-7
0.08478327586882513	2.4885882573434844e-7
0.09278327586882533	2.5092267191112706e-7
0.10078327586882552	2.5302231366372866e-7
0.10878327586882572	2.551586897724472e-7
0.1167832758688259	2.573327715186658e-7
0.12478327586882611	2.5954556406868343e-7
0.1327832758688263	2.6179810792759504e-7
0.1407832758688265	2.640914804671958e-7
0.1487832758688267	2.6642679753213083e-7
0.15678327586882687	2.6880521512893307e-7
0.16478327586882707	2.712279312027728e-7
0.17278327586882727	2.736961875071521e-7
0.18078327586882748	2.762112715721187e-7
0.18878327586882765	2.7877451877695805e-7
0.19678327586882785	2.8138731453369974e-7
0.20478327586882805	2.8405109658831416e-7
0.21278327586882825	2.867673574468289e-7
0.22078327586882843	2.895376469341802e-7
0.22878327586882863	2.9236357489418706e-7
0.23678327586882883	2.952468140395459e-7
0.24478327586882903	2.9818910296149984e-7
0.2527832758688292	3.0119224930940993e-7
0.26078327586882943	3.0425813315133525e-7
0.2687832758688296	3.073887105273952e-7
0.2767832758688298	3.105860172087493e-7
0.28478327586883	3.138521726757328e-7
0.2927832758688302	3.171893843300271e-7
0.30078327586883036	3.205999519564852e-7
0.3087832758688306	3.240862724518636e-7
0.31678327586883076	3.2765084483858156e-7
0.324783275868831	3.312962755834983e-7
0.33278327586883116	3.350252842428124e-7
0.34078327586883134	3.3884070945622233e-7
0.34878327586883157	3.427455153151178e-7
0.35678327586883174	3.4674279813168083e-7
0.3647832758688319	3.508357936378069e-7
0.37278327586883214	3.550278846453344e-7
0.3807832758688323	3.593226092014708e-7
0.38878327586883255	3.637236692762545e-7
0.3967832758688327	3.682349400219744e-7
0.4047832758688329	3.728604796478219e-7
0.4127832758688331	3.776045399567963e-7
0.4207832758688333	3.8247157759602523e-7
0.42878327586883347	3.874662660760463e-7
0.4367832758688337	3.925935086196e-7
0.44478327586883387	3.978584519059163e-7
0.4527832758688341	4.032665007823581e-7
0.4607832758688343	4.0882333402205616e-7
0.46878327586883445	4.1453492121331625e-7
0.4767832758688347	4.204075408746174e-7
0.48478327586883485	4.264477998980878e-7
0.492783275868835	4.326626544340487e-7
0.5007832758688352	4.390594323402527e-7
0.5087832758688354	4.4564585733165366e-7
0.5167832758688357	4.52430074980057e-7
0.5247832758688358	4.5942068072803345e-7
0.532783275868836	4.6662675009847156e-7
0.5407832758688362	4.740578712998911e-7
0.5487832758688365	4.817241804486568e-7
0.5567832758688366	4.896363996531484e-7
0.5647832758688368	4.978058782311328e-7
0.572783275868837	5.062446373619809e-7
0.5807832758688372	5.14965418508761e-7
0.5887832758688374	5.23981735983775e-7
0.5967832758688376	5.333079340741986e-7
0.6047832758688377	5.429592491940795e-7
0.612783275868838	5.529518775847895e-7
0.6207832758688382	5.633030491505677e-7
0.6287832758688383	5.740311080893873e-7
0.6367832758688385	5.851556010642204e-7
0.6447832758688388	5.966973737578178e-7
0.6527832758688389	6.086786767676716e-7
0.6607832758688391	6.211232819301777e-7
0.6687832758688393	6.34056610317446e-7
0.6767832758688396	6.475058733314821e-7
0.6847832758688397	6.615002285343085e-7
0.6927832758688399	6.760709521052004e-7
0.7007832758688401	6.912516301172442e-7
0.7087832758688403	7.070783711836137e-7
0.7167832758688405	7.235900434549199e-7
0.7247832758688407	7.408285394663549e-7
0.7327832758688408	7.588390729598505e-7
0.7407832758688411	7.776705125659057e-7
0.7487832758688413	7.973757581551019e-7
0.7567832758688414	8.180121667990516e-7
0.7647832758688416	8.39642036666101e-7
0.7727832758688419	8.623331588778819e-7
0.780783275868842	8.861594494481658e-7
0.7887832758688422	9.112016760094529e-7
0.7967832758688425	9.37548297224505e-7
0.8047832758688427	9.652964367261924e-7
0.8127832758688428	9.94553018309714e-7
0.820783275868843	1.0254360951366615e-6
0.8287832758688433	1.0580764131707415e-6
0.8367832758688434	1.0926192582744614e-6
0.8447832758688436	1.1292266477474857e-6
0.8527832758688438	1.1680799410466095e-6
0.860783275868844	1.2093829615488902e-6
0.8687832758688442	1.2533657421492633e-6
0.8767832758688444	1.3002890329786685e-6
0.8847832758688445	1.3504497404544281e-6
0.8927832758688448	1.4041875042281109e-6
0.900783275868845	1.4618926635102102e-6
0.9087832758688451	1.5240159180155054e-6
0.9167832758688453	1.591080052864123e-6
0.9247832758688456	1.6636941728888023e-6
0.9327832758688458	1.742570981925208e-6
0.9407832758688459	1.8285477491450623e-6
0.9487832758688461	1.922611730136513e-6
0.9567832758688462	2.0259309585886437e-6
0.9647832758688463	2.1398914990445783e-6
0.9727832758688465	2.2661424567394175e-6
0.9807832758688467	2.4066502818583317e-6
0.9887832758688468	2.5637641872609816e-6
0.9967832758688471	2.74029482431181e-6
1.0047832758688473	2.9396087317441707e-6
1.0127832758688475	3.1657414832575703e-6
1.0207832758688478	3.423532898171252e-6
1.0287832758688478	3.7187881201003264e-6
1.036783275868848	4.058468765704961e-6
1.0447832758688482	4.45091862497277e-6
1.0527832758688485	4.906128442225881e-6
1.0607832758688487	5.436043955219224e-6
1.068783275868849	6.054920380779621e-6
1.076783275868849	6.7797245871308725e-6
1.0847832758688492	7.630582869261394e-6
1.0927832758688494	8.63126704108311e-6
1.1007832758688496	9.809703923567387e-6
1.1087832758688498	1.1198482726734572e-5
1.11678327586885	1.2835320978697763e-5
1.1247832758688503	1.476343266896016e-5
1.1327832758688503	1.703172300497372e-5
1.1407832758688505	1.969471450170646e-5
1.1487832758688508	2.2812092019211276e-5
1.156783275868851	2.644774369454742e-5
1.1647832758688512	3.0668174597039577e-5
1.1727832758688514	3.554018402002253e-5
1.1807832758688515	4.112772864115096e-5
1.1887832758688517	4.7487945706258836e-5
1.196783275868852	5.4666387960165195e-5
1.2047832758688521	6.269163089107694e-5
1.2127832758688524	7.156955233242927e-5
1.2207832758688526	8.127773586204171e-5
1.2287832758688526	9.1760568355933e-5
1.2367832758688528	0.00010292562858395414
1.244783275868853	0.00011464185462076079
1.2510874569016404	0.00012415284829920775
1.2573916379344268	0.00013380287278455294
1.2636958189672132	0.00014347983343031642
1.2668479094836063	0.00014829022759401636
1.2684239547418033	0.0001506814517011883
1.2700000000000002	0.000153060535928345
