0.006000000000000146	3.5045611912344085e-6
0.012180000000000307	3.5169159040102354e-6
0.01854540000000037	3.5297391618873656e-6
0.025101762000000236	3.5430523041698333e-6
0.031854814860000434	3.5568779158020926e-6
0.03881045930580044	3.5712399021034154e-6
0.045974773084974566	3.586163588042962e-6
0.05335401627752363	3.6016758264461e-6
0.06095463676584925	3.617805116221382e-6
0.06878327586882474	3.6345817317965005e-6
0.07678327586882494	3.6518997082472078e-6
0.08478327586882513	3.6693966612201054e-6
0.09278327586882533	3.687075597599989e-6
0.10078327586882552	3.7049395925257795e-6
0.10878327586882572	3.7229917925803692e-6
0.1167832758688259	3.741235418157907e-6
0.12478327586882611	3.7596737658919115e-6
0.1327832758688263	3.77831021115329e-6
0.1407832758688265	3.7971482106272052e-6
0.1487832758688267	3.816191304975147e-6
0.15678327586882687	3.835443121589463e-6
0.16478327586882707	3.854907377446823e-6
0.17278327586882727	3.874587882065617e-6
0.18078327586882748	3.8944885405753066e-6
0.18878327586882765	3.9146133569022725e-6
0.19678327586882785	3.9349664370794175e-6
0.20478327586882805	3.955551992685872e-6
0.21278327586882825	3.976374344423954e-6
0.22078327586882843	3.997437925839473e-6
0.22878327586882863	4.018747287194474e-6
0.23678327586882883	4.040307099498198e-6
0.24478327586882903	4.062122158706716e-6
0.2527832758688292	4.084197390097745e-6
0.26078327586882943	4.1065378528313045e-6
0.2687832758688296	4.129148744705018e-6
0.2767832758688298	4.152035407114432e-6
0.28478327586883	4.175203330229198e-6
0.2927832758688302	4.198658158396011e-6
0.30078327586883036	4.222405695780828e-6
0.3087832758688306	4.246451912262063e-6
0.31678327586883076	4.270802949589153e-6
0.324783275868831	4.2954651278199355e-6
0.33278327586883116	4.320444952051577e-6
0.34078327586883134	4.345749119461396e-6
0.34878327586883157	4.37138452667363e-6
0.35678327586883174	4.397358277470292e-6
0.3647832758688319	4.423677690864711e-6
0.37278327586883214	4.450350309557653e-6
0.3807832758688323	4.477383908796787e-6
0.38878327586883255	4.5047865056630296e-6
0.3967832758688327	4.5325663688061784e-6
0.4047832758688329	4.560732028657253e-6
0.4127832758688331	4.589292288141873e-6
0.4207832758688333	4.618256233927755e-6
0.42878327586883347	4.647633248232767e-6
0.4367832758688337	4.677433021230281e-6
0.44478327586883387	4.707665564084728e-6
0.4527832758688341	4.738341222656437e-6
0.4607832758688343	4.7694706919154735e-6
0.46878327586883445	4.801065031107452e-6
0.4767832758688347	4.833135679716739e-6
0.48478327586883485	4.865694474277808e-6
0.492783275868835	4.8987536660835885e-6
0.5007832758688352	4.932325939849973e-6
0.5087832758688354	4.966424433391878e-6
0.5167832758688357	5.0010627583771584e-6
0.5247832758688358	5.036255022222015e-6
0.532783275868836	5.07201585120094e-6
0.5407832758688362	5.108360414846402e-6
0.5487832758688365	5.145304451718002e-6
0.5567832758688366	5.182864296628704e-6
0.5647832758688368	5.221056909417665e-6
0.572783275868837	5.259899905370778e-6
0.5807832758688372	5.299411587391769e-6
0.5887832758688374	5.339610980038843e-6
0.5967832758688376	5.380517865547034e-6
0.6047832758688377	5.422152821966362e-6
0.612783275868838	5.464537263556172e-6
0.6207832758688382	5.507693483582092e-6
0.6287832758688383	5.55164469967356e-6
0.6367832758688385	5.596415101909004e-6
0.6447832758688388	5.6420299037984405e-6
0.6527832758688389	5.68851539634652e-6
0.6607832758688391	5.735899005376569e-6
0.6687832758688393	5.784209352303595e-6
0.6767832758688396	5.833476318540196e-6
0.6847832758688397	5.883731113719356e-6
0.6927832758688399	5.935006347909756e-6
0.7007832758688401	5.987336107992781e-6
0.7087832758688403	6.040756038356616e-6
0.7167832758688405	6.095303426053915e-6
0.7247832758688407	6.151017290549471e-6
0.7327832758688408	6.207938478178741e-6
0.7407832758688411	6.266109761419332e-6
0.7487832758688413	6.325575943082118e-6
0.7567832758688414	6.386383965528888e-6
0.7647832758688416	6.4485830250563795e-6
0.7727832758688419	6.5122246916397445e-6
0.780783275868842	6.577363034337081e-6
0.7887832758688422	6.644054752832676e-6
0.7967832758688425	6.712359315884626e-6
0.8047832758688427	6.782339107895195e-6
0.8127832758688428	6.854059585503618e-6
0.820783275868843	6.927589447125115e-6
0.8287832758688433	7.003000819845416e-6
0.8367832758688434	7.080369470193801e-6
0.8447832758688436	7.159775048283329e-6
0.8527832758688438	7.241301378837452e-6
0.860783275868844	7.325036818018783e-6
0.8687832758688442	7.4110747019993e-6
0.8767832758688444	7.499513922116273e-6
0.8847832758688445	7.590459672417827e-6
0.8927832758688448	7.68402442840836e-6
0.900783275868845	7.780329230619523e-6
0.9087832758688451	7.87950536267168e-6
0.9167832758688453	7.981696529801264e-6
0.9247832758688456	8.08706165918114e-6
0.9327832758688458	8.19577845646248e-6
0.9407832758688459	8.308047862977024e-6
0.9487832758688461	8.424099565289982e-6
0.9567832758688462	8.544198715589744e-6
0.9647832758688463	8.668654032815318e-6
0.9727832758688465	8.797827478568875e-6
0.9807832758688467	8.932145749487832e-6
0.9887832758688468	9.072113911023875e-6
0.9967832758688471	9.218331628363299e-6
1.0047832758688473	9.371512638640265e-6
1.0127832758688475	9.532508362518464e-6
1.0207832758688478	9.702336879525992e-6
1.0287832758688478	9.882218898820155e-6
1.036783275868848	1.0073622859368157e-5
1.0447832758688482	1.0278321913931684e-5
1.0527832758688485	1.0498466324669489e-5
1.0607832758688487	1.0736675773090696e-5
1.068783275868849	1.0996157326191572e-5
1.076783275868849	1.1280856381063247e-5
1.0847832758688492	1.1595649923365578e-5
1.0927832758688494	1.1946593985196372e-5
1.1007832758688496	1.2341240389127426e-5
1.1087832758688498	1.2789041833319504e-5
1.11678327586885	1.3301869208529185e-5
1.1247832758688503	1.3894670795670891e-5
1.1327832758688503	1.4586309623770213e-5
1.1407832758688505	1.5400622526473694e-5
1.1487832758688508	1.6367751724597827e-5
1.156783275868851	1.7525805901383685e-5
1.1647832758688512	1.892291061708156e-5
1.1727832758688514	2.0619704026176553e-5
1.1807832758688515	2.269231774765708e-5
1.1887832758688517	2.5235846417641984e-5
1.196783275868852	2.8368242213252412e-5
1.2047832758688521	3.22344597893492e-5
1.2127832758688524	3.701051080619022e-5
1.2207832758688526	4.29068611336903e-5
1.2287832758688526	5.01703325016781e-5
1.2367832758688528	5.908340377631816e-5
1.244783275868853	6.995964606129996e-5
1.2510874569016404	8.013178043912761e-5
1.2573916379344268	9.189904028385257e-5
1.2636958189672132	0.00010542487098881773
1.2668479094836063	0.00011289401243363559
1.2684239547418033	0.00011681335863381678
1.2700000000000002	0.00012085964680865942
