0.006000000000000146	5.959274248318894e-10
0.012180000000000307	6.013509407780012e-10
0.01854540000000037	6.070157843146187e-10
0.025101762000000236	6.129356656708982e-10
0.031854814860000434	6.191252979678762e-10
0.03881045930580044	6.256004897352554e-10
0.045974773084974566	6.323782475341661e-10
0.05335401627752363	6.394768899383014e-10
0.06095463676584925	6.469161744568331e-10
0.06878327586882474	6.547174391782314e-10
0.07678327586882494	6.62838698920506e-10
0.08478327586882513	6.711147749425072e-10
0.09278327586882533	6.795497567070107e-10
0.10078327586882552	6.881478673808766e-10
0.10878327586882572	6.969134694287704e-10
0.1167832758688259	7.058510704174571e-10
0.12478327586882611	7.149653290728356e-10
0.1327832758688263	7.242610616092645e-10
0.1407832758688265	7.33743248350563e-10
0.1487832758688267	7.434170406622546e-10
0.15678327586882687	7.532877682152639e-10
0.16478327586882707	7.633609466018462e-10
0.17278327586882727	7.736422853256617e-10
0.18078327586882748	7.841376961889853e-10
0.18878327586882765	7.948533021011792e-10
0.19678327586882785	8.057954463342633e-10
0.20478327586882805	8.169707022528419e-10
0.21278327586882825	8.283858835472991e-10
0.22078327586882843	8.400480550014226e-10
0.22878327586882863	8.519645438272701e-10
0.23678327586882883	8.641429516026864e-10
0.24478327586882903	8.765911668490777e-10
0.2527832758688292	8.893173782899087e-10
0.26078327586882943	9.023300888330284e-10
0.2687832758688296	9.156381303232416e-10
0.2767832758688298	9.292506791148215e-10
0.28478327586883	9.431772725172761e-10
0.2927832758688302	9.574278261718403e-10
0.30078327586883036	9.72012652420225e-10
0.3087832758688306	9.869424797321992e-10
0.31678327586883076	1.0022284732635091e-9
0.324783275868831	1.0178822566213702e-9
0.33278327586883116	1.0339159349209716e-9
0.34078327586883134	1.05034211922322e-9
0.34878327586883157	1.067173952451437e-9
0.35678327586883174	1.0844251368930102e-9
0.3647832758688319	1.102109963401179e-9
0.37278327586883214	1.1202433424222818e-9
0.3807832758688323	1.138840836985129e-9
0.38878327586883255	1.1579186978018935e-9
0.3967832758688327	1.1774939006440687e-9
0.4047832758688329	1.1975841861730894e-9
0.4127832758688331	1.218208102423267e-9
0.4207832758688333	1.2393850501551994e-9
0.42878327586883347	1.2611353313210357e-9
0.4367832758688337	1.2834802009098944e-9
0.44478327586883387	1.3064419224718621e-9
0.4527832758688341	1.3300438276544775e-9
0.4607832758688343	1.3543103801260843e-9
0.46878327586883445	1.379267244307479e-9
0.4767832758688347	1.404941359388235e-9
0.48478327586883485	1.4313610191679255e-9
0.492783275868835	1.4585559583379718e-9
0.5007832758688352	1.4865574459080896e-9
0.5087832758688354	1.515398386586515e-9
0.5167832758688357	1.54511343104707e-9
0.5247832758688358	1.5757390961653773e-9
0.532783275868836	1.6073138964835815e-9
0.5407832758688362	1.6398784883772681e-9
0.5487832758688365	1.6734758286558755e-9
0.5567832758688366	1.7081513496409258e-9
0.5647832758688368	1.7439531531462209e-9
0.572783275868837	1.780932226248159e-9
0.5807832758688372	1.8191426823017656e-9
0.5887832758688374	1.858642031355284e-9
0.5967832758688376	1.899491484973625e-9
0.6047832758688377	1.941756301539674e-9
0.612783275868838	1.985506179411259e-9
0.6207832758688382	2.030815706934594e-9
0.6287832758688383	2.0777648803287355e-9
0.6367832758688385	2.126439702961715e-9
0.6447832758688388	2.1769328826599947e-9
0.6527832758688389	2.229344647586616e-9
0.6607832758688391	2.283783706087758e-9
0.6687832758688393	2.3403683819904324e-9
0.6767832758688396	2.399227964451588e-9
0.6847832758688397	2.4605043210067807e-9
0.6927832758688399	2.5243538344456423e-9
0.7007832758688401	2.5909497391864188e-9
0.7087832758688403	2.6604849517311602e-9
0.7167832758688405	2.7331755135706078e-9
0.7247832758688407	2.8092647948543784e-9
0.7327832758688408	2.8890286448675985e-9
0.7407832758688411	2.9727817229152557e-9
0.7487832758688413	3.0608853032094764e-9
0.7567832758688414	3.1537569230802614e-9
0.7647832758688416	3.2518823394664423e-9
0.7727832758688419	3.3558303794890373e-9
0.780783275868842	3.4662714236906044e-9
0.7887832758688422	3.584000453770617e-9
0.7967832758688425	3.709965841190977e-9
0.8047832758688427	3.845305362618561e-9
0.8127832758688428	3.991391320274322e-9
0.820783275868843	4.149887142055791e-9
0.8287832758688433	4.32281846596772e-9
0.8367832758688434	4.512662511738074e-9
0.8447832758688436	4.7224605550043646e-9
0.8527832758688438	4.95595960392599e-9
0.860783275868844	5.217791007948649e-9
0.8687832758688442	5.513695797005439e-9
0.8767832758688444	5.850809175160146e-9
0.8847832758688445	6.23801992601048e-9
0.8927832758688448	6.686424718959455e-9
0.900783275868845	7.209902677841088e-9
0.9087832758688451	7.8258423931825e-9
0.9167832758688453	8.556062215087368e-9
0.9247832758688456	9.427975646628584e-9
0.9327832758688458	1.04760675881665e-8
0.9407832758688459	1.1743764843226552e-8
0.9487832758688461	1.3285806670195837e-8
0.9567832758688462	1.5171249485151055e-8
0.9647832758688463	1.748727563260529e-8
0.9727832758688465	2.034402136439886e-8
0.9807832758688467	2.3880696183610174e-8
0.9887832758688468	2.8273337452915756e-8
0.9967832758688471	3.374463421997496e-8
1.0047832758688473	4.057636691551167e-8
1.0127832758688475	4.912515012219255e-8
1.0207832758688478	5.984234010194538e-8
1.0287832758688478	7.329918424443249e-8
1.036783275868848	9.021855393757156e-8
1.0447832758688482	1.115149240122839e-7
1.0527832758688485	1.38344649354784e-7
1.0607832758688487	1.721690500408334e-7
1.068783275868849	2.1483335540699114e-7
1.076783275868849	2.686651747645912e-7
1.0847832758688492	3.3659684913934045e-7
1.0927832758688494	4.223167715385046e-7
1.1007832758688496	5.304554984600815e-7
1.1087832758688498	6.668131373470453e-7
1.11678327586885	8.386349653744131e-7
1.1247832758688503	1.0549423400401753e-6
1.1327832758688503	1.3269254575438075e-6
1.1407832758688505	1.6684030770369925e-6
1.1487832758688508	2.0963515524668697e-6
1.156783275868851	2.6315009287561324e-6
1.1647832758688512	3.298988975517855e-6
1.1727832758688514	4.129054428005993e-6
1.1807832758688515	5.157738173354267e-6
1.1887832758688517	6.4275458718162026e-6
1.196783275868852	7.988008424635537e-6
1.2047832758688521	9.896059613563138e-6
1.2127832758688524	1.22161360636249e-5
1.2207832758688526	1.5019897367937668e-5
1.2287832758688526	1.8385468244931765e-5
1.2367832758688528	2.239612397606824e-5
1.244783275868853	2.7138377144840548e-5
1.2510874569016404	3.1447910744176e-5
1.2573916379344268	3.630791809930865e-5
1.2636958189672132	4.175827210373609e-5
1.2668479094836063	4.4716337590554094e-5
1.2684239547418033	4.625555310878845e-5
1.2700000000000002	4.783569067779938e-5
