0.006000000000000146	1.0765961493051795e-5
0.012180000000000307	1.0811080241863207e-5
0.01854540000000037	1.0857902294653128e-5
0.025101762000000236	1.0906504688779231e-5
0.031854814860000434	1.0956968843875082e-5
0.03881045930580044	1.1009380870433081e-5
0.045974773084974566	1.1063831918386068e-5
0.05335401627752363	1.1120418555532087e-5
0.06095463676584925	1.117924317990325e-5
0.06878327586882474	1.1240414470245765e-5
0.07678327586882494	1.1303544294469242e-5
0.08478327586882513	1.1367310389847691e-5
0.09278327586882533	1.1431722972415514e-5
0.10078327586882552	1.1496792476657982e-5
0.10878327586882572	1.1562529564959594e-5
0.1167832758688259	1.162894513556051e-5
0.12478327586882611	1.169605033060254e-5
0.1327832758688263	1.176385654430497e-5
0.1407832758688265	1.183237543132178e-5
0.1487832758688267	1.1901618915304845e-5
0.15678327586882687	1.1971599197709097e-5
0.16478327586882707	1.2042328766862673e-5
0.17278327586882727	1.2113820407328909e-5
0.18078327586882748	1.2186087209581533e-5
0.18878327586882765	1.225914258001752e-5
0.19678327586882785	1.2333000251327595e-5
0.20478327586882805	1.240767429324737e-5
0.21278327586882825	1.2483179123711315e-5
0.22078327586882843	1.2559529520431317e-5
0.22878327586882863	1.2636740632922605e-5
0.23678327586882883	1.271482799500316e-5
0.24478327586882903	1.2793807537788047e-5
0.2527832758688292	1.2873695603206609e-5
0.26078327586882943	1.2954508958069552e-5
0.2687832758688296	1.303626480871314e-5
0.2767832758688298	1.311898081625027e-5
0.28478327586883	1.3202675112461972e-5
0.2927832758688302	1.328736631635933e-5
0.30078327586883036	1.3373073551451961e-5
0.3087832758688306	1.3459816463761633e-5
0.31678327586883076	1.3547615240616443e-5
0.324783275868831	1.3636490630271709e-5
0.33278327586883116	1.372646396239668e-5
0.34078327586883134	1.3817557169476124e-5
0.34878327586883157	1.3909792809175816e-5
0.35678327586883174	1.4003194087726044e-5
0.3647832758688319	1.4097784884373831e-5
0.37278327586883214	1.4193589776970758e-5
0.3807832758688323	1.4290634068751059e-5
0.38878327586883255	1.4388943816376036e-5
0.3967832758688327	1.4488545859310148e-5
0.4047832758688329	1.4589467850606121e-5
0.4127832758688331	1.4691738289185945e-5
0.4207832758688333	1.4795386553696627e-5
0.42878327586883347	1.4900442938042287e-5
0.4367832758688337	1.5006938688686314e-5
0.44478327586883387	1.5114906043833038e-5
0.4527832758688341	1.5224378274602334e-5
0.4607832758688343	1.533538972832112e-5
0.46878327586883445	1.544797587406005e-5
0.4767832758688347	1.556217335055911e-5
0.48478327586883485	1.5678020016692627e-5
0.492783275868835	1.5795555004634197e-5
0.5007832758688352	1.591481877590068e-5
0.5087832758688354	1.6035853180458206e-5
0.5167832758688357	1.6158701519097865e-5
0.5247832758688358	1.628340860929519e-5
0.532783275868836	1.6410020854792296e-5
0.5407832758688362	1.6538586319155306e-5
0.5487832758688365	1.666915480358138e-5
0.5567832758688366	1.6801777929256495e-5
0.5647832758688368	1.6936509224579708e-5
0.572783275868837	1.7073404217608056e-5
0.5807832758688372	1.721252053409694e-5
0.5887832758688374	1.7353918001547606e-5
0.5967832758688376	1.7497658759710273e-5
0.6047832758688377	1.764380737802162e-5
0.612783275868838	1.7792430980512405e-5
0.6207832758688382	1.79435993787578e-5
0.6287832758688383	1.8097385213501183e-5
0.6367832758688385	1.825386410563785e-5
0.6447832758688388	1.8413114817311506e-5
0.6527832758688389	1.8575219423951913e-5
0.6607832758688391	1.8740263498157823e-5
0.6687832758688393	1.89083363064243e-5
0.6767832758688396	1.9079531019809452e-5
0.6847832758688397	1.925394493976154e-5
0.6927832758688399	1.9431679740441367e-5
0.7007832758688401	1.9612841729039078e-5
0.7087832758688403	1.979754212573427e-5
0.7167832758688405	1.998589736515456e-5
0.7247832758688407	2.0178029421398835e-5
0.7327832758688408	2.037406615895132e-5
0.7407832758688411	2.0574141712101485e-5
0.7487832758688413	2.0778396895840053e-5
0.7567832758688414	2.0986979651598072e-5
0.7647832758688416	2.1200045531687287e-5
0.7727832758688419	2.141775822686552e-5
0.780783275868842	2.16402901421489e-5
0.7887832758688422	2.1867823026819825e-5
0.7967832758688425	2.2100548665603234e-5
0.8047832758688427	2.2338669639225183e-5
0.8127832758688428	2.258240016410492e-5
0.820783275868843	2.2831967022861847e-5
0.8287832758688433	2.3087610599685096e-5
0.8367832758688434	2.3349586037666592e-5
0.8447832758688436	2.3618164538983844e-5
0.8527832758688438	2.3893634833698054e-5
0.860783275868844	2.4176304849146645e-5
0.8687832758688442	2.446650361988495e-5
0.8767832758688444	2.476458348844702e-5
0.8847832758688445	2.5070922660509886e-5
0.8927832758688448	2.5385928195367953e-5
0.900783275868845	2.571003953516612e-5
0.9087832758688451	2.6043732705768533e-5
0.9167832758688453	2.6387525360642847e-5
0.9247832758688456	2.6741982889623793e-5
0.9327832758688458	2.7107725880674985e-5
0.9407832758688459	2.7485439309885255e-5
0.9487832758688461	2.787588394963463e-5
0.9567832758688462	2.8279910635879266e-5
0.9647832758688463	2.8698478234705616e-5
0.9727832758688465	2.9132676410948298e-5
0.9807832758688467	2.958375464826686e-5
0.9887832758688468	3.0053159427399818e-5
0.9967832758688471	3.054258207273685e-5
1.0047832758688473	3.10540205733006e-5
1.0127832758688475	3.158985973353048e-5
1.0207832758688478	3.215297539162696e-5
1.0287832758688478	3.274687026233212e-5
1.036783275868848	3.337585135188769e-5
1.0447832758688482	3.404526202991049e-5
1.0527832758688485	3.476178595064988e-5
1.0607832758688487	3.5533845381462404e-5
1.068783275868849	3.637212348332178e-5
1.076783275868849	3.7290249153509805e-5
1.0847832758688492	3.830569475024408e-5
1.0927832758688494	3.9440952062173925e-5
1.1007832758688496	4.0725071083474495e-5
1.1087832758688498	4.219567045473778e-5
1.11678327586885	4.390155887410621e-5
1.1247832758688503	4.5906144436945176e-5
1.1327832758688503	4.8291854667733194e-5
1.1407832758688505	5.1165844528184454e-5
1.1487832758688508	5.466733268629532e-5
1.156783275868851	5.8976976126583554e-5
1.1647832758688512	6.432876567563733e-5
1.1727832758688514	7.102499236536788e-5
1.1807832758688515	7.945488344368237e-5
1.1887832758688517	9.011751647785802e-5
1.196783275868852	0.00010364956018932167
1.2047832758688521	0.00012085822075195646
1.2127832758688524	0.00014275944233744527
1.2207832758688526	0.0001706208670593849
1.2287832758688526	0.0002060082575902278
1.2367832758688528	0.0002508330127304773
1.244783275868853	0.0003073971137998189
1.2510874569016404	0.0003620101295538841
1.2573916379344268	0.000427134816112881
1.2636958189672132	0.0005044781626155301
1.2668479094836063	0.0005483049522849716
1.2684239547418033	0.0005716167116216434
1.2700000000000002	0.0005959081994181696
