0.006000000000000146	3.955481832321563e-6
0.012180000000000307	3.980036762450328e-6
0.01854540000000037	4.005575746207859e-6
0.025101762000000236	4.032147190822247e-6
0.031854814860000434	4.059802520681794e-6
0.03881045930580044	4.088596413946005e-6
0.045974773084974566	4.118587064895796e-6
0.05335401627752363	4.149836470751705e-6
0.06095463676584925	4.182410746195119e-6
0.06878327586882474	4.216380469068069e-6
0.07678327586882494	4.251540177504366e-6
0.08478327586882513	4.287159570636313e-6
0.09278327586882533	4.3232472933335725e-6
0.10078327586882552	4.359812199919716e-6
0.10878327586882572	4.396863361858331e-6
0.1167832758688259	4.434410075212864e-6
0.12478327586882611	4.4724618683064516e-6
0.1327832758688263	4.511028509609416e-6
0.1407832758688265	4.550120015880107e-6
0.1487832758688267	4.589746660580322e-6
0.15678327586882687	4.629918982587158e-6
0.16478327586882707	4.670647795220453e-6
0.17278327586882727	4.711944195606888e-6
0.18078327586882748	4.753819574399628e-6
0.18878327586882765	4.796285625875617e-6
0.19678327586882785	4.8393543584298265e-6
0.20478327586882805	4.883038105490085e-6
0.21278327586882825	4.927349536873756e-6
0.22078327586882843	4.972301670610421e-6
0.22878327586882863	5.017907885256593e-6
0.23678327586882883	5.064181932725948e-6
0.24478327586882903	5.111137951664932e-6
0.2527832758688292	5.158790481401147e-6
0.26078327586882943	5.207154476495646e-6
0.2687832758688296	5.256245321930292e-6
0.2767832758688298	5.306078848966048e-6
0.28478327586883	5.356671351705319e-6
0.2927832758688302	5.40803960439913e-6
0.30078327586883036	5.4602008795375484e-6
0.3087832758688306	5.513172966767507e-6
0.31678327586883076	5.566974192682246e-6
0.324783275868831	5.621623441531171e-6
0.33278327586883116	5.677140176901885e-6
0.34078327586883134	5.733544464427729e-6
0.34878327586883157	5.790856995580112e-6
0.35678327586883174	5.8490991126060535e-6
0.3647832758688319	5.908292834678527e-6
0.37278327586883214	5.968460885327665e-6
0.3807832758688323	6.029626721229625e-6
0.38878327586883255	6.091814562431597e-6
0.3967832758688327	6.1550494240987124e-6
0.4047832758688329	6.219357149874599e-6
0.4127832758688331	6.284764446951572e-6
0.4207832758688333	6.351298922956402e-6
0.42878327586883347	6.418989124761929e-6
0.4367832758688337	6.487864579344558e-6
0.44478327586883387	6.5579558368157554e-6
0.4527832758688341	6.6292945157646445e-6
0.4607832758688343	6.701913351059477e-6
0.46878327586883445	6.775846244265644e-6
0.4767832758688347	6.8511283168508016e-6
0.48478327586883485	6.92779596635979e-6
0.492783275868835	7.005886925756544e-6
0.5007832758688352	7.08544032614324e-6
0.5087832758688354	7.166496763087235e-6
0.5167832758688357	7.249098366800664e-6
0.5247832758688358	7.3332888764382324e-6
0.532783275868836	7.419113718800196e-6
0.5407832758688362	7.506620091751829e-6
0.5487832758688365	7.595857052692741e-6
0.5567832758688366	7.686875612441976e-6
0.5647832758688368	7.77972883492981e-6
0.572783275868837	7.874471943125072e-6
0.5807832758688372	7.971162431661324e-6
0.5887832758688374	8.069860186665326e-6
0.5967832758688376	8.170627613336264e-6
0.6047832758688377	8.273529771872628e-6
0.612783275868838	8.37863452239793e-6
0.6207832758688382	8.486012679596191e-6
0.6287832758688383	8.595738177832811e-6
0.6367832758688385	8.707888247612071e-6
0.6447832758688388	8.822543604302468e-6
0.6527832758688389	8.939788650152264e-6
0.6607832758688391	9.059711690720922e-6
0.6687832758688393	9.182405166962043e-6
0.6767832758688396	9.307965904326422e-6
0.6847832758688397	9.436495380394309e-6
0.6927832758688399	9.568100012709254e-6
0.7007832758688401	9.702891468674247e-6
0.7087832758688403	9.840986999575529e-6
0.7167832758688405	9.98250980104702e-6
0.7247832758688407	1.0127589402561672e-5
0.7327832758688408	1.027636208885632e-5
0.7407832758688411	1.042897135657118e-5
0.7487832758688413	1.0585568409816932e-5
0.7567832758688414	1.0746312698895535e-5
0.7647832758688416	1.0911372507004793e-5
0.7727832758688419	1.1080925590474868e-5
0.780783275868842	1.1255159878952462e-5
0.7887832758688422	1.1434274242983787e-5
0.7967832758688425	1.1618479337721616e-5
0.8047832758688427	1.1807998533027804e-5
0.8127832758688428	1.200306894215499e-5
0.820783275868843	1.2203942563567127e-5
0.8287832758688433	1.2410887553416955e-5
0.8367832758688434	1.2624189649924264e-5
0.8447832758688436	1.2844153775602787e-5
0.8527832758688438	1.307110584925907e-5
0.860783275868844	1.3305394847327237e-5
0.8687832758688442	1.3547395163881144e-5
0.8767832758688444	1.3797509331289984e-5
0.8847832758688445	1.4056171179770402e-5
0.8927832758688448	1.4323849535243015e-5
0.900783275868845	1.4601052582397371e-5
0.9087832758688451	1.4888333055739094e-5
0.9167832758688453	1.518629446827926e-5
0.9247832758688456	1.5495598648918083e-5
0.9327832758688458	1.581697494010896e-5
0.9407832758688459	1.6151231513166146e-5
0.9487832758688461	1.6499269397655248e-5
0.9567832758688462	1.6862100004331377e-5
0.9647832758688463	1.724086716208977e-5
0.9727832758688465	1.7636875006832166e-5
0.9807832758688467	1.8051623478375197e-5
0.9887832758688468	1.8486853732412637e-5
0.9967832758688471	1.8944606499990784e-5
1.0047832758688473	1.942729738165152e-5
1.0127832758688475	1.9937814318715336e-5
1.0207832758688478	2.0479644132776934e-5
1.0287832758688478	2.105703718626352e-5
1.036783275868848	2.1675222046095525e-5
1.0447832758688482	2.2340685726203843e-5
1.0527832758688485	2.306153989279082e-5
1.0607832758688487	2.3847999652288445e-5
1.068783275868849	2.4713009594055123e-5
1.076783275868849	2.567306210010546e-5
1.0847832758688492	2.6749266123404483e-5
1.0927832758688494	2.796874131878086e-5
1.1007832758688496	2.936643329025544e-5
1.1087832758688498	3.098747150335197e-5
1.11678327586885	3.2890222705233885e-5
1.1247832758688503	3.515022981322901e-5
1.1327832758688503	3.786526889326855e-5
1.1407832758688505	4.1161803713365196e-5
1.1487832758688508	4.520316534710143e-5
1.156783275868851	5.0199827686386814e-5
1.1647832758688512	5.642217896000764e-5
1.1727832758688514	6.421618980989368e-5
1.1807832758688515	7.402232929367061e-5
1.1887832758688517	8.639795387050304e-5
1.196783275868852	0.00010204315812135433
1.2047832758688521	0.000121829695677458
1.2127832758688524	0.00014683202832315633
1.2207832758688526	0.0001783588364861221
1.2287832758688526	0.00021798246320827916
1.2367832758688528	0.0002675628664986444
1.244783275868853	0.00032926189592424117
1.2510874569016404	0.00038801980294280624
1.2573916379344268	0.00045716123846242275
1.2636958189672132	0.0005381132013247106
1.2668479094836063	0.0005834799674774128
1.2684239547418033	0.0006074723124880355
1.2700000000000002	0.0006323742516464898
