0.006000000000000146	4.965786789423102e-10
0.012180000000000307	5.012171880658367e-10
0.01854540000000037	5.060626985090914e-10
0.025101762000000236	5.111270118184894e-10
0.031854814860000434	5.164227960595788e-10
0.03881045930580044	5.219636660108047e-10
0.045974773084974566	5.277642721279146e-10
0.05335401627752363	5.338403994017355e-10
0.06095463676584925	5.402090774859349e-10
0.06878327586882474	5.468887036457539e-10
0.07678327586882494	5.538434586127416e-10
0.08478327586882513	5.609319772101105e-10
0.09278327586882533	5.681578164266545e-10
0.10078327586882552	5.755246504604741e-10
0.10878327586882572	5.830362756420129e-10
0.1167832758688259	5.906966155484513e-10
0.12478327586882611	5.985097263444518e-10
0.1327832758688263	6.064798023662634e-10
0.1407832758688265	6.146111819662539e-10
0.1487832758688267	6.229083536351822e-10
0.15678327586882687	6.313759624200836e-10
0.16478327586882707	6.400188166563813e-10
0.17278327586882727	6.488418950337314e-10
0.18078327586882748	6.578503540161588e-10
0.18878327586882765	6.670495356382844e-10
0.19678327586882785	6.764449757007275e-10
0.20478327586882805	6.860424123892812e-10
0.21278327586882825	6.958477953440757e-10
0.22078327586882843	7.058672952066643e-10
0.22878327586882863	7.161073136750241e-10
0.23678327586882883	7.265744940983889e-10
0.24478327586882903	7.372757326462634e-10
0.2527832758688292	7.482181900883515e-10
0.26078327586882943	7.594093042249043e-10
0.2687832758688296	7.708568030098609e-10
0.2767832758688298	7.82568718412381e-10
0.28478327586883	7.945534010659417e-10
0.2927832758688302	8.068195357577862e-10
0.30078327586883036	8.1937615781589e-10
0.3087832758688306	8.322326704550452e-10
0.31678327586883076	8.453988631487205e-10
0.324783275868831	8.588849310988698e-10
0.33278327586883116	8.727014958818988e-10
0.34078327586883134	8.868596273557682e-10
0.34878327586883157	9.013708669206573e-10
0.35678327586883174	9.162472522337196e-10
0.3647832758688319	9.31501343488069e-10
0.37278327586883214	9.471462513759521e-10
0.3807832758688323	9.631956668680213e-10
0.38878327586883255	9.796638929536288e-10
0.3967832758688327	9.965658785016893e-10
0.4047832758688329	1.0139172544186004e-9
0.4127832758688331	1.0317343722990008e-9
0.4207832758688333	1.050034345786845e-9
0.42878327586883347	1.0688350948901475e-9
0.4367832758688337	1.0881553935216007e-9
0.44478327586883387	1.1080149205719385e-9
0.4527832758688341	1.1284343148624865e-9
0.4607832758688343	1.1494352343706397e-9
0.46878327586883445	1.1710404201768394e-9
0.4767832758688347	1.193273765647633e-9
0.48478327586883485	1.2161603914467837e-9
0.492783275868835	1.2397267270595333e-9
0.5007832758688352	1.2640005996263838e-9
0.5087832758688354	1.289011331016104e-9
0.5167832758688357	1.314789844229181e-9
0.5247832758688358	1.3413687804171104e-9
0.532783275868836	1.3687826280393715e-9
0.5407832758688362	1.3970678659662244e-9
0.5487832758688365	1.4262631226849938e-9
0.5567832758688366	1.456409354193594e-9
0.5647832758688368	1.487550043687064e-9
0.572783275868837	1.5197314267815946e-9
0.5807832758688372	1.5530027468068198e-9
0.5887832758688374	1.5874165456630538e-9
0.5967832758688376	1.623028996931868e-9
0.6047832758688377	1.6599002893996396e-9
0.612783275868838	1.6980950709733576e-9
0.6207832758688382	1.7376829652212975e-9
0.6287832758688383	1.778739175566517e-9
0.6367832758688385	1.821345195631543e-9
0.6447832758688388	1.8655896485482193e-9
0.6527832758688389	1.9115692834167605e-9
0.6607832758688391	1.9593901637890423e-9
0.6687832758688393	2.009169091393424e-9
0.6767832758688396	2.0610353187299787e-9
0.6847832758688397	2.1151326171670325e-9
0.6927832758688399	2.171621783420363e-9
0.7007832758688401	2.230683687618622e-9
0.7087832758688403	2.2925229915896374e-9
0.7167832758688405	2.3573726978441665e-9
0.7247832758688407	2.425499729625992e-9
0.7327832758688408	2.4972117924008283e-9
0.7407832758688411	2.572865829865923e-9
0.7487832758688413	2.652878466247119e-9
0.7567832758688414	2.7377389254222833e-9
0.7647832758688416	2.8280250414587157e-9
0.7727832758688419	2.924423131009841e-9
0.780783275868842	3.0277526939237166e-9
0.7887832758688422	3.138997154761123e-9
0.7967832758688425	3.2593421678095802e-9
0.8047832758688427	3.3902233981421326e-9
0.8127832758688428	3.533386182166279e-9
0.820783275868843	3.690960089261386e-9
0.8287832758688433	3.865552184732321e-9
0.8367832758688434	4.060363775342639e-9
0.8447832758688436	4.279336655043238e-9
0.8527832758688438	4.5273364269604676e-9
0.860783275868844	4.810382442501889e-9
0.8687832758688442	5.135936375852198e-9
0.8767832758688444	5.5132645761727625e-9
0.8847832758688445	5.9538932793708466e-9
0.8927832758688448	6.4721807290854766e-9
0.900783275868845	7.086036520239497e-9
0.9087832758688451	7.817826374699098e-9
0.9167832758688453	8.695510509868551e-9
0.9247832758688456	9.754076297307845e-9
0.9327832758688458	1.1037341692822568e-8
0.9407832758688459	1.2600225779987278e-8
0.9487832758688461	1.4511607736911775e-8
0.9567832758688462	1.6857926891115223e-8
0.9647832758688463	1.9747715851780783e-8
0.9727832758688465	2.3317307948511258e-8
0.9807832758688467	2.7738021740266257e-8
0.9887832758688468	3.3225202074192635e-8
0.9967832758688471	4.0049592541528486e-8
1.0047832758688473	4.855163231784186e-8
1.0127832758688475	5.9159416108204264e-8
1.0207832758688478	7.241123477086945e-8
1.0287832758688478	8.898383233024034e-8
1.036783275868848	1.0972777912566885e-7
1.0447832758688482	1.3571167746185857e-7
1.0527832758688485	1.6827729142308442e-7
1.0607832758688487	2.091081309173789e-7
1.068783275868849	2.6031452265245987e-7
1.076783275868849	3.2453876302494817e-7
1.0847832758688492	4.0508455614214545e-7
1.0927832758688494	5.060755670313275e-7
1.1007832758688496	6.326485185845573e-7
1.1087832758688498	7.911867571710614e-7
1.11678327586885	9.89600497279426e-7
1.1247832758688503	1.2376598775987558e-6
1.1327832758688503	1.547386316392827e-6
1.1407832758688505	1.9335061854153025e-6
1.1487832758688508	2.4139682212428286e-6
1.156783275868851	3.0105220189887613e-6
1.1647832758688512	3.749349064238329e-6
1.1727832758688514	4.661729771449826e-6
1.1807832758688515	5.784719773976987e-6
1.1887832758688517	7.16179638209596e-6
1.196783275868852	8.843422238828013e-6
1.2047832758688521	1.088745889358909e-5
1.2127832758688524	1.3359350154029805e-5
1.2207832758688526	1.6331986344604354e-5
1.2287832758688526	1.988515934683735e-5
1.2367832758688528	2.4104528080738024e-5
1.244783275868853	2.9080037798075155e-5
1.2510874569016404	3.359379305436555e-5
1.2573916379344268	3.867934366810081e-5
1.2636958189672132	4.4380448619980884e-5
1.2668479094836063	4.747479380102959e-5
1.2684239547418033	4.908515555121629e-5
1.2700000000000002	5.073855595943081e-5
