0.006000000000000146	2.1130286067952427e-5
0.012180000000000307	2.118918496216186e-5
0.01854540000000037	2.1250227523317703e-5
0.025101762000000236	2.1313505575055352e-5
0.031854814860000434	2.137911589945242e-5
0.03881045930580044	2.1447160513338857e-5
0.045974773084974566	2.151774703733628e-5
0.05335401627752363	2.1590989094704156e-5
0.06095463676584925	2.1667006744079776e-5
0.06878327586882474	2.1745926950232344e-5
0.07678327586882494	2.1827236057255875e-5
0.08478327586882513	2.1909223559858566e-5
0.09278327586882533	2.1991899441287146e-5
0.10078327586882552	2.207527388013905e-5
0.10878327586882572	2.2159357261008746e-5
0.1167832758688259	2.224416018187459e-5
0.12478327586882611	2.2329693461494956e-5
0.1327832758688263	2.2415968146861733e-5
0.1407832758688265	2.250299552076933e-5
0.1487832758688267	2.2590787109526735e-5
0.15678327586882687	2.2679354690847654e-5
0.16478327586882707	2.276871030194612e-5
0.17278327586882727	2.2858866247859007e-5
0.18078327586882748	2.2949835110017228e-5
0.18878327586882765	2.304162975509252e-5
0.19678327586882785	2.3134263344131623e-5
0.20478327586882805	2.32277493420044e-5
0.21278327586882825	2.3322101527182103e-5
0.22078327586882843	2.3417334001868673e-5
0.22878327586882863	2.3513461202503007e-5
0.23678327586882883	2.3610497910653665e-5
0.24478327586882903	2.3708459264328964e-5
0.2527832758688292	2.380736076972235e-5
0.26078327586882943	2.3907218313417535e-5
0.2687832758688296	2.4008048175079558e-5
0.2767832758688298	2.4109867040651707e-5
0.28478327586883	2.4212692016089117e-5
0.2927832758688302	2.431654064165717e-5
0.30078327586883036	2.442143090681892e-5
0.3087832758688306	2.45273812657498e-5
0.31678327586883076	2.4634410653504604e-5
0.324783275868831	2.4742538502876383e-5
0.33278327586883116	2.4851784761982126e-5
0.34078327586883134	2.4962169912609498e-5
0.34878327586883157	2.5073714989375613e-5
0.35678327586883174	2.518644159972546e-5
0.3647832758688319	2.5300371944834532e-5
0.37278327586883214	2.541552884144423e-5
0.3807832758688323	2.5531935744700055e-5
0.38878327586883255	2.564961677203307e-5
0.3967832758688327	2.5768596728151722e-5
0.4047832758688329	2.5888901131203108e-5
0.4127832758688331	2.6010556240169552e-5
0.4207832758688333	2.6133589083571384e-5
0.42878327586883347	2.6258027489553004e-5
0.4367832758688337	2.638390011742814e-5
0.44478327586883387	2.6511236490778018e-5
0.4527832758688341	2.6640067032183677e-5
0.4607832758688343	2.6770423099700924e-5
0.46878327586883445	2.690233702517674e-5
0.4767832758688347	2.7035842154523852e-5
0.48478327586883485	2.717097289006867e-5
0.492783275868835	2.73077647351093e-5
0.5007832758688352	2.7446254340820436e-5
0.5087832758688354	2.758647955565046e-5
0.5167832758688357	2.77284794773797e-5
0.5247832758688358	2.787229450800641e-5
0.532783275868836	2.8017966411652068e-5
0.5407832758688362	2.8165538375683985e-5
0.5487832758688365	2.8315055075276878e-5
0.5567832758688366	2.8466562741642752e-5
0.5647832758688368	2.8620109234187695e-5
0.572783275868837	2.8775744116871705e-5
0.5807832758688372	2.8933518739061853e-5
0.5887832758688374	2.9093486321213115e-5
0.5967832758688376	2.9255702045715284e-5
0.6047832758688377	2.942022315330059e-5
0.612783275868838	2.958710904541697e-5
0.6207832758688382	2.975642139301971e-5
0.6287832758688383	2.992822425228588e-5
0.6367832758688385	3.01025841877754e-5
0.6447832758688388	3.027957040364003e-5
0.6527832758688389	3.045925488352273e-5
0.6607832758688391	3.064171253985953e-5
0.6687832758688393	3.082702137335994e-5
0.6767832758688396	3.101526264353582e-5
0.6847832758688397	3.120652105122213e-5
0.6927832758688399	3.140088493414809e-5
0.7007832758688401	3.159844647672736e-5
0.7087832758688403	3.179930193537144e-5
0.7167832758688405	3.20035518807817e-5
0.7247832758688407	3.221130145885478e-5
0.7327832758688408	3.242266067203716e-5
0.7407832758688411	3.263774468321483e-5
0.7487832758688413	3.28566741444887e-5
0.7567832758688414	3.3079575553540286e-5
0.7647832758688416	3.3306581640678366e-5
0.7727832758688419	3.3537831790137996e-5
0.780783275868842	3.377347249978717e-5
0.7887832758688422	3.40136578840906e-5
0.7967832758688425	3.425855022605087e-5
0.8047832758688427	3.4508320584909695e-5
0.8127832758688428	3.47631494677087e-5
0.820783275868843	3.502322757446747e-5
0.8287832758688433	3.5288756628807254e-5
0.8367832758688434	3.555995030846731e-5
0.8447832758688436	3.58370352935012e-5
0.8527832758688438	3.612025245418961e-5
0.860783275868844	3.640985820613335e-5
0.8687832758688442	3.670612606703258e-5
0.8767832758688444	3.700934845868347e-5
0.8847832758688445	3.731983880945112e-5
0.8927832758688448	3.76379340277079e-5
0.900783275868845	3.796399743656012e-5
0.9087832758688451	3.8298422286041196e-5
0.9167832758688453	3.8641635992819056e-5
0.9247832758688456	3.899410530177398e-5
0.9327832758688458	3.9356342621949686e-5
0.9407832758688459	3.972891386576381e-5
0.9487832758688461	4.011244822080912e-5
0.9567832758688462	4.050765041574816e-5
0.9647832758688463	4.091531621595143e-5
0.9727832758688465	4.133635211400147e-5
0.9807832758688467	4.177180048279703e-5
0.9887832758688468	4.2222871858069386e-5
0.9967832758688471	4.2690986543531816e-5
1.0047832758688473	4.317782842615085e-5
1.0127832758688475	4.3685414804452376e-5
1.0207832758688478	4.421618723928981e-5
1.0287832758688478	4.4773130025589064e-5
1.036783275868848	4.535992497489952e-5
1.0447832758688482	4.598115394774346e-5
1.0527832758688485	4.664256418396486e-5
1.0607832758688487	4.735141620977727e-5
1.068783275868849	4.811694028782354e-5
1.076783275868849	4.895093545071206e-5
1.0847832758688492	4.986855566324912e-5
1.0927832758688494	5.0889341277444584e-5
1.1007832758688496	5.20385715244165e-5
1.1087832758688498	5.334903636196232e-5
1.11678327586885	5.4863354798250505e-5
1.1247832758688503	5.663700326574342e-5
1.1327832758688503	5.8742263297203526e-5
1.1407832758688505	6.127335426452208e-5
1.1487832758688508	6.435308569921209e-5
1.156783275868851	6.81414455495111e-5
1.1647832758688512	7.284663521563976e-5
1.1727832758688514	7.873916660859516e-5
1.1807832758688515	8.616974419453463e-5
1.1887832758688517	9.559175334125872e-5
1.196783275868852	0.00010758924366031556
1.2047832758688521	0.00012291129852359816
1.2127832758688524	0.00014251357008007409
1.2207832758688526	0.00016760746618496515
1.2287832758688526	0.00019971691993035242
1.2367832758688528	0.0002407417673221248
1.244783275868853	0.0002930254359018791
1.2510874569016404	0.00034400503354544944
1.2573916379344268	0.0004053855304812893
1.2636958189672132	0.0004790471868606319
1.2668479094836063	0.0005211308889851237
1.2684239547418033	0.0005436115771935052
1.2700000000000002	0.0005671061180211317
