0.006000000000000146	1.391982867756686e-5
0.012180000000000307	1.3970703913771435e-5
0.01854540000000037	1.4023471959111604e-5
0.025101762000000236	1.4078216617057108e-5
0.031854814860000434	1.413502635447326e-5
0.03881045930580044	1.4193994612286287e-5
0.045974773084974566	1.4255220167556053e-5
0.05335401627752363	1.4318807525848782e-5
0.06095463676584925	1.4384867348105484e-5
0.06878327586882474	1.4453516916237494e-5
0.07678327586882494	1.4524316075629086e-5
0.08478327586882513	1.4595779253598653e-5
0.09278327586882533	1.4667916739759568e-5
0.10078327586882552	1.474073903675819e-5
0.10878327586882572	1.4814256870203694e-5
0.1167832758688259	1.4888481196533852e-5
0.12478327586882611	1.4963423210932696e-5
0.1327832758688263	1.5039094355354226e-5
0.1407832758688265	1.5115506326695864e-5
0.1487832758688267	1.5192671085155973e-5
0.15678327586882687	1.5270600862810114e-5
0.16478327586882707	1.5349308172428597e-5
0.17278327586882727	1.5428805816565732e-5
0.18078327586882748	1.550910689694033e-5
0.18878327586882765	1.559022482413245e-5
0.19678327586882785	1.5672173327616554e-5
0.20478327586882805	1.5754966466154345e-5
0.21278327586882825	1.5838618638565624e-5
0.22078327586882843	1.5923144594903437e-5
0.22878327586882863	1.6008559448052124e-5
0.23678327586882883	1.6094878685772427e-5
0.24478327586882903	1.618211818321721e-5
0.2527832758688292	1.6270294215943822e-5
0.26078327586882943	1.6359423473444476e-5
0.2687832758688296	1.6449523073228196e-5
0.2767832758688298	1.654061057547446e-5
0.28478327586883	1.6632703998296317e-5
0.2927832758688302	1.6725821833636602e-5
0.30078327586883036	1.6819983063836315e-5
0.3087832758688306	1.69152071789047e-5
0.31678327586883076	1.701151419453274e-5
0.324783275868831	1.710892467088332e-5
0.33278327586883116	1.7207459732205416e-5
0.34078327586883134	1.7307141087307946e-5
0.34878327586883157	1.7407991050949213e-5
0.35678327586883174	1.751003256618176e-5
0.3647832758688319	1.7613289227710984e-5
0.37278327586883214	1.771778530632009e-5
0.3807832758688323	1.7823545774420627e-5
0.38878327586883255	1.7930596332793173e-5
0.3967832758688327	1.8038963438581625e-5
0.4047832758688329	1.8148674334616825e-5
0.4127832758688331	1.8259757080140318e-5
0.4207832758688333	1.8372240583015786e-5
0.42878327586883347	1.8486154633508234e-5
0.4367832758688337	1.860152993972861e-5
0.44478327586883387	1.87183981648426e-5
0.4527832758688341	1.88367919661441e-5
0.4607832758688343	1.8956745036117008e-5
0.46878327586883445	1.907829214559808e-5
0.4767832758688347	1.920146918917705e-5
0.48478327586883485	1.9326313232971703e-5
0.492783275868835	1.945286256493247e-5
0.5007832758688352	1.958115674783159e-5
0.5087832758688354	1.971123667512086e-5
0.5167832758688357	1.984314462983817e-5
0.5247832758688358	1.997692434676833e-5
0.532783275868836	2.01126210780776e-5
0.5407832758688362	2.025028166265649e-5
0.5487832758688365	2.0389954599424048e-5
0.5567832758688366	2.0531690124873827e-5
0.5647832758688368	2.0675540295152044e-5
0.572783275868837	2.0821559073001763e-5
0.5807832758688372	2.0969802419910674e-5
0.5887832758688374	2.1120328393853175e-5
0.5967832758688376	2.1273197253034844e-5
0.6047832758688377	2.1428471566086817e-5
0.612783275868838	2.1586216329207565e-5
0.6207832758688382	2.1746499090773438e-5
0.6287832758688383	2.1909390084010513e-5
0.6367832758688385	2.2074962368360992e-5
0.6447832758688388	2.22432919802389e-5
0.6527832758688389	2.2414458093942055e-5
0.6607832758688391	2.2588543193556556e-5
0.6687832758688393	2.2765633256780946e-5
0.6767832758688396	2.2945817951678904e-5
0.6847832758688397	2.312919084749546e-5
0.6927832758688399	2.3315849640767528e-5
0.7007832758688401	2.350589639811604e-5
0.7087832758688403	2.369943781725436e-5
0.7167832758688405	2.389658550791839e-5
0.7247832758688407	2.4097456294642976e-5
0.7327832758688408	2.4302172543536508e-5
0.7407832758688411	2.451086251547843e-5
0.7487832758688413	2.4723660748495052e-5
0.7567832758688414	2.4940708472447204e-5
0.7647832758688416	2.5162154059605795e-5
0.7727832758688419	2.5388153515240716e-5
0.780783275868842	2.561887101298875e-5
0.7887832758688422	2.5854479480553796e-5
0.7967832758688425	2.6095161242247148e-5
0.8047832758688427	2.63411087260527e-5
0.8127832758688428	2.65925252443566e-5
0.820783275868843	2.6849625859287447e-5
0.8287832758688433	2.7112638345887187e-5
0.8367832758688434	2.7381804269186546e-5
0.8447832758688436	2.765738019488565e-5
0.8527832758688438	2.7939639057955854e-5
0.860783275868844	2.8228871719386746e-5
0.8687832758688442	2.8525388748897072e-5
0.8767832758688444	2.8829522481232224e-5
0.8847832758688445	2.9141629406362245e-5
0.8927832758688448	2.9462092970373005e-5
0.900783275868845	2.9791326885338245e-5
0.9087832758688451	3.012977907447603e-5
0.9167832758688453	3.04779364156008e-5
0.9247832758688456	3.0836330493969446e-5
0.9327832758688458	3.120554463877005e-5
0.9407832758688459	3.1586222600516855e-5
0.9487832758688461	3.197907933588258e-5
0.9567832758688462	3.238491451044864e-5
0.9647832758688463	3.280462951961612e-5
0.9727832758688465	3.323924907823545e-5
0.9807832758688467	3.368994875980104e-5
0.9887832758688468	3.4158090301926487e-5
0.9967832758688471	3.464526707005681e-5
1.0047832758688473	3.515336283028362e-5
1.0127832758688475	3.568462798303453e-5
1.0207832758688478	3.624177872849014e-5
1.0287832758688478	3.682812637155879e-5
1.036783275868848	3.744774625870524e-5
1.0447832758688482	3.810569883923113e-5
1.0527832758688485	3.880831927682078e-5
1.0607832758688487	3.9563597182151176e-5
1.068783275868849	4.0381674749439595e-5
1.076783275868849	4.1275500308047914e-5
1.0847832758688492	4.2261685605926084e-5
1.0927832758688494	4.336162971638101e-5
1.1007832758688496	4.460299114015709e-5
1.1087832758688498	4.602161344794292e-5
1.11678327586885	4.766403979749739e-5
1.1247832758688503	4.959078907489561e-5
1.1327832758688503	5.188061244027054e-5
1.1407832758688505	5.4636004668452585e-5
1.1487832758688508	5.7990310250758785e-5
1.156783275868851	6.211683900716967e-5
1.1647832758688512	6.724048717470218e-5
1.1727832758688514	7.365244153889427e-5
1.1807832758688515	8.172861511901122e-5
1.1887832758688517	9.19525050130702e-5
1.196783275868852	0.00010494314853205563
1.2047832758688521	0.00012148874339842097
1.2127832758688524	0.0001425862401017599
1.2207832758688526	0.0001694867487813112
1.2287832758688526	0.0002037458684813212
1.2367832758688528	0.00024727700154255304
1.244783275868853	0.000302404369090435
1.2510874569016404	0.00035581774240349217
1.2573916379344268	0.00041973026003286275
1.2636958189672132	0.0004959144448529779
1.2668479094836063	0.0005392088627505786
1.2684239547418033	0.0005622720637967593
1.2700000000000002	0.0005863293448261106
