0.006000000000000146	5.638319516113576e-6
0.012180000000000307	5.669283870678961e-6
0.01854540000000037	5.7014623851752755e-6
0.025101762000000236	5.7349130156652625e-6
0.031854814860000434	5.769697213469661e-6
0.03881045930580044	5.805880190963357e-6
0.045974773084974566	5.843531216072651e-6
0.05335401627752363	5.882723933444261e-6
0.06095463676584925	5.92353671583548e-6
0.06878327586882474	5.966053049475948e-6
0.07678327586882494	6.010010980926442e-6
0.08478327586882513	6.054494501514472e-6
0.09278327586882533	6.099512926517722e-6
0.10078327586882552	6.145075786664744e-6
0.10878327586882572	6.1911928363709775e-6
0.1167832758688259	6.237874061428966e-6
0.12478327586882611	6.285129686858527e-6
0.1327832758688263	6.332970184954302e-6
0.1407832758688265	6.381406283561213e-6
0.1487832758688267	6.4304489746054925e-6
0.15678327586882687	6.480109522902707e-6
0.16478327586882707	6.530399475270556e-6
0.17278327586882727	6.581330669962249e-6
0.18078327586882748	6.632915246446481e-6
0.18878327586882765	6.6851656555532705e-6
0.19678327586882785	6.7380946700057304e-6
0.20478327586882805	6.791715395363419e-6
0.21278327586882825	6.846041281395622e-6
0.22078327586882843	6.901086133910934e-6
0.22878327586882863	6.956864127065334e-6
0.23678327586882883	7.013389816175905e-6
0.24478327586882903	7.070678151064703e-6
0.2527832758688292	7.12874448996262e-6
0.26078327586882943	7.187604614001298e-6
0.2687832758688296	7.24727474232436e-6
0.2767832758688298	7.307771547850555e-6
0.28478327586883	7.369112173723239e-6
0.2927832758688302	7.431314250482994e-6
0.30078327586883036	7.494395914001793e-6
0.3087832758688306	7.558375824219508e-6
0.31678327586883076	7.6232731847256324e-6
0.324783275868831	7.689107763234932e-6
0.33278327586883116	7.755899913000892e-6
0.34078327586883134	7.823670595225186e-6
0.34878327586883157	7.892441402513261e-6
0.35678327586883174	7.962234583437569e-6
0.3647832758688319	8.03307306827077e-6
0.37278327586883214	8.104980495955182e-6
0.3807832758688323	8.177981242378847e-6
0.38878327586883255	8.252100450036782e-6
0.3967832758688327	8.327364059155742e-6
0.4047832758688329	8.403798840369087e-6
0.4127832758688331	8.481432429036732e-6
0.4207832758688333	8.56029336130559e-6
0.42878327586883347	8.640411112018677e-6
0.4367832758688337	8.721816134585057e-6
0.44478327586883387	8.804539902931825e-6
0.4527832758688341	8.88861495566777e-6
0.4607832758688343	8.974074942598748e-6
0.46878327586883445	9.06095467374415e-6
0.4767832758688347	9.149290171013995e-6
0.48478327586883485	9.239118722720607e-6
0.492783275868835	9.330478941109332e-6
0.5007832758688352	9.423410823109533e-6
0.5087832758688354	9.51795581451815e-6
0.5167832758688357	9.614156877851795e-6
0.5247832758688358	9.71205856411344e-6
0.532783275868836	9.811707088745806e-6
0.5407832758688362	9.913150412063514e-6
0.5487832758688365	1.0016438324477622e-5
0.5567832758688366	1.012162253685585e-5
0.5647832758688368	1.0228756776386812e-5
0.572783275868837	1.0337896888349509e-5
0.5807832758688372	1.0449100944223494e-5
0.5887832758688374	1.056242935661271e-5
0.5967832758688376	1.0677945001495587e-5
0.6047832758688377	1.0795713348361838e-5
0.612783275868838	1.0915802598846175e-5
0.6207832758688382	1.1038283834523701e-5
0.6287832758688383	1.1163231174593919e-5
0.6367832758688385	1.1290721944248658e-5
0.6447832758688388	1.142083685459751e-5
0.6527832758688389	1.1553660195101554e-5
0.6607832758688391	1.1689280039572575e-5
0.6687832758688393	1.1827788466889408e-5
0.6767832758688396	1.1969281797709494e-5
0.6847832758688397	1.2113860848585072e-5
0.6927832758688399	1.2261631205044345e-5
0.7007832758688401	1.2412703515373118e-5
0.7087832758688403	1.256719380702606e-5
0.7167832758688405	1.2725223827818734e-5
0.7247832758688407	1.28869214143184e-5
0.7327832758688408	1.305242089013732e-5
0.7407832758688411	1.3221863497189981e-5
0.7487832758688413	1.3395397863374609e-5
0.7567832758688414	1.3573180510615802e-5
0.7647832758688416	1.3755376407771095e-5
0.7727832758688419	1.394215957357512e-5
0.780783275868842	1.4133713735600153e-5
0.7887832758688422	1.4330233052184669e-5
0.7967832758688425	1.4531922905465045e-5
0.8047832758688427	1.4739000775104792e-5
0.8127832758688428	1.4951697204086083e-5
0.820783275868843	1.5170256870173422e-5
0.8287832758688433	1.5394939779415226e-5
0.8367832758688434	1.562602260155316e-5
0.8447832758688436	1.5863800171616006e-5
0.8527832758688438	1.6108587187586954e-5
0.860783275868844	1.6360720141202607e-5
0.8687832758688442	1.6620559528132804e-5
0.8767832758688444	1.6888492395650368e-5
0.8847832758688445	1.7164935301213754e-5
0.8927832758688448	1.74503377752762e-5
0.900783275868845	1.774518640750119e-5
0.9087832758688451	1.8050009709317763e-5
0.9167832758688453	1.836538394986738e-5
0.9247832758688456	1.869194022019924e-5
0.9327832758688458	1.9030373056401474e-5
0.9407832758688459	1.9381451051988287e-5
0.9487832758688461	1.9746030020902397e-5
0.9567832758688462	2.012506944500458e-5
0.9647832758688463	2.0519653167144562e-5
0.9727832758688465	2.0931015590358787e-5
0.9807832758688467	2.1360575038446576e-5
0.9887832758688468	2.1809976453387565e-5
0.9967832758688471	2.228114629060346e-5
1.0047832758688473	2.277636337594805e-5
1.0127832758688475	2.3298350676611548e-5
1.0207832758688478	2.3850394500431332e-5
1.0287832758688478	2.443649968937432e-5
1.036783275868848	2.506159206161068e-5
1.0447832758688482	2.5731782873192378e-5
1.0527832758688485	2.6454714657794e-5
1.0607832758688487	2.724001376814933e-5
1.068783275868849	2.8099882669080902e-5
1.076783275868849	2.904987499130725e-5
1.0847832758688492	3.0109909117309546e-5
1.0927832758688494	3.130559230542076e-5
1.1007832758688496	3.2669947824420006e-5
1.1087832758688498	3.424566307830843e-5
1.11678327586885	3.608800803228508e-5
1.1247832758688503	3.826861101560417e-5
1.1327832758688503	4.0880323363908575e-5
1.1407832758688505	4.4043454747936706e-5
1.1487832758688508	4.7913715386656835e-5
1.156783275868851	5.269225538198723e-5
1.1647832758688512	5.863823748909364e-5
1.1727832758688514	6.6084405358897e-5
1.1807832758688515	7.545609607196244e-5
1.1887832758688517	8.729406770973572e-5
1.196783275868852	0.00010228133647424122
1.2047832758688521	0.0001212739050110819
1.2127832758688524	0.00014533477671552764
1.2207832758688526	0.00017576996559771376
1.2287832758688526	0.00021416433543105048
1.2367832758688528	0.0002624140993353035
1.244783275868853	0.0003227518245949896
1.2510874569016404	0.00038049044336005324
1.2573916379344268	0.00044874904073402013
1.2636958189672132	0.0005290657239043461
1.2668479094836063	0.0005742505125469765
1.2684239547418033	0.0005981946420464824
1.2700000000000002	0.0006230808840850581
