0.006000000000000146	1.0958247200088365e-9
0.012180000000000307	1.1062046752417762e-9
0.01854540000000037	1.1170475789838156e-9
0.025101762000000236	1.128379752405166e-9
0.031854814860000434	1.1402294410720692e-9
0.03881045930580044	1.1526269891157152e-9
0.045974773084974566	1.1656050350276657e-9
0.05335401627752363	1.1791987289699398e-9
0.06095463676584925	1.1934459745824347e-9
0.06878327586882474	1.2083876986353895e-9
0.07678327586882494	1.2239435248197407e-9
0.08478327586882513	1.239797037620838e-9
0.09278327586882533	1.2559559998358671e-9
0.10078327586882552	1.2724284237577702e-9
0.10878327586882572	1.2892225814425949e-9
0.1167832758688259	1.3063470153020657e-9
0.12478327586882611	1.3238105491460293e-9
0.1327832758688263	1.341622299710737e-9
0.1407832758688265	1.3597916887083008e-9
0.1487832758688267	1.3783284554333551e-9
0.15678327586882687	1.397242669963253e-9
0.16478327586882707	1.4165447469902802e-9
0.17278327586882727	1.4362454603256405e-9
0.18078327586882748	1.4563559581171265e-9
0.18878327586882765	1.4768877788251036e-9
0.19678327586882785	1.4978528680036123e-9
0.20478327586882805	1.519263595937178e-9
0.21278327586882825	1.5411327761863576e-9
0.22078327586882843	1.5634736850992006e-9
0.22878327586882863	1.5863000823494553e-9
0.23678327586882883	1.6096262325666127e-9
0.24478327586882903	1.6334669281275775e-9
0.2527832758688292	1.6578375131841567e-9
0.26078327586882943	1.6827539090066715e-9
0.2687832758688296	1.7082326407291148e-9
0.2767832758688298	1.7342908655875477e-9
0.28478327586883	1.760946402750686e-9
0.2927832758688302	1.7882177648482201e-9
0.30078327586883036	1.8161241913106838e-9
0.3087832758688306	1.8446856836434202e-9
0.31678327586883076	1.8739230427660696e-9
0.324783275868831	1.9038579085597397e-9
0.33278327586883116	1.9345128017743527e-9
0.34078327586883134	1.965911168461557e-9
0.34878327586883157	1.9980774271111554e-9
0.35678327586883174	2.031037018683613e-9
0.3647832758688319	2.0648164597472184e-9
0.37278327586883214	2.0994433989451894e-9
0.3807832758688323	2.1349466770378663e-9
0.38878327586883255	2.1713563907848832e-9
0.3967832758688327	2.2087039609563663e-9
0.4047832758688329	2.2470222047860693e-9
0.4127832758688331	2.286345413208475e-9
0.4207832758688333	2.3267094332515253e-9
0.42878327586883347	2.3681517559911005e-9
0.4367832758688337	2.4107116105106486e-9
0.44478327586883387	2.454430064350715e-9
0.4527832758688341	2.499350130979385e-9
0.4607832758688343	2.5455168848656884e-9
0.46878327586883445	2.5929775847945525e-9
0.4767832758688347	2.6417818061258834e-9
0.48478327586883485	2.6919815827705985e-9
0.492783275868835	2.743631559735746e-9
0.5007832758688352	2.7967891571801845e-9
0.5087832758688354	2.85151474702111e-9
0.5167832758688357	2.9078718432454755e-9
0.5247832758688358	2.965927307206993e-9
0.532783275868836	3.025751569333112e-9
0.5407832758688362	3.087418868831683e-9
0.5487832758688365	3.1510075131726704e-9
0.5567832758688366	3.216600159335594e-9
0.5647832758688368	3.284284119059104e-9
0.572783275868837	3.3541516906129346e-9
0.5807832758688372	3.4263005199422867e-9
0.5887832758688374	3.5008339944177702e-9
0.5967832758688376	3.5778616728707494e-9
0.6047832758688377	3.6574997561213857e-9
0.612783275868838	3.739871602826781e-9
0.6207832758688382	3.825108296212298e-9
0.6287832758688383	3.913349268127722e-9
0.6367832758688385	4.004742987920114e-9
0.6447832758688388	4.099447724880783e-9
0.6527832758688389	4.197632394554856e-9
0.6607832758688391	4.299477501063287e-9
0.6687832758688393	4.4051761898610184e-9
0.6767832758688396	4.5149354281448786e-9
0.6847832758688397	4.628977333567032e-9
0.6927832758688399	4.747540676168277e-9
0.7007832758688401	4.87088258374235e-9
0.7087832758688403	4.999280487452348e-9
0.7167832758688405	5.133034352800962e-9
0.7247832758688407	5.272469251463886e-9
0.7327832758688408	5.417938342621862e-9
0.7407832758688411	5.569826349027038e-9
0.7487832758688413	5.7285536340948235e-9
0.7567832758688414	5.894581013086854e-9
0.7647832758688416	6.068415465576903e-9
0.7727832758688419	6.25061695998524e-9
0.780783275868842	6.441806656765615e-9
0.7887832758688422	6.642676828381025e-9
0.7967832758688425	6.85400292611611e-9
0.8047832758688427	7.076658342017709e-9
0.8127832758688428	7.3116325665938435e-9
0.820783275868843	7.560053639425192e-9
0.8287832758688433	7.823216043658016e-9
0.8367832758688434	8.102615523531156e-9
0.8447832758688436	8.399992728831941e-9
0.8527832758688438	8.717388140395644e-9
0.860783275868844	9.057211444107308e-9
0.8687832758688442	9.42232944637006e-9
0.8767832758688444	9.816177825565157e-9
0.8847832758688445	1.024290357489054e-8
0.8927832758688448	1.0707547020585685e-8
0.900783275868845	1.1216274937247719e-8
0.9087832758688451	1.1776679712771517e-8
0.9167832758688453	1.2398163979083225e-8
0.9247832758688456	1.3092435933214722e-8
0.9327832758688458	1.387414813208217e-8
0.9407832758688459	1.4761722380764073e-8
0.9487832758688461	1.5778416132346067e-8
0.9567832758688462	1.695370246415096e-8
0.9647832758688463	1.8325057337169963e-8
0.9727832758688465	1.9940275962074044e-8
0.9807832758688467	2.186047658867244e-8
0.9887832758688468	2.4163997342201317e-8
0.9967832758688471	2.6951452952748336e-8
1.0047832758688473	3.0352297289905905e-8
1.0127832758688475	3.4533339447341116e-8
1.0207832758688478	3.970979182423287e-8
1.0287832758688478	4.61595956676247e-8
1.036783275868848	5.424198175751075e-8
1.0447832758688482	6.442149160981364e-8
1.0527832758688485	7.72990190605069e-8
1.0607832758688487	9.365184486661614e-8
1.068783275868849	1.144851379002833e-7
1.076783275868849	1.4109799064648368e-7
1.0847832758688492	1.7516773863786353e-7
1.0927832758688494	2.188570582495905e-7
1.1007832758688496	2.749490863358709e-7
1.1087832758688498	3.470164451728596e-7
1.11678327586885	4.396303893066155e-7
1.1247832758688503	5.586159961335332e-7
1.1327832758688503	7.113579097157436e-7
1.1407832758688505	9.071579172355475e-7
1.1487832758688508	1.1576396630073636e-6
1.156783275868851	1.4771859867399023e-6
1.1647832758688512	1.8833796307738949e-6
1.1727832758688514	2.397397753117853e-6
1.1807832758688515	3.0442853208405044e-6
1.1887832758688517	3.85300469081065e-6
1.196783275868852	4.8561342889054975e-6
1.2047832758688521	6.08907756977039e-6
1.2127832758688524	7.5886560828065045e-6
1.2207832758688526	9.391008226353754e-6
1.2287832758688526	1.1528802428488202e-5
1.2367832758688528	1.4027892156977661e-5
1.244783275868853	1.6903667769067222e-5
1.2510874569016404	1.943664380602367e-5
1.2573916379344268	2.2198011052931994e-5
1.2636958189672132	2.5173586957050913e-5
1.2668479094836063	2.6735184615547012e-5
1.2684239547418033	2.7533006756498232e-5
1.2700000000000002	2.8341505952183228e-5
