0.006000000000000146	3.588096937261002e-10
0.012180000000000307	3.620650715134361e-10
0.01854540000000037	3.654653347035974e-10
0.025101762000000236	3.6901872601912864e-10
0.031854814860000434	3.727340933701623e-10
0.03881045930580044	3.766209459806684e-10
0.045974773084974566	3.8068951664697395e-10
0.05335401627752363	3.8495083096379257e-10
0.06095463676584925	3.894167844868981e-10
0.06878327586882474	3.9410022892893253e-10
0.07678327586882494	3.9897600569687065e-10
0.08478327586882513	4.039449887383582e-10
0.09278327586882533	4.090096730557927e-10
0.10078327586882552	4.1417263710980437e-10
0.10878327586882572	4.1943654639914433e-10
0.1167832758688259	4.24804157190752e-10
0.12478327586882611	4.302783204221726e-10
0.1327832758688263	4.35861985789477e-10
0.1407832758688265	4.41558206033957e-10
0.1487832758688267	4.473701414413815e-10
0.15678327586882687	4.5330106456816903e-10
0.16478327586882707	4.593543652096262e-10
0.17278327586882727	4.655335556263919e-10
0.18078327586882748	4.718422760462689e-10
0.18878327586882765	4.782843004599338e-10
0.19678327586882785	4.848635427303882e-10
0.20478327586882805	4.915840630376563e-10
0.21278327586882825	4.984500746819892e-10
0.22078327586882843	5.054659512708858e-10
0.22878327586882863	5.12636234317493e-10
0.23678327586882883	5.199656412804459e-10
0.24478327586882903	5.274590740781615e-10
0.2527832758688292	5.351216281137745e-10
0.26078327586882943	5.429586018505749e-10
0.2687832758688296	5.509755069819901e-10
0.2767832758688298	5.591780792448924e-10
0.28478327586883	5.675722899304405e-10
0.2927832758688302	5.76164358152821e-10
0.30078327586883036	5.84960763943422e-10
0.3087832758688306	5.939682622462259e-10
0.31678327586883076	6.031938978995744e-10
0.324783275868831	6.126450217005936e-10
0.33278327586883116	6.223293076612727e-10
0.34078327586883134	6.322547715800291e-10
0.34878327586883157	6.424297910701073e-10
0.35678327586883174	6.528631272063552e-10
0.3647832758688319	6.635639479758825e-10
0.37278327586883214	6.745418537461424e-10
0.3807832758688323	6.858069049970676e-10
0.38878327586883255	6.973696526028459e-10
0.3967832758688327	7.09241170995299e-10
0.4047832758688329	7.214330945952628e-10
0.4127832758688331	7.339576579635713e-10
0.4207832758688333	7.468277402002607e-10
0.42878327586883347	7.600569142125371e-10
0.4367832758688337	7.73659501581634e-10
0.44478327586883387	7.876506338893225e-10
0.4527832758688341	8.02046321521155e-10
0.4607832758688343	8.168635311503802e-10
0.46878327586883445	8.321202733303377e-10
0.4767832758688347	8.478357018916111e-10
0.48478327586883485	8.640302271621664e-10
0.492783275868835	8.80725645415783e-10
0.5007832758688352	8.979452874191266e-10
0.5087832758688354	9.157141895073675e-10
0.5167832758688357	9.34059291292378e-10
0.5247832758688358	9.53009664919417e-10
0.532783275868836	9.72596781767496e-10
0.5407832758688362	9.92854823670453e-10
0.5487832758688365	1.0138210471625685e-9
0.5567832758688366	1.0355362109767409e-9
0.5647832758688368	1.0580450791077365e-9
0.572783275868837	1.081397014274613e-9
0.5807832758688372	1.1056466796688247e-9
0.5887832758688374	1.1308548705709303e-9
0.5967832758688376	1.1570895018978737e-9
0.6047832758688377	1.18442678317347e-9
0.612783275868838	1.212952619001158e-9
0.6207832758688382	1.2427642811116377e-9
0.6287832758688383	1.2739724077630944e-9
0.6367832758688385	1.3067033980600587e-9
0.6447832758688388	1.3411022830830337e-9
0.6527832758688389	1.3773361731379889e-9
0.6607832758688391	1.415598401619103e-9
0.6687832758688393	1.4561135117557506e-9
0.6767832758688396	1.4991432638946557e-9
0.6847832758688397	1.5449938791846025e-9
0.6927832758688399	1.594024782093033e-9
0.7007832758688401	1.646659160939152e-9
0.7087832758688403	1.7033967348372145e-9
0.7167832758688405	1.764829199879918e-9
0.7247832758688407	1.8316589304493146e-9
0.7327832758688408	1.904721637389321e-9
0.7407832758688411	1.9850138385197914e-9
0.7487832758688413	2.0737261848898703e-9
0.7567832758688414	2.1722839159606545e-9
0.7647832758688416	2.2823959980319693e-9
0.7727832758688419	2.406114844303617e-9
0.780783275868842	2.5459089362620963e-9
0.7887832758688422	2.704751182148274e-9
0.7967832758688425	2.8862264806456268e-9
0.8047832758688427	3.0946627331251166e-9
0.8127832758688428	3.3352904983554327e-9
0.820783275868843	3.61443764957001e-9
0.8287832758688433	3.939766824377895e-9
0.8367832758688434	4.32056521369781e-9
0.8447832758688436	4.768098390999424e-9
0.8527832758688438	5.2960425289484125e-9
0.860783275868844	5.921012599160129e-9
0.8687832758688442	6.663208139699903e-9
0.8767832758688444	7.547203072842982e-9
0.8847832758688445	8.602912068909333e-9
0.8927832758688448	9.866773333306332e-9
0.900783275868845	1.1383196751696121e-8
0.9087832758688451	1.3206337438508428e-8
0.9167832758688453	1.5402268354223587e-8
0.9247832758688456	1.805164234184918e-8
0.9327832758688458	2.1252954353859158e-8
0.9407832758688459	2.5126539605908283e-8
0.9487832758688461	2.98194738722355e-8
0.9567832758688462	3.551157928552368e-8
0.9647832758688463	4.242278418961498e-8
0.9727832758688465	5.082214042347994e-8
0.9807832758688467	6.103886775592982e-8
0.9887832758688468	7.347587518289683e-8
0.9967832758688471	8.862630485675741e-8
1.0047832758688473	1.0709375920475115e-7
1.0127832758688475	1.2961700816958994e-7
1.0207832758688478	1.5710013441543253e-7
1.0287832758688478	1.906492626422909e-7
1.036783275868848	2.3161723733725092e-7
1.0447832758688482	2.816578631028108e-7
1.0527832758688485	3.4279160358088874e-7
1.0607832758688487	4.174849473448039e-7
1.068783275868849	5.087459874031355e-7
1.076783275868849	6.202391164828585e-7
1.0847832758688492	7.564220989211928e-7
1.0927832758688494	9.227091207660553e-7
1.1007832758688496	1.125663713106663e-6
1.1087832758688498	1.3732256504055404e-6
1.11678327586885	1.6749759952668617e-6
1.1247832758688503	2.0424443311268395e-6
1.1327832758688503	2.4894618191781803e-6
1.1407832758688505	3.0325629452815814e-6
1.1487832758688508	3.6914375789549416e-6
1.156783275868851	4.4894331186027315e-6
1.1647832758688512	5.454103880267824e-6
1.1727832758688514	6.61780128906708e-6
1.1807832758688515	8.018293579124414e-6
1.1887832758688517	9.699397260246364e-6
1.196783275868852	1.1711594192394146e-5
1.2047832758688521	1.4112597402226407e-5
1.2127832758688524	1.696781570572069e-5
1.2207832758688526	2.035065224958738e-5
1.2287832758688526	2.434255669361008e-5
1.2367832758688528	2.903273770928376e-5
1.244783275868853	3.451743603214993e-5
1.2510874569016404	3.946585827376575e-5
1.2573916379344268	4.5022730080147586e-5
1.2636958189672132	5.124051261197987e-5
1.2668479094836063	5.4613527766637766e-5
1.2684239547418033	5.636894643217265e-5
1.2700000000000002	5.817146451524262e-5
