0.006000000000000146	8.198065439928651e-7
0.012180000000000307	8.266706714080849e-7
0.01854540000000037	8.338313373584486e-7
0.025101762000000236	8.413047098070392e-7
0.031854814860000434	8.491080846461062e-7
0.03881045930580044	8.572599828838592e-7
0.045974773084974566	8.657802604200517e-7
0.05335401627752363	8.746902292180455e-7
0.06095463676584925	8.840127914791648e-7
0.06878327586882474	8.937725885663935e-7
0.07678327586882494	9.039149768435492e-7
0.08478327586882513	9.142321659463208e-7
0.09278327586882533	9.247282941161055e-7
0.10078327586882552	9.354076213797289e-7
0.10878327586882572	9.462745343349689e-7
0.1167832758688259	9.573335510554055e-7
0.12478327586882611	9.68589326162599e-7
0.1327832758688263	9.800466560859914e-7
0.1407832758688265	9.917104845286118e-7
0.1487832758688267	1.003585908155556e-6
0.15678327586882687	1.015678182521508e-6
0.16478327586882707	1.0279927282533048e-6
0.17278327586882727	1.0405351375037823e-6
0.18078327586882748	1.0533111806932065e-6
0.18878327586882765	1.0663268135552344e-6
0.19678327586882785	1.079588184505182e-6
0.20478327586882805	1.0931016423487374e-6
0.21278327586882825	1.106873744350725e-6
0.22078327586882843	1.1209112646840472e-6
0.22878327586882863	1.1352212032806263e-6
0.23678327586882883	1.1498107951068755e-6
0.24478327586882903	1.1646875198879808e-6
0.2527832758688292	1.1798591123068043e-6
0.26078327586882943	1.1953335727043437e-6
0.2687832758688296	1.211119178311049e-6
0.2767832758688298	1.2272244950397143e-6
0.28478327586883	1.243658389872867e-6
0.2927832758688302	1.2604300438795705e-6
0.30078327586883036	1.2775489658992158e-6
0.3087832758688306	1.2950250069319266e-6
0.31678327586883076	1.3128683752782665e-6
0.324783275868831	1.3310896524736644e-6
0.33278327586883116	1.3496998100661074e-6
0.34078327586883134	1.3687102272891132e-6
0.34878327586883157	1.3881327096853893e-6
0.35678327586883174	1.407979508740878e-6
0.3647832758688319	1.4282633425927701e-6
0.37278327586883214	1.4489974178797704e-6
0.3807832758688323	1.470195452807867e-6
0.38878327586883255	1.4918717015102097e-6
0.3967832758688327	1.514040979785242e-6
0.4047832758688329	1.5367186923039236e-6
0.4127832758688331	1.559920861383137e-6
0.4207832758688333	1.5836641574301982e-6
0.42878327586883347	1.6079659311709985e-6
0.4367832758688337	1.6328442477830434e-6
0.44478327586883387	1.658317923064425e-6
0.4527832758688341	1.6844065617791294e-6
0.4607832758688343	1.7111305983312761e-6
0.46878327586883445	1.7385113399320421e-6
0.4767832758688347	1.7665710124368278e-6
0.48478327586883485	1.7953328090444122e-6
0.492783275868835	1.8248209420653726e-6
0.5007832758688352	1.8550606979846164e-6
0.5087832758688354	1.8860784960611896e-6
0.5167832758688357	1.9179019507295948e-6
0.5247832758688358	1.950559938088541e-6
0.532783275868836	1.9840826667886235e-6
0.5407832758688362	2.018501753657186e-6
0.5487832758688365	2.0538503044277322e-6
0.5567832758688366	2.090162999975142e-6
0.5647832758688368	2.1274761884931913e-6
0.572783275868837	2.165827984090721e-6
0.5807832758688372	2.2052583723268138e-6
0.5887832758688374	2.2458093232540614e-6
0.5967832758688376	2.287524912591764e-6
0.6047832758688377	2.3304514517118043e-6
0.612783275868838	2.3746376271843473e-6
0.6207832758688382	2.4201346507052587e-6
0.6287832758688383	2.4669964203083793e-6
0.6367832758688385	2.515279693856488e-6
0.6447832758688388	2.5650442759079967e-6
0.6527832758688389	2.6163532191693103e-6
0.6607832758688391	2.669273041872651e-6
0.6687832758688393	2.7238739625617477e-6
0.6767832758688396	2.7802301539331932e-6
0.6847832758688397	2.8384200175640938e-6
0.6927832758688399	2.89852648156721e-6
0.7007832758688401	2.9606373234546564e-6
0.7087832758688403	3.0248455207638448e-6
0.7167832758688405	3.091249632314739e-6
0.7247832758688407	3.1599542133300414e-6
0.7327832758688408	3.231070268071546e-6
0.7407832758688411	3.3047157441363632e-6
0.7487832758688413	3.381016073131614e-6
0.7567832758688414	3.4601047631253377e-6
0.7647832758688416	3.5421240490741313e-6
0.7727832758688419	3.627225608389154e-6
0.780783275868842	3.7155713499535653e-6
0.7887832758688422	3.807334286298458e-6
0.7967832758688425	3.902699500340862e-6
0.8047832758688427	4.0018652201645245e-6
0.8127832758688428	4.1050440178856276e-6
0.820783275868843	4.212464151827522e-6
0.8287832758688433	4.324371075196152e-6
0.8367832758688434	4.441029139436116e-6
0.8447832758688436	4.562723526744632e-6
0.8527832758688438	4.689762454216826e-6
0.860783275868844	4.82247970229555e-6
0.8687832758688442	4.9612375332687844e-6
0.8767832758688444	5.106430082371931e-6
0.8847832758688445	5.258487325760641e-6
0.8927832758688448	5.417879757743059e-6
0.900783275868845	5.585123946186506e-6
0.9087832758688451	5.760789182587571e-6
0.9167832758688453	5.945505505375654e-6
0.9247832758688456	6.139973456191204e-6
0.9327832758688458	6.344976035163106e-6
0.9407832758688459	6.561393460549265e-6
0.9487832758688461	6.790221520946714e-6
0.9567832758688462	7.032594548353021e-6
0.9647832758688463	7.2898143557168784e-6
0.9727832758688465	7.563386896857263e-6
0.9807832758688467	7.855068950690589e-6
0.9887832758688468	8.166927845849117e-6
0.9967832758688471	8.501418178398409e-6
1.0047832758688473	8.861480702245259e-6
1.0127832758688475	9.250670176268074e-6
1.0207832758688478	9.673321045895993e-6
1.0287832758688478	1.0134762561599062e-5
1.036783275868848	1.0641598470681665e-5
1.0447832758688482	1.1202070982854488e-5
1.0527832758688485	1.1826534573634904e-5
1.0607832758688487	1.2528072673441322e-5
1.068783275868849	1.3323299763865954e-5
1.076783275868849	1.4233403271271663e-5
1.0847832758688492	1.5285494321016446e-5
1.0927832758688494	1.6514354245383215e-5
1.1007832758688496	1.796468491085295e-5
1.1087832758688498	1.9693995286817846e-5
1.11678327586885	2.1776283434950684e-5
1.1247832758688503	2.430670043542854e-5
1.1327832758688503	2.7407407247955682e-5
1.1407832758688505	3.1234851335679144e-5
1.1487832758688508	3.5988688033885225e-5
1.156783275868851	4.1922539049222735e-5
1.1647832758688512	4.935669959493701e-5
1.1727832758688514	5.869275514660743e-5
1.1807832758688515	7.04298260935199e-5
1.1887832758688517	8.51818056402304e-5
1.196783275868852	0.00010369448924468621
1.2047832758688521	0.00012686093574924246
1.2127832758688524	0.00015573281471931199
1.2207832758688526	0.00019152499322988329
1.2287832758688526	0.00023561035225884924
1.2367832758688528	0.0002895019651689681
1.244783275868853	0.0003548204472489655
1.2510874569016404	0.0004154403358552135
1.2573916379344268	0.00048502475280880436
1.2636958189672132	0.0005643709516097544
1.2668479094836063	0.0006079374741757252
1.2684239547418033	0.0006307342342485197
1.2700000000000002	0.0006542227271027781
