0.006000000000000146	7.152923902892303e-10
0.012180000000000307	7.220446822202185e-10
0.01854540000000037	7.290985445886735e-10
0.025101762000000236	7.364711694376493e-10
0.031854814860000434	7.441810090885727e-10
0.03881045930580044	7.522478922512532e-10
0.045974773084974566	7.606931529966661e-10
0.05335401627752363	7.695397739855424e-10
0.06095463676584925	7.788125459371163e-10
0.06878327586882474	7.885382455664099e-10
0.07678327586882494	7.986647009437256e-10
0.08478327586882513	8.089860470172101e-10
0.09278327586882533	8.195074227128506e-10
0.10078327586882552	8.302341341412687e-10
0.10878327586882572	8.411716615371249e-10
0.1167832758688259	8.523256664524371e-10
0.12478327586882611	8.637019992606492e-10
0.1327832758688263	8.753067069951837e-10
0.1407832758688265	8.871460415459575e-10
0.1487832758688267	8.992264682377407e-10
0.15678327586882687	9.115546748146303e-10
0.16478327586882707	9.241375808559291e-10
0.17278327586882727	9.369823476497395e-10
0.18078327586882748	9.500963885520198e-10
0.18878327586882765	9.63487379860269e-10
0.19678327586882785	9.771632722327183e-10
0.20478327586882805	9.911323026858755e-10
0.21278327586882825	1.005403007205282e-9
0.22078327586882843	1.0199842340064886e-9
0.22878327586882863	1.0348851574860334e-9
0.23678327586882883	1.050115292904423e-9
0.24478327586882903	1.0656845118465418e-9
0.2527832758688292	1.0816030585075878e-9
0.26078327586882943	1.0978815668563879e-9
0.2687832758688296	1.114531078731531e-9
0.2767832758688298	1.1315630629298158e-9
0.28478327586883	1.1489894353509285e-9
0.2927832758688302	1.1668225802669626e-9
0.30078327586883036	1.1850753727907763e-9
0.3087832758688306	1.2037612026227132e-9
0.31678327586883076	1.2228939991614127e-9
0.324783275868831	1.242488258071363e-9
0.33278327586883116	1.2625590694070133e-9
0.34078327586883134	1.2831221474015644e-9
0.34878327586883157	1.3041938620372574e-9
0.35678327586883174	1.325791272523917e-9
0.3647832758688319	1.3479321628228372e-9
0.37278327586883214	1.3706350793651192e-9
0.3807832758688323	1.3939193711262872e-9
0.38878327586883255	1.4178052322333566e-9
0.3967832758688327	1.4423137472959486e-9
0.4047832758688329	1.4674669396706265e-9
0.4127832758688331	1.4932878228867128e-9
0.4207832758688333	1.5198004554830837e-9
0.42878327586883347	1.5470299995293367e-9
0.4367832758688337	1.5750027831310406e-9
0.44478327586883387	1.603746367248485e-9
0.4527832758688341	1.633289617191683e-9
0.4607832758688343	1.6636627791918909e-9
0.46878327586883445	1.694897562492379e-9
0.4767832758688347	1.7270272274493735e-9
0.48478327586883485	1.7600866801891948e-9
0.492783275868835	1.794112574430503e-9
0.5007832758688352	1.8291434211528758e-9
0.5087832758688354	1.8652197068767588e-9
0.5167832758688357	1.902384021416849e-9
0.5247832758688358	1.9406811960834974e-9
0.532783275868836	1.9801584534398486e-9
0.5407832758688362	2.0208655698774985e-9
0.5487832758688365	2.062855052457432e-9
0.5567832758688366	2.106182331681813e-9
0.5647832758688368	2.1509059721218697e-9
0.572783275868837	2.1970879031398114e-9
0.5807832758688372	2.2447936723177932e-9
0.5887832758688374	2.294092724661176e-9
0.5967832758688376	2.3450587111939595e-9
0.6047832758688377	2.397769831236037e-9
0.612783275868838	2.4523092134737187e-9
0.6207832758688382	2.5087653419436256e-9
0.6287832758688383	2.5672325342936546e-9
0.6367832758688385	2.627811481221979e-9
0.6447832758688388	2.690609857900945e-9
0.6527832758688389	2.7557430205631438e-9
0.6607832758688391	2.82333480438247e-9
0.6687832758688393	2.8935184424759706e-9
0.6767832758688396	2.9664376304792833e-9
0.6847832758688397	3.0422477669553542e-9
0.6927832758688399	3.1211174071982726e-9
0.7007832758688401	3.2032299771947504e-9
0.7087832758688403	3.2887858061125774e-9
0.7167832758688405	3.37800455035489e-9
0.7247832758688407	3.4711281007799358e-9
0.7327832758688408	3.5684240882039227e-9
0.7407832758688411	3.670190132135802e-9
0.7487832758688413	3.776759015574009e-9
0.7567832758688414	3.888505016847645e-9
0.7647832758688416	4.005851690749352e-9
0.7727832758688419	4.129281469222449e-9
0.780783275868842	4.2593475512913805e-9
0.7887832758688422	4.396688678733477e-9
0.7967832758688425	4.54204755583598e-9
0.8047832758688427	4.696293878281551e-9
0.8127832758688428	4.8604532003481445e-9
0.820783275868843	5.03574320735555e-9
0.8287832758688433	5.223619392371533e-9
0.8367832758688434	5.425832689233475e-9
0.8447832758688436	5.644502322121119e-9
0.8527832758688438	5.882208039132959e-9
0.860783275868844	6.142107059939307e-9
0.8687832758688442	6.428082558015318e-9
0.8767832758688444	6.7449324091709665e-9
0.8847832758688445	7.098609389491779e-9
0.8927832758688448	7.496527150664572e-9
0.900783275868845	7.94795033571116e-9
0.9087832758688451	8.464492375771182e-9
0.9167832758688453	9.060751152324283e-9
0.9247832758688456	9.755121233684448e-9
0.9327832758688458	1.0570832330321282e-8
0.9407832758688459	1.1537277638890143e-8
0.9487832758688461	1.2691713725665312e-8
0.9567832758688462	1.4081436639615323e-8
0.9647832758688463	1.576656844613362e-8
0.9727832758688465	1.782362611225121e-8
0.9807832758688467	2.0350092898746707e-8
0.9887832758688468	2.3470273948231774e-8
0.9967832758688471	2.7342796133765905e-8
1.0047832758688473	3.2170211838337916e-8
1.0127832758688475	3.821129257590435e-8
1.0207832758688478	4.579675782063418e-8
1.0287832758688478	5.5349384979631295e-8
1.036783275868848	6.74096974174049e-8
1.0447832758688482	8.266873945480872e-8
1.0527832758688485	1.0200983202113011e-7
1.0607832758688487	1.265616722165093e-7
1.068783275868849	1.5776570557470365e-7
1.076783275868849	1.9746136914543787e-7
1.0847832758688492	2.479935773321657e-7
1.0927832758688494	3.123476882052161e-7
1.1007832758688496	3.9431811092852903e-7
1.1087832758688498	4.987176247469022e-7
1.11678327586885	6.316352531201916e-7
1.1247832758688503	8.007509731710647e-7
1.1327832758688503	1.0157153374216394e-6
1.1407832758688505	1.2886008081731545e-6
1.1487832758688508	1.6344286720564622e-6
1.156783275868851	2.0717700868979163e-6
1.1647832758688512	2.623411299894902e-6
1.1727832758688514	3.3170605990313507e-6
1.1807832758688515	4.186057659741902e-6
1.1887832758688517	5.270024875307758e-6
1.196783275868852	6.615376489209089e-6
1.2047832758688521	8.275578105011244e-6
1.2127832758688524	1.0311031675970725e-5
1.2207832758688526	1.278845628235228e-5
1.2287832758688526	1.5779650141125942e-5
1.2367832758688528	1.935955956927555e-5
1.244783275868853	2.3603646274487326e-5
1.2510874569016404	2.746372805581256e-5
1.2573916379344268	3.181457157155065e-5
1.2636958189672132	3.6685333380604466e-5
1.2668479094836063	3.932331847695912e-5
1.2684239547418033	4.0694175938569276e-5
1.2700000000000002	4.210009989443849e-5
